0 0.12307692307692308 0.572 0.23717948717948717 0.56 0.24102564102564103 0.404 0.02435897435897436 0.392 0.01282051282051282 0.42 0.016666666666666666 0.576
0 0.09743589743589744 0.756 0.2423076923076923 0.744 0.24615384615384617 0.572 0.015384615384615385 0.596 0.019230769230769232 0.76
0 0.0641025641025641 0.932 0.24487179487179486 0.928 0.24615384615384617 0.756 0.019230769230769232 0.768 0.017948717948717947 0.924
0 0.4923076923076922 0.196 0.4974358974358974 0.052 0.48571428571428577 0.027428571428571445 0.2967032967032967 0.025142857142857224 0.28571428571428575 0.020571428571428668 0.26153846153846144 0.028 0.26538461538461533 0.192
0 0.48205128205128206 0.412 0.49743589743589745 0.388 0.4935897435897436 0.224 0.26153846153846155 0.212 0.26282051282051283 0.392
0 0.4794871794871795 0.588 0.49743589743589745 0.58 0.49615384615384617 0.416 0.2641025641025641 0.404 0.2641025641025641 0.564 0.27307692307692305 0.576
0 0.33076923076923076 0.764 0.4935897435897436 0.76 0.4948717948717949 0.596 0.2641025641025641 0.588 0.2653846153846154 0.768
0 0.4128205128205128 0.948 0.4935897435897436 0.944 0.49743589743589745 0.78 0.2641025641025641 0.78 0.26794871794871794 0.944
0 0.7384615384615385 0.956 0.7435897435897436 0.812 0.732051282051282 0.784 0.5102564102564102 0.764 0.514102564102564 0.92
0 0.7384615384615385 0.772 0.7397435897435898 0.6 0.5102564102564102 0.588 0.5115384615384615 0.752
0 0.7512820512820513 0.588 0.7525641025641026 0.424 0.5230769230769231 0.396 0.5243589743589744 0.568
0 0.7487179487179487 0.412 0.7448717948717949 0.24 0.5192307692307693 0.216 0.5153846153846153 0.252 0.5217948717948718 0.384
0 0.764102564102564 0.22 0.7692307692307693 0.068 0.7545787545787546 0.0525714285714285 0.5347985347985348 0.045714285714285666 0.5318681318681319 0.09828571428571434 0.5296703296703297 0.18971428571428567 0.5304029304029305 0.20571428571428566 0.7362637362637363 0.21714285714285705
0 0.9846153846153847 0.26 1 0.228 1 0.1 0.9413919413919415 0.096 0.7706959706959708 0.07542857142857155 0.7730769230769231 0.248
0 0.9717948717948718 0.436 0.982051282051282 0.34 0.9782051282051282 0.264 0.7512820512820513 0.26 0.7525641025641026 0.416
0 0.9769230769230769 0.628 0.9846153846153847 0.492 0.9756410256410256 0.448 0.7589743589743589 0.436 0.7602564102564102 0.6
0 0.9717948717948718 0.804 0.9730769230769231 0.64 0.7538461538461538 0.62 0.7487179487179487 0.748 0.7576923076923077 0.776 0.8474358974358974 0.808
0 0.9666666666666667 0.98 0.9705128205128205 0.816 0.7461538461538462 0.82 0.7435897435897436 0.964 0.7525641025641026 0.984
0 0.010683760683760677 0.20000000000000007 0.24074074074074078 0.2044444444444445 0.2364672364672365 0.3800000000000001 0.009971509971509999 0.3777777777777778