0 0.5581395348837209 0.6099476439790575 0.5940803382663847 0.599476439790576 0.5909090909090909 0.4869109947643979 0.3953488372093023 0.5052356020942408 0.3985200845665962 0.612565445026178
0 0.3171247357293869 0.6256544502617801 0.39006342494714585 0.6178010471204188 0.39112050739957716 0.5157068062827225 0.3773784355179704 0.49214659685863876 0.19873150105708245 0.5104712041884817 0.20190274841437633 0.6230366492146597
0 0.19661733615221988 0.6308900523560209 0.193446088794926 0.5078534031413613 0.024057738572574195 0.5000902690016248 0.0233287161915871 0.5398086297165553 0.021141649048625793 0.6174399711139194 0.049682875264270614 0.6178010471204188
0 0.19238900634249473 0.7408376963350786 0.18921775898520085 0.6335078534031413 0.022599693810599973 0.6300776313413975 0.018954581905664486 0.6553529517963532 0.02332871619158707 0.7365950532587109 0.08562367864693446 0.743455497382199
0 0.14587737843551796 0.8612565445026178 0.19238900634249473 0.856020942408377 0.18921775898520085 0.743455497382199 0.021870671429612874 0.7492327134861888 0.025515783334548375 0.8557501354035024 0.09408033826638477 0.8638743455497382
0 0.3382663847780127 0.8612565445026178 0.3858350951374207 0.8534031413612565 0.386892177589852 0.7513089005235603 0.1945031712473573 0.756544502617801 0.19978858350951373 0.8638743455497382
0 0.2959830866807611 0.981675392670157 0.39006342494714585 0.9738219895287958 0.39112050739957716 0.8612565445026178 0.20084566596194503 0.8717277486910995 0.20613107822410148 0.9842931937172775
0 0.30021141649048627 0.7460732984293194 0.39006342494714585 0.743455497382199 0.39112050739957716 0.6361256544502618 0.2653276955602537 0.6282722513089005 0.1945031712473573 0.6465968586387435 0.19978858350951373 0.7486910994764397
0 0.587737843551797 0.7303664921465969 0.5898520084566596 0.6413612565445026 0.5739957716701902 0.612565445026178 0.39323467230443976 0.6256544502617801 0.3985200845665962 0.7277486910994765
0 0.5856236786469344 0.8507853403141361 0.5940803382663847 0.8455497382198953 0.5909090909090909 0.7329842931937173 0.4069767441860465 0.7382198952879581 0.3974630021141649 0.7774869109947644 0.3974630021141649 0.8298429319371727 0.4069767441860465 0.8534031413612565
0 0.492600422832981 0.9712041884816754 0.5866807610993657 0.9685863874345549 0.587737843551797 0.8612565445026178 0.3985200845665962 0.8534031413612565 0.39323467230443976 0.8717277486910995 0.3985200845665962 0.9685863874345549
0 0.7716701902748414 0.9712041884816754 0.7801268498942917 0.9502617801047121 0.7748414376321353 0.8638743455497382 0.587737843551797 0.8664921465968587 0.5930232558139535 0.9685863874345549
0 0.7864693446088795 0.8612565445026178 0.7896405919661733 0.7539267015706806 0.5983086680761099 0.7460732984293194 0.6014799154334038 0.8586387434554974
0 0.7906976744186046 0.7460732984293194 0.7928118393234672 0.6413612565445026 0.7854122621564482 0.6335078534031413 0.5961945031712473 0.6361256544502618 0.5993657505285412 0.7382198952879581
0 0.7949260042283298 0.6256544502617801 0.7917547568710359 0.5130890052356021 0.6025369978858351 0.5052356020942408 0.6057082452431289 0.612565445026178
0 0.7822410147991543 0.5052356020942408 0.7949260042283298 0.5 0.7896405919661733 0.387434554973822 0.6099365750528541 0.3769633507853403 0.6014799154334038 0.3612565445026178 0.5961945031712473 0.3743455497382199 0.6014799154334038 0.4973821989528796
0 0.9873150105708245 0.1387434554973822 1 0.12827225130890052 0.9947145877378436 0.015706806282722512 0.9693446088794926 0 0.8097251585623678 0.002617801047120419 0.8150105708245243 0.13612565445026178
0 0.985200845665962 0.2643979057591623 0.9873150105708245 0.1649214659685864 0.9799154334038055 0.1518324607329843 0.8107822410147991 0.14136125654450263 0.7991543340380549 0.1649214659685864 0.7970401691331924 0.24345549738219896 0.8044397463002114 0.2617801047120419
0 0.9788583509513742 0.38481675392670156 0.9873150105708245 0.35340314136125656 0.9841437632135307 0.27225130890052357 0.8012684989429175 0.2696335078534031 0.8023255813953488 0.3769633507853403
0 0.904862579281184 0.5104712041884817 0.9799154334038055 0.5026178010471204 0.9830866807610994 0.39528795811518325 0.7970401691331924 0.4005235602094241 0.7980972515856237 0.5130890052356021
0 0.8350951374207188 0.6413612565445026 0.9735729386892178 0.6178010471204188 0.985200845665962 0.5942408376963351 0.985200845665962 0.5104712041884817 0.8023255813953488 0.5287958115183246 0.8012684989429175 0.6413612565445026
0 0.879492600422833 0.8717277486910995 0.9778012684989429 0.8534031413612565 0.9788583509513742 0.7513089005235603 0.7949260042283298 0.7617801047120419 0.7959830866807611 0.8743455497382199
0 0.8879492600422833 0.7513089005235603 0.9778012684989429 0.743455497382199 0.9788583509513742 0.6413612565445026 0.9587737843551797 0.6282722513089005 0.7949260042283298 0.6518324607329843 0.7980972515856237 0.7539267015706806
0 0.8202959830866807 0.9869109947643979 0.9503171247357294 0.9790575916230366 0.9619450317124736 0.9554973821989529 0.9640591966173362 0.8769633507853403 0.9503171247357294 0.8638743455497382 0.7832980972515856 0.8795811518324608 0.7801268498942917 0.9764397905759162
0 0.15856236786469344 0.9921465968586387 0.19873150105708245 0.9712041884816754 0.19556025369978858 0.8638743455497382 0.09725158562367865 0.8769633507853403 0.024786760953561263 0.871998555695974 0.026244805715535457 0.985737497743275
0 0.19173288619960624 0.39357284708431145 0.02041262666763871 0.3773244267918397 0.02114164904862578 0.4910633688391408 0.19173288619960627 0.509117169164109
0 0.19610702048552892 0.373713666726846 0.38711088430414814 0.37551904675934283 0.3914850185900707 0.4784257086116628 0.19464897572355475 0.49106336883914053
0 0.5905081285995479 0.37732442679183964 0.3980462200189546 0.37551904675934283 0.3980462200189545 0.4982848889691278 0.5948822628854706 0.48925798880664356
0 0.6203980462200189 0.13179274237226932 0.6160239119340964 0.019859180357465197 0.8099438652766641 0.01624842029247154 0.8099438652766642 0.1281819823072756
0 0.6043595538383028 0.13901426250225668 0.6065466209812642 0.24914244448456402 0.7720347014653349 0.25275320454955763 0.7946343952759349 0.20400794367214295 0.7953634176569221 0.1444304025997472
0 0.6080046657432383 0.25636396461455135 0.6072756433622513 0.3791298068243365 0.8026536414667929 0.3827405668893301 0.7990085295618574 0.26900162484202916