0 0.17851239669421487 0.0660377358490566 0.17768595041322313 0.0026954177897574125 0.04628099173553719 0.0013477088948787063 0.047107438016528926 0.06199460916442048
0 0.32066115702479336 0.07412398921832884 0.31983471074380165 0.01078167115902965 0.19586776859504132 0.005390835579514825 0.18677685950413223 0.022911051212938006 0.18925619834710744 0.07008086253369272
0 0.3669421487603306 0.07142857142857142 0.4669421487603306 0.0646900269541779 0.46942148760330576 0.004043126684636119 0.33801652892561984 0.008086253369272238 0.3371900826446281 0.07142857142857142
0 0.6016528925619835 0.07142857142857142 0.6099173553719008 0.0660377358490566 0.6090909090909091 0.008086253369272238 0.47768595041322315 0.009433962264150943 0.4818181818181818 0.0673854447439353
0 0.740495867768595 0.06064690026954178 0.7446280991735538 0.0026954177897574125 0.6148760330578512 0.006738544474393531 0.6157024793388429 0.05929919137466307
0 0.8760330578512396 0.07681940700808626 0.8752066115702479 0.018867924528301886 0.7644628099173554 0.01078167115902965 0.7553719008264462 0.01752021563342318 0.7578512396694215 0.07277628032345014
0 1 0.10107816711590296 0.9975206611570248 0.0431266846361186 0.952892561983471 0.026954177897574125 0.8876033057851239 0.02021563342318059 0.8826446280991735 0.07412398921832884 0.8884297520661157 0.08086253369272237
0 0.9933884297520661 0.16307277628032346 1 0.1334231805929919 0.9975206611570248 0.10242587601078167 0.8842975206611571 0.09299191374663072 0.8834710743801653 0.14824797843665768
0 0.8710743801652893 0.14420485175202155 0.8735537190082645 0.0862533692722372 0.7520661157024794 0.08490566037735849 0.7528925619834711 0.14016172506738545
0 0.6479338842975206 0.13881401617250674 0.7429752066115702 0.13746630727762804 0.7471074380165289 0.08490566037735849 0.6190082644628099 0.08086253369272237 0.6165289256198347 0.13881401617250674
0 0.5520661157024793 0.13881401617250674 0.6041322314049586 0.13746630727762804 0.6066115702479339 0.07951482479784366 0.47603305785123967 0.07951482479784366 0.4768595041322314 0.13746630727762804
0 0.43636363636363634 0.13881401617250674 0.46942148760330576 0.1334231805929919 0.4669421487603306 0.07547169811320754 0.3338842975206612 0.08221024258760108 0.33801652892561984 0.14016172506738545
0 0.3256198347107438 0.14150943396226415 0.32727272727272727 0.08490566037735849 0.31983471074380165 0.07816711590296496 0.19173553719008266 0.07951482479784366 0.19421487603305784 0.14016172506738545
0 0.17520661157024794 0.13881401617250674 0.17272727272727273 0.07277628032345014 0.050413223140495865 0.0646900269541779 0.04297520661157025 0.07142857142857142 0.045454545454545456 0.1293800539083558
0 0.1768595041322314 0.20350404312668463 0.18512396694214875 0.192722371967655 0.1834710743801653 0.14690026954177898 0.17768595041322313 0.14016172506738545 0.0512396694214876 0.13881401617250674 0.05206611570247934 0.1967654986522911
0 0.31735537190082647 0.20619946091644206 0.3256198347107438 0.20080862533692723 0.3231404958677686 0.14555256064690028 0.19173553719008266 0.1495956873315364 0.19586776859504132 0.20485175202156333
0 0.4462809917355372 0.20619946091644206 0.47107438016528924 0.20080862533692723 0.46859504132231405 0.14555256064690028 0.33884297520661155 0.14690026954177898 0.3446280991735537 0.20754716981132076
0 0.5884297520661157 0.20350404312668463 0.6082644628099173 0.19811320754716982 0.6074380165289256 0.14285714285714285 0.47603305785123967 0.1495956873315364 0.47851239669421486 0.20485175202156333
0 0.6628099173553719 0.20619946091644206 0.7396694214876033 0.20215633423180593 0.7421487603305785 0.14690026954177898 0.6132231404958678 0.14690026954177898 0.6157024793388429 0.20485175202156333
0 0.8677685950413223 0.21159029649595687 0.8702479338842976 0.15633423180592992 0.7487603305785124 0.1495956873315364 0.7479338842975206 0.20215633423180593
0 0.9900826446280991 0.22506738544474394 0.9950413223140496 0.1792452830188679 0.9892561983471074 0.16711590296495957 0.903305785123967 0.15363881401617252 0.8793388429752066 0.16037735849056603 0.8743801652892562 0.20350404312668463 0.8801652892561983 0.21024258760107817
0 0.8611570247933884 0.2816711590296496 0.8661157024793389 0.23045822102425875 0.8586776859504133 0.22371967654986524 0.8041322314049587 0.21293800539083557 0.743801652892562 0.2196765498652291 0.7446280991735538 0.2749326145552561
0 0.9818181818181818 0.29514824797843664 0.9900826446280991 0.25471698113207547 0.987603305785124 0.2371967654986523 0.903305785123967 0.22371967654986524 0.8727272727272727 0.23045822102425875 0.8735537190082645 0.2830188679245283
0 0.7008264462809918 0.27088948787061995 0.7347107438016529 0.2668463611859838 0.7371900826446282 0.21428571428571427 0.6099173553719008 0.21428571428571427 0.6123966942148761 0.2695417789757412
0 0.484297520661157 0.27628032345013476 0.5958677685950413 0.2749326145552561 0.6016528925619835 0.27088948787061995 0.6033057851239669 0.2196765498652291 0.47520661157024796 0.215633423180593 0.4727272727272727 0.27628032345013476
0 0.35206611570247937 0.27897574123989216 0.4537190082644628 0.2776280323450135 0.456198347107438 0.2196765498652291 0.3231404958677686 0.2183288409703504 0.32231404958677684 0.27897574123989216
0 0.31074380165289256 0.2816711590296496 0.31735537190082647 0.2628032345013477 0.3148760330578512 0.2210242587601078 0.1834710743801653 0.2169811320754717 0.18429752066115704 0.2749326145552561
0 0.16363636363636364 0.27628032345013476 0.18016528925619835 0.27088948787061995 0.17768595041322313 0.21293800539083557 0.050413223140495865 0.20754716981132076 0.04628099173553719 0.2196765498652291 0.048760330578512395 0.2722371967654987
0 0.1652892561983471 0.35983827493261455 0.16446280991735537 0.2991913746630728 0.07190082644628099 0.29110512129380056 0.03636363636363636 0.29784366576819404 0.03636363636363636 0.3463611859838275 0.043801652892561986 0.3557951482479784
0 0.27768595041322314 0.36253369272237196 0.30247933884297523 0.35714285714285715 0.2983471074380165 0.29649595687331537 0.17024793388429751 0.29784366576819404 0.1743801652892562 0.3557951482479784
0 0.4446280991735537 0.35714285714285715 0.44958677685950416 0.3490566037735849 0.4487603305785124 0.2991913746630728 0.3743801652892562 0.29380053908355797 0.31735537190082647 0.3032345013477089 0.31735537190082647 0.3463611859838275 0.3231404958677686 0.3584905660377358
0 0.5586776859504132 0.35714285714285715 0.5900826446280992 0.3490566037735849 0.587603305785124 0.29649595687331537 0.45950413223140496 0.29514824797843664 0.45867768595041325 0.3504043126684636
0 0.7206611570247934 0.3490566037735849 0.7305785123966942 0.3436657681940701 0.7297520661157024 0.29110512129380056 0.6033057851239669 0.29245283018867924 0.6016528925619835 0.34097035040431267 0.6090909090909091 0.3477088948787062
0 0.8231404958677686 0.35714285714285715 0.8570247933884297 0.3557951482479784 0.8628099173553719 0.3005390835579515 0.740495867768595 0.3005390835579515 0.7413223140495868 0.3504043126684636
0 0.9801652892561984 0.36253369272237196 0.9826446280991735 0.3018867924528302 0.8702479338842976 0.2991913746630728 0.8677685950413223 0.3086253369272237 0.868595041322314 0.3557951482479784
0 0.9702479338842975 0.4299191374663073 0.9785123966942149 0.38409703504043125 0.9727272727272728 0.3719676549865229 0.8818181818181818 0.3611859838274933 0.859504132231405 0.3706199460916442 0.8578512396694215 0.4137466307277628 0.8636363636363636 0.42048517520215634
0 0.8446280991735537 0.42183288409703507 0.8479338842975207 0.37331536388140163 0.8404958677685951 0.3665768194070081 0.7256198347107438 0.36792452830188677 0.7264462809917356 0.41778975741239893
0 0.5041322314049587 0.42452830188679247 0.5793388429752067 0.42048517520215634 0.5818181818181818 0.36522911051212936 0.48512396694214877 0.3638814016172507 0.4512396694214876 0.37331536388140163 0.4537190082644628 0.42587601078167114
0 0.6743801652892562 0.4191374663072776 0.7148760330578512 0.41509433962264153 0.71900826446281 0.36522911051212936 0.5917355371900826 0.36522911051212936 0.5925619834710744 0.42048517520215634
0 0.4380165289256198 0.42452830188679247 0.4388429752066116 0.3638814016172507 0.3181818181818182 0.3638814016172507 0.3074380165289256 0.37331536388140163 0.31157024793388427 0.42587601078167114
0 0.2975206611570248 0.4272237196765499 0.29669421487603304 0.3665768194070081 0.16942148760330578 0.3638814016172507 0.1652892561983471 0.37601078167115903 0.16942148760330578 0.42587601078167114
0 0.15537190082644628 0.4299191374663073 0.15454545454545454 0.3692722371967655 0.032231404958677684 0.3504043126684636 0.02809917355371901 0.35714285714285715 0.032231404958677684 0.42048517520215634
0 0.15702479338842976 0.4919137466307278 0.15619834710743802 0.4339622641509434 0.048760330578512395 0.42048517520215634 0.02809917355371901 0.4272237196765499 0.030578512396694214 0.48247978436657685
0 0.29256198347107437 0.4946091644204852 0.2975206611570248 0.45956873315363883 0.29338842975206614 0.4339622641509434 0.1652892561983471 0.4353099730458221 0.16776859504132233 0.48787061994609165
0 0.36363636363636365 0.48921832884097033 0.4371900826446281 0.48787061994609165 0.4396694214876033 0.4326145552560647 0.3074380165289256 0.4326145552560647 0.3082644628099174 0.48787061994609165
0 0.5355371900826447 0.4865229110512129 0.5776859504132231 0.48247978436657685 0.5801652892561984 0.4326145552560647 0.5429752066115703 0.42587601078167114 0.4512396694214876 0.4353099730458221 0.45206611570247934 0.48787061994609165
0 0.6247933884297521 0.4838274932614555 0.7099173553719008 0.48247978436657685 0.715702479338843 0.4299191374663073 0.6669421487603305 0.42318059299191374 0.5884297520661157 0.4326145552560647 0.5909090909090909 0.48517520215633425
0 0.8363636363636363 0.4865229110512129 0.8421487603305785 0.431266846361186 0.7347107438016529 0.42318059299191374 0.7214876033057851 0.42587601078167114 0.71900826446281 0.4353099730458221 0.71900826446281 0.4784366576819407 0.724793388429752 0.48247978436657685
0 0.9669421487603306 0.48921832884097033 0.9735537190082645 0.45148247978436656 0.9694214876033058 0.4339622641509434 0.8652892561983471 0.42587601078167114 0.8528925619834711 0.46765498652291104 0.8570247933884297 0.48517520215633425
0 0.8396694214876033 0.545822102425876 0.8421487603305785 0.49326145552560646 0.7264462809917356 0.48517520215633425 0.7223140495867768 0.5 0.724793388429752 0.5417789757412399
0 0.9586776859504132 0.5512129380053908 0.9652892561983472 0.5 0.9578512396694215 0.49326145552560646 0.8479338842975207 0.5 0.8487603305785124 0.5471698113207547
0 0.9553719008264463 0.6132075471698113 0.9619834710743802 0.5727762803234502 0.9578512396694215 0.5579514824797843 0.8504132231404958 0.5525606469002695 0.8413223140495868 0.5943396226415094 0.8471074380165289 0.6064690026954178
0 0.9421487603305785 0.6805929919137467 0.9504132231404959 0.6509433962264151 0.9495867768595041 0.6253369272237197 0.8586776859504133 0.6145552560646901 0.8363636363636363 0.6212938005390836 0.8338842975206612 0.6684636118598383
0 0.9355371900826446 0.7425876010781671 0.9454545454545454 0.6940700808625337 0.9330578512396694 0.6873315363881402 0.8355371900826446 0.6765498652291105 0.8264462809917356 0.7183288409703504 0.8305785123966942 0.7331536388140162
0 0.9041322314049587 0.7991913746630728 0.9305785123966942 0.7964959568733153 0.9330578512396694 0.7466307277628033 0.8198347107438017 0.7533692722371967 0.8206611570247934 0.7978436657681941
0 0.8991735537190083 0.8530997304582211 0.9272727272727272 0.8450134770889488 0.9297520661157025 0.8005390835579514 0.8181818181818182 0.8045822102425876 0.815702479338843 0.8517520215633423
0 0.8644628099173554 0.9097035040431267 0.9181818181818182 0.9056603773584906 0.9289256198347108 0.8638814016172507 0.8148760330578513 0.8638814016172507 0.815702479338843 0.9083557951482479
0 0.9008264462809917 0.9582210242587601 0.912396694214876 0.9285714285714286 0.9115702479338843 0.9083557951482479 0.812396694214876 0.9110512129380054 0.8066115702479338 0.9285714285714286 0.8082644628099174 0.9474393530997305 0.8173553719008264 0.9595687331536388
0 0.743801652892562 0.9743935309973046 0.7892561983471075 0.9622641509433962 0.7851239669421488 0.9258760107816711 0.6884297520661157 0.9272237196765498 0.6793388429752066 0.9366576819407008 0.6818181818181818 0.9757412398921833
0 0.7223140495867768 0.9177897574123989 0.7975206611570248 0.9083557951482479 0.8016528925619835 0.8638814016172507 0.7115702479338843 0.8652291105121294 0.6826446280991736 0.8746630727762803 0.6834710743801653 0.9164420485175202
0 0.7024793388429752 0.8638814016172507 0.8008264462809918 0.8544474393530997 0.8066115702479338 0.807277628032345 0.6900826446280992 0.8140161725067385 0.6859504132231405 0.8611859838274932
0 0.7504132231404959 0.8045822102425876 0.8074380165289257 0.7978436657681941 0.8115702479338843 0.7506738544474394 0.6950413223140496 0.7520215633423181 0.6909090909090909 0.761455525606469 0.6933884297520662 0.8059299191374663
0 0.7388429752066116 0.7452830188679245 0.812396694214876 0.7358490566037735 0.8181818181818182 0.6913746630727763 0.7975206611570248 0.6846361185983828 0.6975206611570248 0.7021563342318059 0.6983471074380165 0.7466307277628033
0 0.8066115702479338 0.6671159029649596 0.828099173553719 0.6617250673854448 0.8305785123966942 0.6145552560646901 0.7107438016528925 0.6212938005390836 0.7099173553719008 0.6657681940700808
0 0.743801652892562 0.610512129380054 0.8338842975206612 0.6064690026954178 0.8396694214876033 0.5566037735849056 0.7198347107438017 0.555256064690027 0.715702479338843 0.605121293800539
0 0.6181818181818182 0.545822102425876 0.7115702479338843 0.5417789757412399 0.715702479338843 0.48921832884097033 0.5909090909090909 0.49056603773584906 0.5884297520661157 0.5431266846361186
0 0.6033057851239669 0.610512129380054 0.7099173553719008 0.601078167115903 0.7123966942148761 0.5485175202156334 0.587603305785124 0.555256064690027 0.5867768595041323 0.6078167115902965
0 0.6330578512396694 0.6698113207547169 0.7 0.6630727762803235 0.7057851239669422 0.610512129380054 0.5801652892561984 0.6212938005390836 0.5809917355371901 0.6711590296495957
0 0.6330578512396694 0.7398921832884097 0.6834710743801653 0.7358490566037735 0.6859504132231405 0.6859838274932615 0.6305785123966943 0.6792452830188679 0.5644628099173554 0.6873315363881402 0.5603305785123966 0.6967654986522911 0.5644628099173554 0.7412398921832885
0 0.6495867768595042 0.7991913746630728 0.6834710743801653 0.7951482479784366 0.684297520661157 0.7452830188679245 0.5603305785123966 0.7533692722371967 0.5628099173553719 0.8005390835579514
0 0.6380165289256199 0.8584905660377359 0.6801652892561983 0.8544474393530997 0.6826446280991736 0.807277628032345 0.5603305785123966 0.807277628032345 0.5628099173553719 0.8571428571428571
0 0.5983471074380166 0.9258760107816711 0.671900826446281 0.9191374663072777 0.6760330578512397 0.8638814016172507 0.5537190082644629 0.8746630727762803 0.5545454545454546 0.9245283018867925
0 0.5851239669421487 0.9797843665768194 0.6685950413223141 0.9730458221024259 0.6743801652892562 0.9663072776280324 0.6760330578512397 0.9285714285714286 0.5537190082644629 0.931266846361186 0.552892561983471 0.9757412398921833
0 0.5322314049586777 0.9824797843665768 0.5487603305785124 0.9743935309973046 0.5479338842975207 0.9353099730458221 0.45206611570247934 0.9326145552560647 0.4231404958677686 0.9420485175202157 0.4289256198347107 0.9838274932614556
0 0.5041322314049587 0.9285714285714286 0.5462809917355372 0.9272237196765498 0.5504132231404959 0.8773584905660378 0.42479338842975206 0.8773584905660378 0.4256198347107438 0.9299191374663073
0 0.5504132231404959 0.866576819407008 0.5495867768595041 0.8140161725067385 0.42644628099173554 0.8180592991913747 0.4289256198347107 0.8679245283018868
0 0.5206611570247934 0.807277628032345 0.552892561983471 0.8059299191374663 0.5553719008264463 0.7533692722371967 0.428099173553719 0.7560646900269542 0.4289256198347107 0.8059299191374663
0 0.4396694214876033 0.7479784366576819 0.5495867768595041 0.7466307277628033 0.5537190082644629 0.6913746630727763 0.4289256198347107 0.6873315363881402 0.42644628099173554 0.7398921832884097
0 0.571900826446281 0.6725067385444744 0.5694214876033058 0.6199460916442049 0.4446280991735537 0.623989218328841 0.44545454545454544 0.6738544474393531
0 0.45454545454545453 0.6159029649595688 0.5710743801652892 0.6145552560646901 0.5735537190082645 0.5592991913746631 0.4471074380165289 0.5579514824797843 0.4446280991735537 0.6132075471698113
0 0.45950413223140496 0.5539083557951483 0.5776859504132231 0.5471698113207547 0.5801652892561984 0.4946091644204852 0.5644628099173554 0.48787061994609165 0.45206611570247934 0.49595687331536387 0.44958677685950416 0.545822102425876
0 0.315702479338843 0.5539083557951483 0.43553719008264463 0.5525606469002695 0.43636363636363634 0.4946091644204852 0.3066115702479339 0.49326145552560646 0.30413223140495865 0.545822102425876
0 0.4099173553719008 0.6159029649595688 0.43636363636363634 0.6078167115902965 0.4322314049586777 0.555256064690027 0.30578512396694213 0.5592991913746631 0.30991735537190085 0.6145552560646901
0 0.31735537190082647 0.6805929919137467 0.4305785123966942 0.6765498652291105 0.43305785123966944 0.6212938005390836 0.3066115702479339 0.6226415094339622 0.30413223140495865 0.6752021563342318
0 0.41983471074380163 0.7533692722371967 0.4214876033057851 0.7048517520215634 0.41570247933884297 0.6981132075471698 0.3066115702479339 0.692722371967655 0.29421487603305785 0.7048517520215634 0.29669421487603304 0.7547169811320755
0 0.41818181818181815 0.8153638814016172 0.4190082644628099 0.7574123989218329 0.29421487603305785 0.7641509433962265 0.2983471074380165 0.8140161725067385
0 0.4099173553719008 0.8746630727762803 0.41818181818181815 0.871967654986523 0.41735537190082644 0.8194070080862533 0.2909090909090909 0.8234501347708895 0.29338842975206614 0.8733153638814016
0 0.41818181818181815 0.931266846361186 0.41570247933884297 0.8787061994609164 0.2909090909090909 0.8854447439353099 0.2983471074380165 0.9326145552560647
0 0.3586776859504132 0.9878706199460916 0.4206611570247934 0.9838274932614556 0.4214876033057851 0.9366576819407008 0.2975206611570248 0.9366576819407008 0.3 0.9892183288409704
0 0.2413223140495868 0.9932614555256065 0.29173553719008266 0.9919137466307277 0.29421487603305785 0.944743935309973 0.16859504132231404 0.9366576819407008 0.17107438016528925 0.9865229110512129
0 0.28760330578512394 0.9339622641509434 0.2834710743801653 0.8814016172506739 0.16198347107438016 0.8746630727762803 0.16198347107438016 0.9177897574123989 0.1743801652892562 0.9299191374663073
0 0.28429752066115704 0.871967654986523 0.28760330578512394 0.839622641509434 0.2818181818181818 0.8194070080862533 0.15867768595041323 0.8180592991913747 0.16115702479338842 0.8679245283018868
0 0.28760330578512394 0.8153638814016172 0.28677685950413223 0.7601078167115903 0.16033057851239668 0.7533692722371967 0.16115702479338842 0.8059299191374663
0 0.2892561983471074 0.7533692722371967 0.28677685950413223 0.7008086253369272 0.22231404958677686 0.692722371967655 0.15867768595041323 0.6994609164420486 0.16033057851239668 0.7452830188679245 0.16611570247933885 0.7493261455525606
0 0.29421487603305785 0.6805929919137467 0.29173553719008266 0.6253369272237197 0.1669421487603306 0.6185983827493261 0.16776859504132233 0.6738544474393531
0 0.29421487603305785 0.6212938005390836 0.2950413223140496 0.5633423180592992 0.1669421487603306 0.5566037735849056 0.16942148760330578 0.6118598382749326
0 0.2958677685950413 0.5592991913746631 0.2991735537190083 0.5053908355795148 0.29338842975206614 0.49865229110512127 0.1669421487603306 0.4973045822102426 0.16942148760330578 0.5498652291105122
0 0.15537190082644628 0.5566037735849056 0.15454545454545454 0.49595687331536387 0.02809917355371901 0.4865229110512129 0.032231404958677684 0.5471698113207547
0 0.1537190082644628 0.6159029649595688 0.16198347107438016 0.6132075471698113 0.16198347107438016 0.5862533692722371 0.15289256198347106 0.5579514824797843 0.03305785123966942 0.5512129380053908 0.03884297520661157 0.6091644204851752
0 0.14214876033057852 0.6778975741239892 0.15702479338842976 0.6725067385444744 0.1578512396694215 0.6199460916442049 0.030578512396694214 0.6118598382749326 0.026446280991735537 0.6212938005390836 0.026446280991735537 0.6671159029649596 0.032231404958677684 0.6738544474393531
0 0.13884297520661157 0.7479784366576819 0.13884297520661157 0.6994609164420486 0.13305785123966943 0.6900269541778976 0.019008264462809916 0.6738544474393531 0.013223140495867768 0.6859838274932615 0.017355371900826446 0.7358490566037735
0 0.14049586776859505 0.8153638814016172 0.13801652892561983 0.7601078167115903 0.017355371900826446 0.7412398921832885 0.013223140495867768 0.7506738544474394 0.017355371900826446 0.8059299191374663
0 0.14214876033057852 0.8746630727762803 0.14132231404958678 0.8221024258760108 0.01818181818181818 0.8099730458221024 0.019834710743801654 0.8530997304582211 0.02727272727272727 0.8598382749326146
0 0.15206611570247933 0.9393530997304582 0.15123966942148762 0.889487870619946 0.02975206611570248 0.866576819407008 0.02975206611570248 0.9043126684636119 0.0371900826446281 0.9191374663072777
0 0.15702479338842976 0.9905660377358491 0.15867768595041323 0.9474393530997305 0.15289256198347106 0.9407008086253369 0.03471074380165289 0.9285714285714286 0.03636363636363636 0.9716981132075472 0.043801652892561986 0.9811320754716981