0 0.27364185110663986 0.37341772151898733 0.2796780684104628 0.36075949367088606 0.2746478873239437 0.2869198312236287 0.1448692152917505 0.29324894514767935 0.14989939637826963 0.37130801687763715
0 0.28169014084507044 0.45358649789029537 0.28269617706237427 0.37130801687763715 0.15090543259557343 0.3860759493670886 0.15593561368209255 0.45569620253164556
0 0.28169014084507044 0.5421940928270043 0.28269617706237427 0.459915611814346 0.15090543259557343 0.4620253164556962 0.15593561368209255 0.540084388185654
0 0.2837022132796781 0.6518987341772152 0.2806841046277666 0.5527426160337553 0.1529175050301811 0.5632911392405063 0.15995975855130784 0.6413502109704642
0 0.2837022132796781 0.740506329113924 0.28470824949698187 0.6624472573839663 0.158953722334004 0.6476793248945147 0.1619718309859155 0.7172995780590717
0 0.28772635814889336 0.820675105485232 0.28470824949698187 0.7468354430379747 0.158953722334004 0.7278481012658228 0.1619718309859155 0.8059071729957806
0 0.289738430583501 0.9050632911392406 0.28672032193158953 0.8270042194092827 0.158953722334004 0.820675105485232 0.1619718309859155 0.8987341772151899
0 0.2917505030181087 0.9978902953586498 0.29074446680080485 0.9113924050632911 0.16498993963782696 0.9050632911392406 0.1720321931589537 0.9957805907172996
0 0.42052313883299797 0.9978902953586498 0.42655935613682094 0.9852320675105485 0.4215291750503018 0.9071729957805907 0.29577464788732394 0.9050632911392406 0.2987927565392354 0.9831223628691983
0 0.42052313883299797 0.9008438818565401 0.41951710261569414 0.8227848101265823 0.289738430583501 0.820675105485232 0.2947686116700201 0.8945147679324894
0 0.41448692152917505 0.820675105485232 0.42052313883299797 0.8080168776371308 0.41750503018108653 0.7383966244725738 0.289738430583501 0.7362869198312236 0.2947686116700201 0.8143459915611815
0 0.42052313883299797 0.7320675105485233 0.41750503018108653 0.6540084388185654 0.289738430583501 0.6476793248945147 0.29074446680080485 0.7257383966244726
0 0.41851106639839036 0.6518987341772152 0.4154929577464789 0.5654008438818565 0.30482897384305835 0.5443037974683544 0.2857142857142857 0.5590717299578059 0.2887323943661972 0.6413502109704642
0 0.38832997987927564 0.5464135021097046 0.43158953722334004 0.5443037974683544 0.4346076458752515 0.46624472573839665 0.2977867203219316 0.4578059071729958 0.3028169014084507 0.540084388185654
0 0.4225352112676056 0.4578059071729958 0.42655935613682094 0.41983122362869196 0.41951710261569414 0.37130801687763715 0.289738430583501 0.37763713080168776 0.289738430583501 0.4409282700421941 0.29678068410462777 0.45147679324894513
0 0.4245472837022133 0.37341772151898733 0.42354124748490946 0.29535864978902954 0.2947686116700201 0.27848101265822783 0.289738430583501 0.2974683544303797 0.29275653923541245 0.37130801687763715
0 0.4305835010060362 0.29324894514767935 0.43259557344064387 0.2088607594936709 0.42354124748490946 0.19831223628691982 0.29577464788732394 0.20042194092827004 0.2987927565392354 0.27848101265822783
0 0.41851106639839036 0.19198312236286919 0.41951710261569414 0.10970464135021098 0.28772635814889336 0.11181434599156118 0.29074446680080485 0.189873417721519
0 0.5714285714285714 0.2805907172995781 0.5734406438631791 0.20042194092827004 0.5663983903420523 0.189873417721519 0.4346076458752515 0.1962025316455696 0.43762575452716296 0.27848101265822783
0 0.5633802816901409 0.3691983122362869 0.5663983903420523 0.28270042194092826 0.43762575452716296 0.27848101265822783 0.43259557344064387 0.2974683544303797 0.43259557344064387 0.3438818565400844 0.4396378269617706 0.35864978902953587
0 0.5593561368209256 0.4578059071729958 0.5653923541247485 0.3987341772151899 0.5603621730382293 0.3670886075949367 0.42857142857142855 0.3691983122362869 0.43158953722334004 0.4430379746835443
0 0.5674044265593562 0.5464135021097046 0.56841046277666 0.4641350210970464 0.4386317907444668 0.4578059071729958 0.4396378269617706 0.5443037974683544
0 0.5331991951710262 0.6434599156118144 0.5593561368209256 0.6350210970464135 0.5563380281690141 0.5569620253164557 0.4225352112676056 0.5590717299578059 0.4255533199195171 0.6371308016877637
0 0.5573440643863179 0.7278481012658228 0.5523138832997988 0.6455696202531646 0.4225352112676056 0.6518987341772152 0.4275653923541248 0.7257383966244726
0 0.5633802816901409 0.8164556962025317 0.5603621730382293 0.7341772151898734 0.4305835010060362 0.7362869198312236 0.4336016096579477 0.810126582278481
0 0.5553319919517102 0.9050632911392406 0.5633802816901409 0.8586497890295358 0.5583501006036218 0.8227848101265823 0.42857142857142855 0.8164556962025317 0.4295774647887324 0.8945147679324894
0 0.5050301810865191 0.989451476793249 0.5583501006036218 0.9831223628691983 0.5613682092555332 0.9135021097046413 0.42857142857142855 0.9135021097046413 0.43158953722334004 0.9873417721518988
0 0.6704228269852367 0.9810126582278481 0.6920203419563487 0.977992224607694 0.6925556237659208 0.9683544303797469 0.691549587548617 0.9029535864978903 0.5617709155164238 0.9092827004219409 0.5627769517337277 0.9789029535864979
0 0.7847082494969819 0.9810126582278481 0.823943661971831 0.9789029535864979 0.8289738430583501 0.9050632911392406 0.6961770623742455 0.9092827004219409 0.693158953722334 0.9746835443037974
0 0.9114688128772636 0.989451476793249 0.9567404426559356 0.9873417721518988 0.9617706237424547 0.9177215189873418 0.8329979879275654 0.9177215189873418 0.8360160965794768 0.9873417721518988
0 0.9617706237424547 0.9092827004219409 0.9647887323943662 0.8227848101265823 0.8370221327967807 0.8291139240506329 0.8380281690140845 0.9071729957805907
0 0.8289738430583501 0.9008438818565401 0.8319919517102615 0.8185654008438819 0.7002012072434608 0.8248945147679325 0.7012072434607646 0.8987341772151899
0 0.6921529175050302 0.9008438818565401 0.6981891348088531 0.8544303797468354 0.693158953722334 0.8227848101265823 0.5653923541247485 0.8248945147679325 0.5663983903420523 0.8987341772151899
0 0.7002012072434608 0.8164556962025317 0.6991951710261569 0.7383966244725738 0.5674044265593562 0.7362869198312236 0.56841046277666 0.8185654008438819
0 0.7022132796780685 0.7320675105485233 0.6991951710261569 0.6497890295358649 0.5694164989939637 0.6561181434599156 0.5704225352112676 0.7257383966244726
0 0.8128772635814889 0.7278481012658228 0.8450704225352113 0.7236286919831224 0.8440643863179075 0.6413502109704642 0.7122736418511066 0.6476793248945147 0.7132796780684104 0.7257383966244726
0 0.9758551307847082 0.740506329113924 0.9818913480885312 0.6729957805907173 0.9748490945674044 0.6582278481012658 0.8561368209255533 0.6371308016877637 0.8490945674044266 0.6476793248945147 0.8561368209255533 0.7257383966244726
0 0.9818913480885312 0.6518987341772152 0.9828973843058351 0.5738396624472574 0.8541247484909457 0.5569620253164557 0.8470824949698189 0.5759493670886076 0.8470824949698189 0.6181434599156118 0.8561368209255533 0.6371308016877637
0 0.9859154929577465 0.5717299578059072 0.9889336016096579 0.48945147679324896 0.8571428571428571 0.47890295358649787 0.8551307847082495 0.5464135021097046 0.8621730382293763 0.5569620253164557
0 0.9899396378269618 0.4831223628691983 0.9959758551307847 0.4578059071729958 0.9929577464788732 0.4008438818565401 0.8641610318433394 0.3936431025614531 0.8631341964104287 0.3943612207085719 0.8603959859983398 0.4288300973614858 0.864185110663984 0.47257383966244726
0 0.9959758551307847 0.3987341772151899 0.9969818913480886 0.31223628691983124 0.869215291750503 0.310126582278481 0.8722334004024145 0.3924050632911392
0 0.9919517102615694 0.310126582278481 1 0.30168776371308015 0.9989939637826962 0.2320675105485232 0.8943661971830986 0.21518987341772153 0.869215291750503 0.22573839662447256 0.869215291750503 0.29324894514767935 0.8782696177062375 0.3037974683544304
0 0.8672032193158954 0.2890295358649789 0.869215291750503 0.22573839662447256 0.858148893360161 0.1940928270042194 0.7323943661971831 0.19198312236286919 0.7334004024144869 0.2742616033755274
0 0.8591549295774648 0.37763713080168776 0.8672032193158954 0.35232067510548526 0.8661971830985915 0.29535864978902954 0.7303822937625755 0.2805907172995781 0.7334004024144869 0.3670886075949367
0 0.8450704225352113 0.4620253164556962 0.8490945674044266 0.39029535864978904 0.8420523138832998 0.379746835443038 0.727364185110664 0.3628691983122363 0.7122736418511066 0.37763713080168776 0.7152917505030181 0.45147679324894513
0 0.8490945674044266 0.5464135021097046 0.852112676056338 0.4641350210970464 0.7183098591549296 0.4620253164556962 0.721327967806841 0.5443037974683544
0 0.8289738430583501 0.6434599156118144 0.8410462776659959 0.6350210970464135 0.8360160965794768 0.5569620253164557 0.7062374245472837 0.5548523206751055 0.7092555331991952 0.6413502109704642
0 0.6941649899396378 0.6434599156118144 0.6951710261569416 0.5527426160337553 0.5704225352112676 0.5527426160337553 0.5633802816901409 0.5675105485232067 0.5643863179074446 0.6455696202531646
0 0.7062374245472837 0.5421940928270043 0.7142857142857143 0.5253164556962026 0.7132796780684104 0.459915611814346 0.5945674044265593 0.45569620253164556 0.5774647887323944 0.4704641350210971 0.5824949698189135 0.5443037974683544
0 0.7022132796780685 0.4620253164556962 0.710261569416499 0.4240506329113924 0.7072434607645876 0.3755274261603376 0.5734406438631791 0.3649789029535865 0.5744466800804829 0.45147679324894513
0 0.7122736418511066 0.3691983122362869 0.7132796780684104 0.28270042194092826 0.5774647887323944 0.27637130801687765 0.5804828973843058 0.3628691983122363
0 0.7142857142857143 0.27637130801687765 0.7283702213279678 0.2721518987341772 0.7253521126760564 0.18565400843881857 0.5895372233400402 0.1962025316455696 0.5925553319919518 0.27848101265822783
0 0.8390342052313883 0.8122362869198312 0.8380281690140845 0.729957805907173 0.7062374245472837 0.7362869198312236 0.7092555331991952 0.8143459915611815
0 0.9496981891348089 0.820675105485232 0.9678068410462777 0.8122362869198312 0.9708249496981891 0.7426160337552743 0.8430583501006036 0.7362869198312236 0.8440643863179075 0.8185654008438819
0 0.1448692152917505 0.2848101265822785 0.14386317907444668 0.20675105485232068 0.06170355466130113 0.20815752461322073 0.0375586854460094 0.21378340365682139 0.03621730382293761 0.2390998593530238 0.038900067069081175 0.2897327707454289
0 0.11670020120724346 0.37341772151898733 0.1448692152917505 0.3691983122362869 0.14084507042253522 0.29324894514767935 0.044265593561368194 0.29817158931082977 0.04292421193829645 0.37412095639943727
0 0.11267605633802817 0.4620253164556962 0.1488933601609658 0.45358649789029537 0.14386317907444668 0.379746835443038 0.046948356807511755 0.379746835443038 0.046948356807511755 0.450070323488045
0 0.11066398390342053 0.5464135021097046 0.1529175050301811 0.5379746835443038 0.14587525150905434 0.459915611814346 0.042924211938296465 0.4585091420534457 0.044265593561368194 0.5372714486638537
0 0.1488933601609658 0.6434599156118144 0.14788732394366197 0.5569620253164557 0.04963112005365525 0.5625879043600561 0.04963112005365525 0.6329113924050633
0 0.14285714285714285 0.7320675105485233 0.15492957746478872 0.7109704641350211 0.14989939637826963 0.6497890295358649 0.056338028169014086 0.6413502109704642 0.049631120053655275 0.7172995780590717
0 0.14688128772635814 0.8164556962025317 0.1529175050301811 0.7911392405063291 0.14989939637826963 0.7341772151898734 0.052313883299798795 0.728551336146273 0.050972501676727046 0.8101265822784811
0 0.15492957746478872 0.9050632911392406 0.15694164989939638 0.820675105485232 0.05767940979208584 0.8185654008438819 0.059020791415157606 0.8888888888888887
0 0.158953722334004 0.9852320675105485 0.16096579476861167 0.9092827004219409 0.06572769953051644 0.9001406469760902 0.06572769953051642 0.9648382559774966
0 0.21486921529175051 0.2418565400843882 0.12935613682092556 0.08590717299578059
0 0.4897183098591549 0.1469198312236287 0.13724346076458752 0.07987341772151899
0 0.6406237424547283 0.14540084388185653 0.13869215291750506 0.07383966244725738
0 0.6427766599597585 0.055021097046413496 0.13438631790744468 0.0949367088607595
0 0.716441506179937 0.09795057263411697 0.8501006036217305 0.1205545509342978 0.8443518252371371 0.2004219409282701 0.7135671169876402 0.17329716696805306 0.7142857142857144 0.0949367088607595
0 0.7300948548433459 0 0.8651911468812877 0.03616636528028934 0.8594423684966944 0.10699216395418928 0.7279390629491234 0.08288125376732973
0 0.8723771198620294 0.1311030741410488 0.9981316470250073 0.1431585292344786 1 0.22151898734177214 0.8680655360735845 0.21247739602169985
0 0.8716585225639553 0.028631705846895745 0.9988502443230813 0.03465943339361061 0.9988502443230813 0.12206148282097654 0.8730957171601036 0.11904761904761904