0 0.37343358395989973 0.6036269430051814 0.5175438596491229 0.5958549222797928 0.5213032581453634 0.4844559585492228 0.2857142857142857 0.4896373056994819 0.2894736842105263 0.6010362694300518
0 0.7368421052631579 0.24611398963730569 0.7619047619047619 0.20466321243523317 0.7606516290726817 0.13471502590673576 0.5338345864661654 0.14248704663212436 0.5338345864661654 0.22020725388601037 0.5476190476190477 0.24352331606217617
0 0.974937343358396 0.13212435233160622 1 0.12694300518134716 0.993734335839599 0.010362694300518135 0.793233082706767 0 0.7819548872180451 0.018134715025906734 0.7832080200501254 0.12953367875647667
0 0.9774436090225563 0.25647668393782386 0.9874686716791979 0.24093264248704663 0.9874686716791979 0.15803108808290156 0.9736842105263158 0.14507772020725387 0.7706766917293233 0.13989637305699482 0.7644110275689223 0.15803108808290156 0.7706766917293233 0.2538860103626943
0 0.9799498746867168 0.3756476683937824 0.9874686716791979 0.3601036269430052 0.9837092731829574 0.25906735751295334 0.7669172932330827 0.2616580310880829 0.768170426065163 0.36787564766839376
0 0.7619047619047619 0.3704663212435233 0.7644110275689223 0.2616580310880829 0.7556390977443609 0.2538860103626943 0.5388471177944862 0.24611398963730569 0.5401002506265664 0.3626943005181347
0 0.7543859649122807 0.4948186528497409 0.7593984962406015 0.3860103626943005 0.7506265664160401 0.37823834196891193 0.5325814536340853 0.3626943005181347 0.5238095238095238 0.3756476683937824 0.5288220551378446 0.4792746113989637 0.5375939849624061 0.48704663212435234
0 0.8972431077694235 0.5 0.981203007518797 0.48704663212435234 0.9824561403508771 0.3860103626943005 0.7619047619047619 0.3911917098445596 0.7631578947368421 0.5025906735751295
0 0.8070175438596491 0.6295336787564767 0.9611528822055138 0.616580310880829 0.9849624060150376 0.582901554404145 0.9849624060150376 0.5051813471502591 0.9786967418546366 0.49222797927461137 0.768170426065163 0.5181347150259067 0.7669172932330827 0.6295336787564767
0 0.7568922305764411 0.6191709844559585 0.7556390977443609 0.5025906735751295 0.531328320802005 0.4948186528497409 0.5350877192982456 0.6010362694300518
0 0.7543859649122807 0.7331606217616581 0.7556390977443609 0.6269430051813472 0.5238095238095238 0.6191709844559585 0.5300751879699248 0.7305699481865285
0 0.8822055137844611 0.7383419689119171 0.9761904761904762 0.7305699481865285 0.9774436090225563 0.6295336787564767 0.7593984962406015 0.6398963730569949 0.7631578947368421 0.7409326424870466
0 0.8721804511278195 0.8575129533678757 0.9761904761904762 0.8393782383419689 0.9774436090225563 0.7435233160621761 0.7593984962406015 0.7538860103626943 0.7606516290726817 0.8601036269430051
0 0.7493734335839599 0.8471502590673575 0.7506265664160401 0.7409326424870466 0.5238095238095238 0.7435233160621761 0.5275689223057645 0.844559585492228
0 0.44611528822055135 0.8419689119170984 0.5200501253132832 0.8341968911917098 0.518796992481203 0.7227979274611399 0.29949874686716793 0.7253886010362695 0.2882205513784461 0.7590673575129534 0.2882205513784461 0.8212435233160622 0.29699248120300753 0.8393782383419689
0 0.23308270676691728 0.8471502590673575 0.2756892230576441 0.8367875647668394 0.2744360902255639 0.7357512953367875 0.0543024227234754 0.7484168105929762 0.0570871623503203 0.8549222797927464
0 0.18295739348370932 0.7302820955670696 0.2794486215538847 0.72769142199194 0.28070175438596495 0.6214738054116291 0.05012531328320806 0.6318364997121473 0.05012531328320798 0.7455382843983883
0 0.19799498746867167 0.6139896373056994 0.2794486215538847 0.6062176165803109 0.2807017543859649 0.5051813471502591 0.2694235588972431 0.48704663212435234 0.05012531328320802 0.5051813471502591 0.05889724310776942 0.616580310880829
0 0.5137844611528822 0.7176165803108808 0.5162907268170426 0.6347150259067358 0.5050125313283208 0.6062176165803109 0.2832080200501253 0.6139896373056994 0.2869674185463659 0.7150259067357513
0 0.14786967418546365 0.966321243523316 0.2769423558897243 0.9585492227979274 0.2807017543859649 0.8523316062176166 0.058479532163742645 0.8635578583765113 0.05569479253689782 0.9182498560736903 0.0543024227234754 0.9671848013816927
0 0.5137844611528822 0.9507772020725389 0.5100250626566416 0.844559585492228 0.2894736842105263 0.8393782383419689 0.2832080200501253 0.8575129533678757 0.2894736842105263 0.9533678756476683
0 0.7368421052631579 0.9559585492227979 0.7380952380952381 0.8497409326424871 0.5225563909774437 0.844559585492228 0.5137844611528822 0.8730569948186528 0.5137844611528822 0.9404145077720207 0.525062656641604 0.9585492227979274
0 0.8020050125313283 0.9715025906735751 0.943609022556391 0.9637305699481865 0.9573934837092731 0.9352331606217616 0.9598997493734336 0.8626943005181347 0.7443609022556391 0.8730569948186528 0.7406015037593985 0.9689119170984456
0 0.5119942713927677 0.36565507031828276 0.2892946652345149 0.3730569948186529 0.2907268170426065 0.48408586232420436 0.5234514858575009 0.4692820133234641 0.5213032581453634 0.3597335307179867
0 0.054421768707483 0.36565507031828276 0.2814178302900107 0.35825314581791273 0.2771213748657358 0.4678016284233901 0.05585392051557467 0.47668393782383417
0 0.5506623702112424 0.010362694300518152 0.5520945220193341 0.12435233160621761 0.7747941281775869 0.11991117690599558 0.7755102040816327 0.01332346410066619