0 0.2857142857142857 0.14102564102564102 0.3918857403917069 0.1442921135534198 0.3890977443609023 0.004273504273504274 0.2565789473684211 0 0.2575187969924812 0.13247863247863248
0 0.34022556390977443 0.2948717948717949 0.3881578947368421 0.28205128205128205 0.3890977443609023 0.14957264957264957 0.2556390977443609 0.14957264957264957 0.25845864661654133 0.2905982905982906
0 0.08082706766917293 0.9102564102564102 0.1325187969924812 0.905982905982906 0.13345864661654136 0.782051282051282 0.015037593984962405 0.7649572649572649 0.017857142857142856 0.8974358974358975
0 0.3383458646616541 0.7905982905982906 0.4069548872180451 0.7777777777777778 0.40977443609022557 0.6111111111111112 0.2725563909774436 0.6367521367521367 0.27349624060150374 0.7863247863247863
0 0.4774436090225564 0.7905982905982906 0.5479323308270677 0.7863247863247863 0.5507518796992481 0.6367521367521367 0.41541353383458646 0.6367521367521367 0.4201127819548872 0.7948717948717948
0 0.49624060150375937 0.5683760683760684 0.5347744360902256 0.5555555555555556 0.5413533834586466 0.4230769230769231 0.39849624060150374 0.43162393162393164 0.4031954887218045 0.5726495726495726
0 0.6409774436090225 0.4658119658119658 0.6964285714285714 0.452991452991453 0.6992481203007519 0.3034188034188034 0.5601503759398496 0.31196581196581197 0.5601503759398496 0.41452991452991456 0.568609022556391 0.452991452991453
0 0.6973684210526315 0.6111111111111112 0.6983082706766918 0.4358974358974359 0.6306390977443609 0.4700854700854701 0.5601503759398496 0.44871794871794873 0.5629699248120301 0.6153846153846154
0 0.7913533834586466 0.47435897435897434 0.8392857142857143 0.46153846153846156 0.8421052631578947 0.3547008547008547 0.8364661654135338 0.31196581196581197 0.7030075187969925 0.32051282051282054 0.7058270676691729 0.4700854700854701
0 0.8233082706766918 0.6282051282051282 0.8421052631578947 0.6111111111111112 0.8411654135338346 0.46153846153846156 0.7030075187969925 0.4829059829059829 0.7058270676691729 0.6239316239316239
0 0.9887218045112782 0.14102564102564102 0.9896616541353384 0 0.8590225563909775 0.004273504273504274 0.8637218045112782 0.13675213675213677
0 0.9736842105263158 0.3034188034188034 0.9868421052631579 0.2863247863247863 0.9859022556390977 0.1452991452991453 0.8552631578947368 0.14957264957264957 0.8515037593984962 0.2863247863247863 0.8580827067669173 0.29914529914529914
0 0.9548872180451128 0.6367521367521367 0.9793233082706767 0.6111111111111112 0.9765037593984962 0.47863247863247865 0.8439849624060151 0.47435897435897434 0.8421052631578947 0.6111111111111112 0.8486842105263158 0.6410256410256411
0 0.9736842105263158 0.9957264957264957 0.974624060150376 0.8632478632478633 0.8364661654135338 0.8846153846153846 0.8411654135338346 1
0 0.7481203007518797 0.9529914529914529 0.8298872180451128 0.9487179487179487 0.8345864661654135 0.8247863247863247 0.6973684210526315 0.8076923076923077 0.7020676691729323 0.9487179487179487
0 0.8345864661654135 0.7991452991452992 0.8364661654135338 0.6538461538461539 0.8298872180451128 0.6324786324786325 0.6992481203007519 0.6452991452991453 0.700187969924812 0.7948717948717948
0 0.631578947368421 0.8076923076923077 0.6926691729323309 0.8034188034188035 0.6973684210526315 0.6367521367521367 0.5582706766917294 0.6282051282051282 0.5610902255639098 0.8034188034188035
0 0.6109022556390977 0.9529914529914529 0.6926691729323309 0.9487179487179487 0.6954887218045113 0.8076923076923077 0.5582706766917294 0.8076923076923077 0.5592105263157895 0.9487179487179487
0 0.43609022556390975 0.9444444444444444 0.5441729323308271 0.9316239316239316 0.5526315789473685 0.8931623931623932 0.5526315789473685 0.7991452991452992 0.41483405935879003 0.7922602824448135 0.41729323308270677 0.9358974358974359
0 0.11892857142857144 0.38136752136752133 0.12362781954887217 0.13803418803418802
0 0.26785714285714285 0.3730769230769231 0.12652255639097745 0.14136752136752137
0 0.2693045112781955 0.5210256410256411 0.1294172932330827 0.14136752136752137
0 0.4645112781954887 0.3352991452991453 0.13663533834586467 0.15119658119658122
0 0.07157894736842105 0.6853846153846154 0.12146616541353385 0.14794871794871794
0 0.2006203007518797 0.7083760683760684 0.1294172932330827 0.15452991452991452
0 0.20351503759398495 0.8793162393162393 0.1337406015037594 0.15452991452991452
0 0.3408834586466165 0.8744444444444445 0.1337406015037594 0.15119658119658122
0 0.974551764025448 0.3451676528599604 0.8436957779063042 0.3451676528599603 0.8429728166570272 0.5062458908612754 0.974551764025448 0.49309664694280064
0 0.9709369577790629 0.7100591715976332 0.8335743204164258 0.7330703484549639 0.837189126662811 0.9007232084155163 0.9738288027761712 0.8645627876397111
0 0.05886400146056862 0.45831355779508415 0.18949370333196747 0.4473140324080018 0.19110641570075018 0.5939743709024289 0.0637021385669167 0.6123069132142323