0 0.4277227722772277 0.40988372093023256 0.7039603960396039 0.37790697674418605 0.7089108910891089 0.2180232558139535 0.4188118811881188 0.23837209302325582 0.4158415841584158 0.40406976744186046
0 0.7287128712871287 0.4680232558139535 0.9772277227722772 0.45930232558139533 0.9900990099009901 0.438953488372093 0.9900990099009901 0.35755813953488375 0.9712871287128713 0.3023255813953488 0.7138613861386138 0.3081395348837209 0.7089108910891089 0.4622093023255814
0 0.8138613861386138 0.6366279069767442 0.9811881188118812 0.622093023255814 0.9841584158415841 0.4622093023255814 0.7069306930693069 0.48546511627906974 0.7099009900990099 0.6395348837209303
0 0.7841584158415842 0.7994186046511628 0.9792079207920792 0.7790697674418605 0.9881188118811881 0.7645348837209303 0.9881188118811881 0.6366279069767442 0.7089108910891089 0.6482558139534884 0.7099009900990099 0.7965116279069767
0 0.7306930693069307 0.9854651162790697 0.9653465346534653 0.9651162790697675 0.9762376237623762 0.9505813953488372 0.9782178217821782 0.8168604651162791 0.9673267326732673 0.7906976744186046 0.7079207920792079 0.813953488372093 0.700990099009901 0.9622093023255814 0.7138613861386138 0.9883720930232558
0 0.5069306930693069 0.9505813953488372 0.696039603960396 0.9244186046511628 0.7029702970297029 0.7819767441860465 0.6643564356435644 0.7674418604651163 0.4158415841584158 0.7994186046511628 0.4207920792079208 0.9418604651162791
0 0.5247524752475248 0.7819767441860465 0.7 0.7558139534883721 0.700990099009901 0.5959302325581395 0.41386138613861384 0.625 0.4168316831683168 0.7848837209302325
0 0.44554455445544555 0.6191860465116279 0.698019801980198 0.5872093023255814 0.7049504950495049 0.5552325581395349 0.7029702970297029 0.4273255813953488 0.6841584158415842 0.4069767441860465 0.4168316831683168 0.436046511627907 0.4158415841584158 0.6133720930232558
0 0.1405940594059406 0.438953488372093 0.4089108910891089 0.4127906976744186 0.4099009900990099 0.25290697674418605 0.12574257425742574 0.2558139534883721 0.12079207920792079 0.34011627906976744 0.1188118811881188 0.43712316968130926
0 0.22178217821782178 0.6075581395348837 0.404950495049505 0.5872093023255814 0.4099009900990099 0.4331395348837209 0.404950495049505 0.4127906976744186 0.3792079207920792 0.4127906976744186 0.1254125412541254 0.4392764857881136 0.12475247524752475 0.5377906976744186 0.12467913458012468 0.6115417743324719
0 0.2594059405940594 0.7819767441860465 0.4089108910891089 0.7732558139534884 0.4099009900990099 0.6017441860465116 0.1217455078841218 0.6201550387596899 0.11954528786211954 0.7644272179155899 0.18115144847818113 0.7838070628768303 0.19702970297029704 0.7848837209302325
0 0.24752475247524752 0.9563953488372093 0.41089108910891087 0.936046511627907 0.41188118811881186 0.7877906976744186 0.19504950495049506 0.7906976744186046 0.11807847451411808 0.7838070628768301 0.11734506784011733 0.9366925064599482 0.19728639530619727 0.9496124031007751
0 0.12234794908062238 0.0892857142857144 0.41230551626591233 0.06644518272425252 0.4123055162659124 0.2408637873754153 0.1237623762376237 0.25124584717607973
0 0.7121640735502123 0.12666112956810635 0.9936350777934936 0.1287375415282393 0.9943422913719944 0.2948504983388704 0.7142857142857143 0.3010797342192692 0.7142857142857143 0.13704318936877075
0 0.41371994342291374 0.06229235880398676 0.7093352192362095 0.03529900332225908 0.7107496463932109 0.20141196013289042 0.4158415841584159 0.23048172757475088