0 0.4813153961136024 0.12055335968379446 0.4820627802690583 0 0.3213751868460389 0.009881422924901186 0.3213751868460389 0.08102766798418973 0.3266068759342302 0.10276679841897234
0 0.6457399103139013 0.1442687747035573 0.6517189835575485 0.12055335968379446 0.6494768310911808 0 0.4872944693572496 0.001976284584980237 0.48953662182361735 0.1422924901185771
0 0.7877428998505231 0.12450592885375494 0.8363228699551569 0.1225296442687747 0.8415545590433483 0.009881422924901186 0.6696562032884903 0.009881422924901186 0.6763826606875935 0.12648221343873517
0 0.9895366218236173 0.10869565217391304 0.9985052316890882 0.09288537549407115 0.9992526158445441 0 0.8415545590433483 0.001976284584980237 0.843796711509716 0.1067193675889328
0 0.85949177877429 0.2509881422924901 0.9857997010463379 0.2450592885375494 0.992526158445441 0.22332015810276679 0.9940209267563528 0.12450592885375494 0.8946188340807175 0.11067193675889328 0.8467862481315396 0.11462450592885376 0.827354260089686 0.13043478260869565 0.8266068759342302 0.2391304347826087
0 0.7623318385650224 0.24703557312252963 0.8079222720478326 0.24110671936758893 0.8101644245142003 0.12845849802371542 0.6599402092675636 0.12648221343873517 0.648729446935725 0.1482213438735178 0.648729446935725 0.2391304347826087 0.6539611360239163 0.2490118577075099
0 0.6457399103139013 0.2628458498023715 0.6449925261584455 0.14624505928853754 0.5254110612855007 0.1422924901185771 0.4828101644245142 0.15612648221343872 0.48654708520179374 0.25691699604743085
0 0.46038863976083705 0.36561264822134387 0.4828101644245142 0.3616600790513834 0.48056801195814647 0.25691699604743085 0.3243647234678625 0.2628458498023715 0.3295964125560538 0.3557312252964427
0 0.312406576980568 0.3577075098814229 0.31988041853512705 0.2826086956521739 0.3101644245142003 0.2490118577075099 0.2055306427503737 0.21739130434782608 0.15695067264573992 0.23122529644268774 0.15844544095665172 0.3142292490118577 0.16666666666666666 0.33992094861660077
0 0.15695067264573992 0.3339920948616601 0.15695067264573992 0.2509881422924901 0.1517189835575486 0.22134387351778656 0.01046337817638266 0.19960474308300397 0.014947683109118086 0.274703557312253 0.026158445440956652 0.308300395256917
0 0.14648729446935724 0.45652173913043476 0.1696562032884903 0.45454545454545453 0.17339312406576982 0.4407114624505929 0.16666666666666666 0.3438735177865613 0.03811659192825112 0.31225296442687744 0.025411061285500747 0.32608695652173914 0.02765321375186846 0.4308300395256917
0 0.32286995515695066 0.48023715415019763 0.3221225710014948 0.35968379446640314 0.17862481315396114 0.3438735177865613 0.17040358744394618 0.35375494071146246 0.17488789237668162 0.44861660079051385 0.18011958146487295 0.45849802371541504
0 0.4813153961136024 0.4841897233201581 0.4872944693572496 0.4723320158102767 0.4872944693572496 0.38537549407114624 0.48056801195814647 0.3675889328063241 0.3273542600896861 0.36561264822134387 0.3273542600896861 0.4723320158102767 0.3325859491778774 0.48221343873517786
0 0.6502242152466368 0.48023715415019763 0.6547085201793722 0.43280632411067194 0.6494768310911808 0.3715415019762846 0.49177877428998507 0.3814229249011858 0.49028400597907323 0.4644268774703557 0.49551569506726456 0.4782608695652174
0 0.8101644245142003 0.4841897233201581 0.8266068759342302 0.4723320158102767 0.8243647234678625 0.37549407114624506 0.6651718983557549 0.38537549407114624 0.6636771300448431 0.4644268774703557 0.6704035874439462 0.48221343873517786
0 0.9402092675635276 0.4881422924901186 0.9790732436472347 0.48023715415019763 0.9850523168908819 0.4051383399209486 0.9798206278026906 0.3557312252964427 0.828101644245142 0.38537549407114624 0.828101644245142 0.4762845849802372 0.8333333333333334 0.48616600790513836
0 0.757847533632287 0.3774703557312253 0.8243647234678625 0.37549407114624506 0.8266068759342302 0.25889328063241107 0.8213751868460388 0.2450592885375494 0.6606875934230194 0.25889328063241107 0.6621823617339312 0.3577075098814229 0.6674140508221226 0.3794466403162055
0 0.8684603886397608 0.3695652173913043 0.9813153961136024 0.34782608695652173 0.9865470852017937 0.2509881422924901 0.8318385650224215 0.25691699604743085 0.8295964125560538 0.36561264822134387
0 0.9088191330343797 0.6225296442687747 0.984304932735426 0.6086956521739131 0.9850523168908819 0.5039525691699605 0.9738415545590433 0.48616600790513836 0.828101644245142 0.5118577075098815 0.8303437967115097 0.616600790513834
0 0.9715994020926756 0.7213438735177866 0.9805680119581465 0.7134387351778656 0.9835575485799701 0.6778656126482213 0.976831091180867 0.616600790513834 0.8251121076233184 0.6343873517786561 0.8251121076233184 0.6857707509881423 0.8348281016442451 0.7233201581027668
0 0.9312406576980568 0.8280632411067194 0.9723467862481315 0.8221343873517787 0.9790732436472347 0.7292490118577075 0.828101644245142 0.7292490118577075 0.8288490284005979 0.8300395256916996
0 0.8236173393124065 0.9347826086956522 0.9633781763826607 0.9130434782608695 0.9701046337817638 0.8320158102766798 0.8288490284005979 0.8300395256916996 0.8161434977578476 0.8596837944664032 0.8161434977578476 0.9308300395256917
0 0.9581464872944694 0.9980237154150198 0.9618834080717489 0.9130434782608695 0.8736920777279522 0.924901185770751 0.8647234678624813 0.9407114624505929 0.8168908819133034 0.9446640316205533 0.8116591928251121 0.958498023715415 0.8139013452914798 1
0 0.8071748878923767 0.9980237154150198 0.804932735426009 0.9407114624505929 0.6547085201793722 0.958498023715415 0.6554559043348281 1
0 0.6816143497757847 0.950592885375494 0.8094170403587444 0.9407114624505929 0.8146487294469357 0.8517786561264822 0.6599402092675636 0.849802371541502 0.6606875934230194 0.9466403162055336
0 0.7159940209267563 0.8557312252964426 0.8183856502242153 0.8458498023715415 0.8251121076233184 0.8280632411067194 0.8266068759342302 0.7450592885375494 0.8243647234678625 0.7351778656126482 0.8153961136023916 0.7470355731225297 0.6651718983557549 0.7608695652173914 0.6666666666666666 0.8359683794466403 0.6733931240657698 0.857707509881423
0 0.6786248131539612 0.7529644268774703 0.8168908819133034 0.7430830039525692 0.8191330343796711 0.6304347826086957 0.6629297458893871 0.6284584980237155 0.6606875934230194 0.741106719367589
0 0.6786248131539612 0.6264822134387352 0.8139013452914798 0.6205533596837944 0.8176382660687593 0.5118577075098815 0.6629297458893871 0.5098814229249012 0.6576980568011959 0.5395256916996047 0.6591928251121076 0.6185770750988142
0 0.6472346786248132 0.6146245059288538 0.6464872944693573 0.5098814229249012 0.48878923766816146 0.5118577075098815 0.4910313901345291 0.616600790513834
0 0.6457399103139013 0.7134387351778656 0.6524663677130045 0.7114624505928854 0.656203288490284 0.6897233201581028 0.6524663677130045 0.616600790513834 0.5029895366218237 0.616600790513834 0.4992526158445441 0.6343873517786561 0.5007473841554559 0.7094861660079052 0.507473841554559 0.7154150197628458
0 0.6322869955156951 0.8280632411067194 0.656203288490284 0.8201581027667985 0.6524663677130045 0.7154150197628458 0.4992526158445441 0.7252964426877471 0.5029895366218237 0.8260869565217391
0 0.6517189835575485 0.9466403162055336 0.656203288490284 0.9031620553359684 0.6524663677130045 0.8379446640316206 0.5007473841554559 0.8359683794466403 0.5007473841554559 0.9110671936758893 0.5059790732436472 0.9288537549407114
0 0.6502242152466368 0.9980237154150198 0.6494768310911808 0.9486166007905138 0.4992526158445441 0.9347826086956522 0.5 1
0 0.484304932735426 0.6185770750988142 0.4857997010463378 0.5355731225296443 0.48056801195814647 0.5059288537549407 0.32884902840059793 0.5 0.3310911808669656 0.6047430830039525
0 0.4857997010463378 0.7252964426877471 0.48654708520179374 0.6205533596837944 0.33183856502242154 0.6106719367588933 0.33707025411061287 0.7114624505928854
0 0.484304932735426 0.8399209486166008 0.48878923766816146 0.8241106719367589 0.48654708520179374 0.7312252964426877 0.3505231689088191 0.7154150197628458 0.33183856502242154 0.7252964426877471 0.3333333333333333 0.808300395256917 0.33856502242152464 0.8221343873517787
0 0.4798206278026906 0.950592885375494 0.47757847533632286 0.841897233201581 0.37144992526158443 0.8300395256916996 0.3273542600896861 0.8399209486166008 0.33557548579970103 0.9446640316205533
0 0.48878923766816146 0.9980237154150198 0.4880418535127055 0.932806324110672 0.4760837070254111 0.9565217391304348 0.3834080717488789 0.9446640316205533 0.33482810164424515 0.9545454545454546 0.3415545590433483 1
0 0.32585949177877427 0.9980237154150198 0.3236173393124066 0.9090909090909091 0.2055306427503737 0.8853754940711462 0.187593423019432 0.8853754940711462 0.18086696562032886 0.9031620553359684 0.187593423019432 1
0 0.3273542600896861 0.9031620553359684 0.3221225710014948 0.8221343873517787 0.18385650224215247 0.8003952569169961 0.18385650224215247 0.8636363636363636 0.1890881913303438 0.8814229249011858
0 0.3273542600896861 0.8162055335968379 0.3303437967115097 0.733201581027668 0.3251121076233184 0.7154150197628458 0.18236173393124067 0.7015810276679841 0.1890881913303438 0.7944664031620553
0 0.3273542600896861 0.7134387351778656 0.3273542600896861 0.6146245059288538 0.3221225710014948 0.6047430830039525 0.17638266068759342 0.5909090909090909 0.18086696562032886 0.6778656126482213 0.187593423019432 0.6956521739130435
0 0.32286995515695066 0.6027667984189723 0.31913303437967117 0.49407114624505927 0.2100149476831091 0.466403162055336 0.17040358744394618 0.48023715415019763 0.17862481315396114 0.5810276679841897
0 0.16442451420029897 0.5790513833992095 0.16890881913303438 0.5513833992094862 0.16218236173393125 0.47035573122529645 0.02242152466367713 0.4367588932806324 0.02242152466367713 0.5158102766798419 0.030642750373692077 0.5454545454545454
0 0.17638266068759342 0.6897233201581028 0.1726457399103139 0.5849802371541502 0.0343796711509716 0.5553359683794467 0.03587443946188341 0.6383399209486166 0.04110612855007474 0.6521739130434783
0 0.17787742899850523 0.808300395256917 0.17787742899850523 0.7134387351778656 0.1726457399103139 0.6996047430830039 0.03587443946188341 0.658102766798419 0.04110612855007474 0.758893280632411
0 0.17787742899850523 0.8873517786561265 0.18236173393124067 0.883399209486166 0.17862481315396114 0.8102766798418972 0.04484304932735426 0.7687747035573123 0.04708520179372197 0.8379446640316206
0 0.17339312406576982 0.9901185770750988 0.17787742899850523 0.9822134387351779 0.17787742899850523 0.9308300395256917 0.1726457399103139 0.8893280632411067 0.053064275037369206 0.841897233201581 0.03886397608370702 0.8636363636363636 0.044095665171898356 0.9446640316205533
0 0.6496485064712121 0.3597666861719075 0.647982062780269 0.26877470355731226 0.4880418535127055 0.26877470355731226 0.4857997010463378 0.2826086956521739 0.4855775933749182 0.3742350411405052 0.6465233343002186 0.3618336390795309
0 0.007829738771442801 0.0734048560135516 0.14805324222364583 0.10351966873706 0.14876503665741334 0.22021456804065498 0.012100505374047974 0.1957462827028044
0 0.1565947754288561 0.08281573498964802 0.3082069898213396 0.13363448146056836 0.3096305786888746 0.24091850178806695 0.15944195316392623 0.19574628270280447
0 0.31461313972524735 0.13551665725578765 0.4733432984554061 0.144927536231884 0.47547868175670865 0.25409373235460186 0.31674852302654993 0.2559759081498212