0 0.265993265993266 0.20881226053639848 0.2760942760942761 0.19731800766283525 0.2735690235690236 0.12643678160919541 0.1739618406285073 0.12771392081736901 0.17676767676767682 0.18518518518518512 0.1893939393939394 0.210727969348659
0 0.21548821548821548 0.289272030651341 0.2735690235690236 0.2835249042145594 0.27441077441077444 0.21264367816091953 0.1739618406285073 0.21392081736909316 0.17115600448933785 0.2809706257982119
0 0.22053872053872053 0.36973180076628354 0.2735690235690236 0.36398467432950193 0.27441077441077444 0.29310344827586204 0.1711560044893378 0.2873563218390805 0.16133557800224463 0.36398467432950193
0 0.24915824915824916 0.446360153256705 0.2777777777777778 0.4386973180076628 0.2735690235690236 0.367816091954023 0.18097643097643099 0.367816091954023 0.17003367003367004 0.43103448275862066 0.17424242424242425 0.4482758620689655
0 0.2222222222222222 0.5268199233716475 0.2803030303030303 0.524904214559387 0.27946127946127947 0.4540229885057471 0.1734006734006734 0.4540229885057471 0.1776094276094276 0.5287356321839081
0 0.2828282828282828 0.6187739463601533 0.2828282828282828 0.5421455938697318 0.27525252525252525 0.5325670498084292 0.1750841750841751 0.5459770114942529 0.1750841750841751 0.5842911877394636 0.18434343434343434 0.6130268199233716
0 0.2845117845117845 0.7030651340996169 0.28535353535353536 0.6283524904214559 0.1893939393939394 0.6130268199233716 0.17845117845117844 0.6226053639846744 0.17845117845117844 0.6724137931034483 0.18602693602693604 0.6896551724137931
0 0.2878787878787879 0.7758620689655172 0.28703703703703703 0.7088122605363985 0.18771043771043772 0.6896551724137931 0.18013468013468015 0.6992337164750958 0.18013468013468015 0.7413793103448276 0.1893939393939394 0.7662835249042146
0 0.2895622895622896 0.8601532567049809 0.2946127946127946 0.8409961685823755 0.2904040404040404 0.7816091954022989 0.18686868686868688 0.7681992337164751 0.1893939393939394 0.8352490421455939
0 0.2946127946127946 0.9329501915708812 0.29545454545454547 0.8620689655172413 0.19023569023569023 0.8448275862068966 0.19107744107744107 0.9118773946360154 0.25673400673400676 0.9348659003831418
0 0.4090909090909091 0.9291187739463601 0.4090909090909091 0.8639846743295019 0.4031986531986532 0.8582375478927203 0.30134680134680136 0.8563218390804598 0.30134680134680136 0.9099616858237548 0.30892255892255893 0.9272030651340997
0 0.3888888888888889 0.8563218390804598 0.4074074074074074 0.8448275862068966 0.4048821548821549 0.7816091954022989 0.2962962962962963 0.7796934865900383 0.3005050505050505 0.8467432950191571
0 0.4006734006734007 0.7796934865900383 0.4057239057239057 0.7720306513409961 0.4031986531986532 0.7088122605363985 0.2946127946127946 0.6992337164750958 0.29713804713804715 0.7701149425287356
0 0.4006734006734007 0.7030651340996169 0.39646464646464646 0.632183908045977 0.3021885521885522 0.6091954022988506 0.2895622895622896 0.6187739463601533 0.2937710437710438 0.685823754789272
0 0.3956228956228956 0.6302681992337165 0.3930976430976431 0.5517241379310345 0.2878787878787879 0.5306513409961686 0.29208754208754206 0.6091954022988506
0 0.3872053872053872 0.5383141762452107 0.3939393939393939 0.5191570881226054 0.39141414141414144 0.45977011494252873 0.28114478114478114 0.4501915708812261 0.28535353535353536 0.5210727969348659
0 0.39057239057239057 0.4540229885057471 0.3939393939393939 0.3888888888888889 0.38804713804713803 0.37547892720306514 0.28114478114478114 0.36590038314176243 0.27946127946127947 0.43103448275862066 0.28535353535353536 0.44061302681992337
0 0.39730639730639733 0.36973180076628354 0.3947811447811448 0.29118773946360155 0.2845117845117845 0.289272030651341 0.28703703703703703 0.36398467432950193
0 0.39225589225589225 0.289272030651341 0.39141414141414144 0.210727969348659 0.27946127946127947 0.20881226053639848 0.27946127946127947 0.2624521072796935 0.28703703703703703 0.2835249042145594
0 0.3956228956228956 0.2049808429118774 0.3947811447811448 0.12643678160919541 0.3106060606060606 0.11877394636015326 0.2828282828282828 0.13218390804597702 0.28703703703703703 0.20306513409961685
0 0.5202020202020202 0.20881226053639848 0.5193602693602694 0.1111111111111111 0.4166666666666667 0.12643678160919541 0.40404040404040403 0.13984674329501914 0.4065656565656566 0.210727969348659
0 0.5016835016835017 0.29693486590038315 0.5168350168350169 0.289272030651341 0.5168350168350169 0.22796934865900384 0.5109427609427609 0.21455938697318008 0.4006734006734007 0.22030651340996169 0.4015151515151515 0.28735632183908044
0 0.5151515151515151 0.3773946360153257 0.515993265993266 0.2988505747126437 0.40824915824915825 0.29118773946360155 0.4006734006734007 0.3045977011494253 0.4031986531986532 0.3716475095785441
0 0.5084175084175084 0.4616858237547893 0.5092592592592593 0.38697318007662834 0.4048821548821549 0.3716475095785441 0.3939393939393939 0.3850574712643678 0.39814814814814814 0.4482758620689655
0 0.5084175084175084 0.5421455938697318 0.5075757575757576 0.46360153256704983 0.3956228956228956 0.4578544061302682 0.3998316498316498 0.5287356321839081
0 0.5134680134680135 0.6302681992337165 0.5109427609427609 0.5440613026819924 0.398989898989899 0.5459770114942529 0.4015151515151515 0.6168582375478927
0 0.5117845117845118 0.710727969348659 0.5168350168350169 0.6992337164750958 0.515993265993266 0.6360153256704981 0.4048821548821549 0.6245210727969349 0.40235690235690236 0.6379310344827587 0.4065656565656566 0.7011494252873564
0 0.5117845117845118 0.7873563218390804 0.5168350168350169 0.7835249042145593 0.515993265993266 0.7126436781609196 0.4074074074074074 0.710727969348659 0.4099326599326599 0.7777777777777778
0 0.5185185185185185 0.8601532567049809 0.515993265993266 0.789272030651341 0.4074074074074074 0.7950191570881227 0.4132996632996633 0.8620689655172413
0 0.5235690235690236 0.9329501915708812 0.5210437710437711 0.8659003831417624 0.4107744107744108 0.867816091954023 0.4166666666666667 0.9348659003831418
0 0.6212121212121212 0.9367816091954023 0.6363636363636364 0.9252873563218391 0.6338383838383839 0.8659003831417624 0.5252525252525253 0.8716475095785441 0.5294612794612794 0.9348659003831418
0 0.6212121212121212 0.8601532567049809 0.632996632996633 0.8563218390804598 0.6304713804713805 0.7854406130268199 0.5202020202020202 0.7950191570881227 0.5244107744107744 0.8620689655172413
0 0.6296296296296297 0.7835249042145593 0.6304713804713805 0.7126436781609196 0.5202020202020202 0.710727969348659 0.5227272727272727 0.7816091954022989
0 0.5858585858585859 0.710727969348659 0.6338383838383839 0.7088122605363985 0.6346801346801347 0.6379310344827587 0.5202020202020202 0.6379310344827587 0.5227272727272727 0.7049808429118773
0 0.632996632996633 0.6264367816091954 0.6287878787878788 0.5402298850574713 0.5202020202020202 0.5383141762452107 0.5227272727272727 0.6283524904214559
0 0.6380471380471381 0.5344827586206896 0.6388888888888888 0.46360153256704983 0.5252525252525253 0.4578544061302682 0.5260942760942761 0.5287356321839081
0 0.6397306397306397 0.4578544061302682 0.6372053872053872 0.3793103448275862 0.5252525252525253 0.38122605363984674 0.5277777777777778 0.4521072796934866
0 0.6363636363636364 0.3773946360153257 0.6414141414141414 0.36590038314176243 0.6388888888888888 0.2988505747126437 0.5252525252525253 0.3007662835249042 0.5277777777777778 0.37547892720306514
0 0.6346801346801347 0.29310344827586204 0.6321548821548821 0.21455938697318008 0.5185185185185185 0.22030651340996169 0.5227272727272727 0.2950191570881226
0 0.6380471380471381 0.21264367816091953 0.6388888888888888 0.13409961685823754 0.5345117845117845 0.11877394636015326 0.5235690235690236 0.12835249042145594 0.5235690235690236 0.20114942528735633 0.5294612794612794 0.20689655172413793
0 0.7609427609427609 0.21264367816091953 0.7626262626262627 0.13984674329501914 0.7567340067340067 0.13026819923371646 0.6447811447811448 0.1360153256704981 0.648989898989899 0.210727969348659
0 0.7592592592592593 0.29310344827586204 0.7567340067340067 0.21839080459770116 0.6447811447811448 0.22030651340996169 0.6456228956228957 0.2835249042145594
0 0.7306397306397306 0.3773946360153257 0.7575757575757576 0.36973180076628354 0.7567340067340067 0.2988505747126437 0.6430976430976431 0.29310344827586204 0.6473063973063973 0.37547892720306514
0 0.7558922558922558 0.4578544061302682 0.7550505050505051 0.3831417624521073 0.6430976430976431 0.38122605363984674 0.6414141414141414 0.4425287356321839 0.6473063973063973 0.4521072796934866
0 0.7525252525252525 0.5344827586206896 0.7533670033670034 0.45977011494252873 0.6414141414141414 0.4578544061302682 0.6422558922558923 0.5287356321839081
0 0.7424242424242424 0.6264367816091954 0.7474747474747475 0.6226053639846744 0.7466329966329966 0.5478927203065134 0.6439393939393939 0.5478927203065134 0.6346801346801347 0.5689655172413793 0.6346801346801347 0.6149425287356322 0.6405723905723906 0.6283524904214559
0 0.6734006734006734 0.7068965517241379 0.7483164983164983 0.7049808429118773 0.7508417508417509 0.6302681992337165 0.6363636363636364 0.6379310344827587 0.6388888888888888 0.7088122605363985
0 0.6666666666666666 0.7835249042145593 0.7432659932659933 0.7816091954022989 0.7474747474747475 0.710727969348659 0.6346801346801347 0.7145593869731801 0.6372053872053872 0.7816091954022989
0 0.7441077441077442 0.8601532567049809 0.7449494949494949 0.7854406130268199 0.6363636363636364 0.7873563218390804 0.6388888888888888 0.8582375478927203
0 0.7474747474747475 0.9329501915708812 0.7483164983164983 0.8659003831417624 0.6380471380471381 0.8639846743295019 0.6380471380471381 0.9252873563218391 0.6439393939393939 0.9310344827586207
0 0.8316498316498316 0.9329501915708812 0.8619528619528619 0.921455938697318 0.8594276094276094 0.8620689655172413 0.7525252525252525 0.8639846743295019 0.7533670033670034 0.9348659003831418
0 0.8585858585858586 0.8601532567049809 0.8636363636363636 0.8180076628352491 0.8594276094276094 0.789272030651341 0.7508417508417509 0.7911877394636015 0.7516835016835017 0.8544061302681992
0 0.8619528619528619 0.7873563218390804 0.8594276094276094 0.7126436781609196 0.7508417508417509 0.7145593869731801 0.7533670033670034 0.7816091954022989
0 0.8383838383838383 0.7068965517241379 0.8686868686868687 0.6954022988505747 0.8678451178451179 0.632183908045977 0.7558922558922558 0.6302681992337165 0.7584175084175084 0.7011494252873564
0 0.8686868686868687 0.6264367816091954 0.8703703703703703 0.5613026819923371 0.8644781144781145 0.5478927203065134 0.7558922558922558 0.553639846743295 0.7567340067340067 0.6206896551724138
0 0.8232323232323232 0.5383141762452107 0.8644781144781145 0.5325670498084292 0.8703703703703703 0.46551724137931033 0.7592592592592593 0.4540229885057471 0.76010101010101 0.5287356321839081
0 0.8754208754208754 0.4578544061302682 0.8821548821548821 0.40804597701149425 0.8762626262626263 0.37547892720306514 0.7643097643097643 0.3850574712643678 0.7668350168350169 0.4521072796934866
0 0.8703703703703703 0.3773946360153257 0.8745791245791246 0.30268199233716475 0.7609427609427609 0.3007662835249042 0.7634680134680135 0.3716475095785441
0 0.8720538720538721 0.3007662835249042 0.8762626262626263 0.2222222222222222 0.7626262626262627 0.22413793103448276 0.7651515151515151 0.29118773946360155
0 0.8602693602693603 0.21264367816091953 0.8787878787878788 0.20114942528735633 0.8745791245791246 0.12643678160919541 0.7643097643097643 0.1360153256704981 0.7651515151515151 0.21455938697318008
0 0.9966329966329966 0.22030651340996169 0.9991582491582491 0.13793103448275862 0.8804713804713805 0.1475095785440613 0.8804713804713805 0.1896551724137931 0.8880471380471381 0.21455938697318008
0 0.9949494949494949 0.31226053639846746 0.9983164983164983 0.23180076628352492 0.9907407407407407 0.2222222222222222 0.8804713804713805 0.22413793103448276 0.8787878787878788 0.28544061302681994 0.8846801346801347 0.2950191570881226
0 0.9882154882154882 0.39272030651340994 0.9924242424242424 0.31800766283524906 0.8787878787878788 0.3007662835249042 0.877104377104377 0.3544061302681992 0.882996632996633 0.3716475095785441
0 0.9831649831649831 0.4731800766283525 0.98989898989899 0.446360153256705 0.9890572390572391 0.3946360153256705 0.8821548821548821 0.3773946360153257 0.8813131313131313 0.4559386973180077
0 0.9781144781144782 0.5459770114942529 0.9789562289562289 0.47509578544061304 0.8863636363636364 0.45977011494252873 0.8720538720538721 0.46934865900383144 0.8745791245791246 0.5402298850574713
0 0.9814814814814815 0.6302681992337165 0.9865319865319865 0.5574712643678161 0.9806397306397306 0.5440613026819924 0.8796296296296297 0.5478927203065134 0.8737373737373737 0.5689655172413793 0.8796296296296297 0.6245210727969349
0 0.9781144781144782 0.7068965517241379 0.9814814814814815 0.6379310344827587 0.9755892255892256 0.632183908045977 0.8703703703703703 0.6340996168582376 0.8703703703703703 0.6992337164750958 0.8762626262626263 0.7088122605363985
0 0.8821548821548821 0.7873563218390804 0.9739057239057239 0.7854406130268199 0.9814814814814815 0.7145593869731801 0.8712121212121212 0.7126436781609196 0.8686868686868687 0.7758620689655172
0 0.9713804713804713 0.8563218390804598 0.9705387205387206 0.7854406130268199 0.8653198653198653 0.7950191570881227 0.8653198653198653 0.8486590038314177 0.8712121212121212 0.8582375478927203
0 0.9663299663299664 0.9252873563218391 0.9688552188552189 0.8620689655172413 0.8619528619528619 0.867816091954023 0.8644781144781145 0.9272030651340997
0 0.9369023569023569 0.09329501915708813 0.11712121212121211 0.07996168582375479
0 0.8135690235690236 0.09080459770114942 0.11198653198653198 0.08160919540229886
0 0.6968181818181819 0.08578544061302683 0.11856902356902357 0.0849425287356322
0 0.578973063973064 0.07245210727969349 0.11712121212121211 0.09160919540229885
0 0.45015151515151514 0.07911877394636015 0.11272727272727272 0.0749808429118774
0 0.33414141414141413 0.07662835249042145 0.11198653198653198 0.08329501915708812
0 0.22654882154882153 0.08827586206896551 0.09296296296296296 0.07329501915708812