0 0.8659003831417624 0.09566074950690336 0.8697318007662835 0.0621301775147929 0.8591954022988506 0.05128205128205128 0.75 0.03353057199211045 0.735632183908046 0.04043392504930966 0.7327586206896551 0.08284023668639054
0 0.9942528735632183 0.11538461538461539 1 0.07988165680473373 0.9894636015325671 0.07100591715976332 0.907088122605364 0.05917159763313609 0.8716475095785441 0.0621301775147929 0.8706896551724138 0.10256410256410256
0 0.9980842911877394 0.0621301775147929 1 0.03451676528599606 0.9894636015325671 0.023668639053254437 0.8735632183908046 0.01282051282051282 0.8764367816091954 0.055226824457593686
0 0.9942528735632183 0.15680473372781065 0.9952107279693486 0.11637080867850098 0.9204980842911877 0.10848126232741617 0.867816091954023 0.11143984220907298 0.8687739463601533 0.15187376725838264
0 0.8601532567049809 0.19230769230769232 0.8591954022988506 0.14792899408284024 0.7538314176245211 0.13806706114398423 0.7308429118773946 0.13806706114398423 0.7222222222222222 0.14694280078895464 0.7222222222222222 0.1765285996055227 0.7289272030651341 0.1814595660749507
0 0.9904214559386973 0.20216962524654833 0.9961685823754789 0.17455621301775148 0.9913793103448276 0.15976331360946747 0.8659003831417624 0.15483234714003946 0.8668582375478927 0.1952662721893491
0 0.7164750957854407 0.18244575936883628 0.7174329501915708 0.14003944773175542 0.5804597701149425 0.14102564102564102 0.5814176245210728 0.1814595660749507
0 0.5766283524904214 0.1804733727810651 0.5804597701149425 0.14299802761341224 0.5737547892720306 0.13806706114398423 0.44061302681992337 0.1390532544378698 0.4386973180076628 0.17455621301775148 0.4454022988505747 0.1794871794871795
0 0.4367816091954023 0.1765285996055227 0.4339080459770115 0.1341222879684418 0.303639846743295 0.1282051282051282 0.2988505747126437 0.1351084812623274 0.2998084291187739 0.17357001972386588
0 0.28735632183908044 0.17455621301775148 0.29310344827586204 0.15877712031558186 0.2883141762452107 0.1301775147928994 0.16379310344827586 0.126232741617357 0.1532567049808429 0.13708086785009863 0.15134099616858238 0.16666666666666666 0.15804597701149425 0.16962524654832348
0 0.1475095785440613 0.17061143984220908 0.1503831417624521 0.126232741617357 0.05076628352490421 0.11834319526627218 0.017241379310344827 0.1232741617357002 0.018199233716475097 0.16370808678500987
0 0.14367816091954022 0.22189349112426035 0.14655172413793102 0.17751479289940827 0.033524904214559385 0.16568047337278108 0.01532567049808429 0.17258382642998027 0.018199233716475097 0.21104536489151873
0 0.14367816091954022 0.26528599605522685 0.14080459770114942 0.22485207100591717 0.013409961685823755 0.21597633136094674 0.009578544061302681 0.24753451676528598 0.016283524904214558 0.252465483234714
0 0.26436781609195403 0.267258382642998 0.28544061302681994 0.2613412228796844 0.2825670498084291 0.22485207100591717 0.1475095785440613 0.22189349112426035 0.1503831417624521 0.26232741617357
0 0.42528735632183906 0.2692307692307692 0.42432950191570884 0.22682445759368836 0.28735632183908044 0.22781065088757396 0.2921455938697318 0.2682445759368836
0 0.5689655172413793 0.27317554240631164 0.5699233716475096 0.22879684418145957 0.43486590038314177 0.22978303747534518 0.43486590038314177 0.2692307692307692 0.44157088122605365 0.27218934911242604
0 0.7088122605363985 0.27712031558185407 0.7078544061302682 0.23274161735700197 0.5747126436781609 0.23372781065088757 0.5756704980842912 0.27416173570019725
0 0.8448275862068966 0.27712031558185407 0.8477011494252874 0.23668639053254437 0.7480842911877394 0.22682445759368836 0.7126436781609196 0.23175542406311636 0.7174329501915708 0.27218934911242604
0 0.9904214559386973 0.24753451676528598 0.9932950191570882 0.20512820512820512 0.8659003831417624 0.19822485207100593 0.8620689655172413 0.23372781065088757 0.8687739463601533 0.23865877712031558
0 0.8582375478927203 0.23372781065088757 0.85727969348659 0.1932938856015779 0.7346743295019157 0.1814595660749507 0.7241379310344828 0.1863905325443787 0.7203065134099617 0.21794871794871795 0.7270114942528736 0.22485207100591717
0 0.7088122605363985 0.22781065088757396 0.7183908045977011 0.21400394477317555 0.7136015325670498 0.1834319526627219 0.5804597701149425 0.1844181459566075 0.5814176245210728 0.22682445759368836
0 0.49808429118773945 0.22781065088757396 0.5737547892720306 0.22682445759368836 0.578544061302682 0.1863905325443787 0.4386973180076628 0.1863905325443787 0.44157088122605365 0.22682445759368836
0 0.4329501915708812 0.22386587771203156 0.43582375478927204 0.1814595660749507 0.29693486590038315 0.18244575936883628 0.2998084291187739 0.22287968441814596
0 0.28544061302681994 0.22189349112426035 0.2883141762452107 0.17751479289940827 0.15134099616858238 0.17455621301775148 0.15421455938697318 0.21696252465483234
0 0.1417624521072797 0.3126232741617357 0.14942528735632185 0.3067061143984221 0.14655172413793102 0.2682445759368836 0.017241379310344827 0.2613412228796844 0.016283524904214558 0.3037475345167653
0 0.1417624521072797 0.3619329388560158 0.14272030651340997 0.31952662721893493 0.013409961685823755 0.3067061143984221 0.016283524904214558 0.34714003944773175
0 0.13984674329501914 0.40532544378698226 0.14080459770114942 0.36489151873767256 0.03735632183908046 0.34911242603550297 0.013409961685823755 0.3520710059171598 0.014367816091954023 0.3905325443786982
0 0.1417624521072797 0.4467455621301775 0.14272030651340997 0.40631163708086787 0.02586206896551724 0.39250493096646943 0.013409961685823755 0.3974358974358974 0.016283524904214558 0.4339250493096647
0 0.1417624521072797 0.490138067061144 0.14080459770114942 0.4477317554240631 0.01532567049808429 0.4368836291913215 0.018199233716475097 0.47928994082840237
0 0.13984674329501914 0.5335305719921104 0.14080459770114942 0.4911242603550296 0.02586206896551724 0.4812623274161736 0.013409961685823755 0.48619329388560156 0.018199233716475097 0.5266272189349113
0 0.1360153256704981 0.5867850098619329 0.13505747126436782 0.5364891518737672 0.022030651340996167 0.5266272189349113 0.013409961685823755 0.5315581854043393 0.009578544061302681 0.5611439842209073 0.018199233716475097 0.5680473372781065
0 0.1360153256704981 0.626232741617357 0.1417624521072797 0.616370808678501 0.1388888888888889 0.5877712031558185 0.013409961685823755 0.5729783037475346 0.011494252873563218 0.606508875739645 0.018199233716475097 0.6134122287968442
0 0.13984674329501914 0.665680473372781 0.1388888888888889 0.6272189349112426 0.013409961685823755 0.6143984220907298 0.016283524904214558 0.6528599605522682
0 0.13984674329501914 0.7090729783037475 0.14080459770114942 0.6686390532544378 0.013409961685823755 0.6558185404339251 0.013409961685823755 0.6893491124260355 0.020114942528735632 0.6962524654832347
0 0.14367816091954022 0.7485207100591716 0.1388888888888889 0.7120315581854043 0.013409961685823755 0.6992110453648915 0.016283524904214558 0.7357001972386588
0 0.1417624521072797 0.7879684418145957 0.14080459770114942 0.7495069033530573 0.019157088122605363 0.7386587771203156 0.020114942528735632 0.7731755424063116
0 0.15517241379310345 0.8313609467455622 0.1503831417624521 0.7889546351084813 0.04118773946360153 0.7790927021696252 0.028735632183908046 0.7859960552268245 0.031609195402298854 0.8244575936883629
0 0.15517241379310345 0.8708086785009862 0.15421455938697318 0.8323471400394478 0.03065134099616858 0.8293885601577909 0.032567049808429116 0.8570019723865878 0.039272030651340994 0.863905325443787
0 0.16283524904214558 0.908284023668639 0.16187739463601533 0.8717948717948718 0.045019157088122604 0.863905325443787 0.038314176245210725 0.868836291913215 0.045019157088122604 0.9013806706114399
0 0.1685823754789272 0.9477317554240631 0.1657088122605364 0.9112426035502958 0.044061302681992334 0.9023668639053254 0.04885057471264368 0.9349112426035503
0 0.16666666666666666 0.9832347140039448 0.1724137931034483 0.9792899408284024 0.16954022988505746 0.9506903353057199 0.04789272030651341 0.9358974358974359 0.04789272030651341 0.965483234714004 0.05459770114942529 0.9704142011834319 0.11015325670498084 0.9822485207100592
0 0.2950191570881226 0.985207100591716 0.3007662835249042 0.9812623274161736 0.2978927203065134 0.9526627218934911 0.1743295019157088 0.9497041420118343 0.1743295019157088 0.9773175542406312 0.1810344827586207 0.9842209072978304
0 0.41954022988505746 0.9911242603550295 0.42911877394636017 0.9891518737672583 0.42432950191570884 0.9546351084812623 0.30268199233716475 0.9536489151873767 0.3074712643678161 0.9881656804733728
0 0.553639846743295 0.9911242603550295 0.5526819923371648 0.9546351084812623 0.42911877394636017 0.9536489151873767 0.42911877394636017 0.9792899408284024 0.43582375478927204 0.9881656804733728
0 0.6781609195402298 0.9891518737672583 0.6839080459770115 0.9832347140039448 0.6810344827586207 0.9546351084812623 0.5593869731800766 0.9556213017751479 0.5603448275862069 0.9881656804733728
0 0.7720306513409961 0.9911242603550295 0.8093869731800766 0.9881656804733728 0.814176245210728 0.9575936883629191 0.6877394636015326 0.9556213017751479 0.6906130268199234 0.9881656804733728
0 0.8716475095785441 0.9891518737672583 0.9300766283524904 0.9881656804733728 0.9367816091954023 0.9615384615384616 0.9319923371647509 0.9546351084812623 0.814176245210728 0.9595660749506904 0.8170498084291188 0.9901380670611439
0 0.8869731800766284 0.9556213017751479 0.9339080459770115 0.9546351084812623 0.9425287356321839 0.9201183431952663 0.8199233716475096 0.9220907297830375 0.8199233716475096 0.9497041420118343 0.8304597701149425 0.9566074950690335
0 0.814176245210728 0.9556213017751479 0.8170498084291188 0.9191321499013807 0.6934865900383141 0.9181459566074951 0.6944444444444444 0.9526627218934911
0 0.6819923371647509 0.9536489151873767 0.6848659003831418 0.9171597633136095 0.5574712643678161 0.9201183431952663 0.5622605363984674 0.9526627218934911
0 0.5517241379310345 0.9516765285996055 0.5545977011494253 0.9171597633136095 0.42911877394636017 0.9181459566074951 0.43199233716475094 0.9506903353057199
0 0.42337164750957856 0.9536489151873767 0.42432950191570884 0.9211045364891519 0.3074712643678161 0.9132149901380671 0.2988505747126437 0.9181459566074951 0.303639846743295 0.9487179487179487
0 0.29693486590038315 0.9497041420118343 0.2940613026819923 0.9151873767258383 0.17049808429118773 0.9142011834319527 0.1772030651340996 0.9467455621301775
0 0.289272030651341 0.9142011834319527 0.29022988505747127 0.8777120315581854 0.21168582375478928 0.8717948717948718 0.16475095785440613 0.8767258382642998 0.16954022988505746 0.9072978303747534
0 0.42528735632183906 0.9181459566074951 0.4224137931034483 0.8796844181459567 0.2988505747126437 0.878698224852071 0.3017241379310345 0.9132149901380671
0 0.5555555555555556 0.9161735700197239 0.5565134099616859 0.8796844181459567 0.4339080459770115 0.8777120315581854 0.42911877394636017 0.8865877712031558 0.42911877394636017 0.9102564102564102 0.43582375478927204 0.9151873767258383
0 0.6800766283524904 0.9161735700197239 0.6877394636015326 0.9142011834319527 0.6867816091954023 0.8796844181459567 0.5613026819923371 0.8826429980276134 0.5622605363984674 0.9132149901380671
0 0.8122605363984674 0.9181459566074951 0.8151340996168582 0.8816568047337278 0.696360153256705 0.8757396449704142 0.6915708812260536 0.8826429980276134 0.6925287356321839 0.9132149901380671
0 0.9406130268199234 0.9161735700197239 0.9434865900383141 0.8816568047337278 0.8218390804597702 0.8826429980276134 0.8208812260536399 0.9171597633136095
0 0.9406130268199234 0.8806706114398422 0.9482758620689655 0.8747534516765286 0.9454022988505747 0.8422090729783037 0.8266283524904214 0.8422090729783037 0.8237547892720306 0.849112426035503 0.8247126436781609 0.8816568047337278
0 0.814176245210728 0.8806706114398422 0.8170498084291188 0.8441814595660749 0.7212643678160919 0.8382642998027613 0.6915708812260536 0.8431952662721893 0.6944444444444444 0.8757396449704142
0 0.8180076628352491 0.8431952662721893 0.8237547892720306 0.8076923076923077 0.8170498084291188 0.8007889546351085 0.6954022988505747 0.8037475345167653 0.6982758620689655 0.8382642998027613
0 0.9444444444444444 0.8412228796844181 0.9501915708812261 0.8313609467455622 0.9454022988505747 0.8007889546351085 0.8256704980842912 0.8037475345167653 0.828544061302682 0.8422090729783037
0 0.8065134099616859 0.7978303747534516 0.8074712643678161 0.7613412228796844 0.6819923371647509 0.76232741617357 0.6829501915708812 0.7948717948717948
0 0.9348659003831418 0.8017751479289941 0.9482758620689655 0.7978303747534516 0.9473180076628352 0.7613412228796844 0.8199233716475096 0.76232741617357 0.8227969348659003 0.7988165680473372
0 0.8122605363984674 0.7603550295857988 0.8218390804597702 0.7485207100591716 0.8189655172413793 0.7199211045364892 0.6934865900383141 0.7189349112426036 0.6944444444444444 0.757396449704142
0 0.9482758620689655 0.7603550295857988 0.9492337164750958 0.7238658777120316 0.8275862068965517 0.7209072978303748 0.8237547892720306 0.752465483234714 0.8304597701149425 0.757396449704142
0 0.946360153256705 0.7209072978303748 0.9492337164750958 0.6844181459566075 0.8256704980842912 0.6834319526627219 0.828544061302682 0.717948717948718
0 0.8180076628352491 0.7189349112426036 0.8208812260536399 0.6824457593688363 0.6954022988505747 0.6794871794871795 0.696360153256705 0.7159763313609467
0 0.8218390804597702 0.6775147928994083 0.8275862068965517 0.6735700197238659 0.8247126436781609 0.6390532544378699 0.6973180076628352 0.6400394477317555 0.696360153256705 0.6765285996055227
0 0.9501915708812261 0.6814595660749507 0.9492337164750958 0.6429980276134122 0.8295019157088123 0.6420118343195266 0.8304597701149425 0.6785009861932939
0 0.9501915708812261 0.6400394477317555 0.9549808429118773 0.6015779092702169 0.8314176245210728 0.6005917159763313 0.8304597701149425 0.6370808678500987
0 0.8256704980842912 0.6380670611439843 0.8266283524904214 0.5996055226824457 0.6954022988505747 0.5986193293885601 0.6982758620689655 0.6390532544378699
0 0.8295019157088123 0.596646942800789 0.8333333333333334 0.5611439842209073 0.8247126436781609 0.5542406311637081 0.7116858237547893 0.5502958579881657 0.6992337164750958 0.5611439842209073 0.7040229885057471 0.591715976331361
0 0.9540229885057471 0.6005917159763313 0.9616858237547893 0.5769230769230769 0.9549808429118773 0.5581854043392505 0.8352490421455939 0.5571992110453649 0.8381226053639846 0.5976331360946746
0 0.9521072796934866 0.5532544378698225 0.9616858237547893 0.5355029585798816 0.9568965517241379 0.5128205128205128 0.8333333333333334 0.5098619329388561 0.8314176245210728 0.5414201183431953 0.8381226053639846 0.5502958579881657
0 0.8275862068965517 0.5473372781065089 0.8314176245210728 0.5078895463510849 0.8247126436781609 0.504930966469428 0.6992337164750958 0.5059171597633136 0.7021072796934866 0.5443786982248521
0 0.8314176245210728 0.5039447731755424 0.8390804597701149 0.4940828402366864 0.8362068965517241 0.4635108481262327 0.7078544061302682 0.45956607495069035 0.7049808429118773 0.46646942800788954 0.7078544061302682 0.5009861932938856
0 0.9636015325670498 0.5118343195266272 0.9712643678160919 0.48619329388560156 0.9664750957854407 0.47337278106508873 0.842911877394636 0.46055226824457596 0.8419540229885057 0.5009861932938856
0 0.8314176245210728 0.4625246548323471 0.8409961685823755 0.44871794871794873 0.8381226053639846 0.4240631163708087 0.7365900383141762 0.4161735700197239 0.7068965517241379 0.42110453648915186 0.7097701149425287 0.45759368836291914
0 0.9655172413793104 0.4723865877712032 0.9731800766283525 0.46055226824457596 0.9664750957854407 0.42998027613412226 0.8467432950191571 0.42110453648915186 0.8457854406130269 0.45759368836291914
0 0.975095785440613 0.4250493096646943 0.9827586206896551 0.40138067061143984 0.9798850574712644 0.38461538461538464 0.8745210727969349 0.3767258382642998 0.8553639846743295 0.3767258382642998 0.8505747126436781 0.38362919132149903 0.8486590038314177 0.40927021696252464 0.8591954022988506 0.4181459566074951
0 0.8409961685823755 0.4230769230769231 0.8438697318007663 0.3806706114398422 0.7126436781609196 0.3757396449704142 0.7136015325670498 0.41222879684418146
0 0.8390804597701149 0.3796844181459566 0.8400383141762452 0.33925049309664695 0.7519157088122606 0.32938856015779094 0.7068965517241379 0.3343195266272189 0.7097701149425287 0.3708086785009862
0 0.8409961685823755 0.3343195266272189 0.8496168582375478 0.3333333333333333 0.8544061302681992 0.32051282051282054 0.8544061302681992 0.2948717948717949 0.8438697318007663 0.2859960552268245 0.7231800766283525 0.28007889546351084 0.7183908045977011 0.2869822485207101 0.7193486590038314 0.3254437869822485
0 0.9827586206896551 0.33826429980276135 0.9885057471264368 0.3264299802761341 0.985632183908046 0.2958579881656805 0.8563218390804598 0.2869822485207101 0.8591954022988506 0.32938856015779094
0 0.9865900383141762 0.29092702169625245 0.9894636015325671 0.2504930966469428 0.8630268199233716 0.23865877712031558 0.8524904214559387 0.2514792899408284 0.8505747126436781 0.27120315581854043 0.8649425287356322 0.28402366863905326
0 0.8448275862068966 0.27712031558185407 0.8477011494252874 0.23668639053254437 0.7480842911877394 0.22682445759368836 0.7126436781609196 0.23175542406311636 0.7174329501915708 0.27218934911242604
0 0.7049808429118773 0.32840236686390534 0.7164750957854407 0.3106508875739645 0.7164750957854407 0.2869822485207101 0.7078544061302682 0.28205128205128205 0.5766283524904214 0.28500986193293887 0.5814176245210728 0.3234714003944773
0 0.7011494252873564 0.3698224852071006 0.7021072796934866 0.32938856015779094 0.5689655172413793 0.3264299802761341 0.5699233716475096 0.36489151873767256
0 0.7049808429118773 0.41321499013806706 0.7078544061302682 0.3727810650887574 0.5708812260536399 0.373767258382643 0.5756704980842912 0.41222879684418146
0 0.6992337164750958 0.45660749506903353 0.6982758620689655 0.41420118343195267 0.5670498084291188 0.4171597633136095 0.5680076628352491 0.4536489151873767
0 0.6954022988505747 0.5 0.6982758620689655 0.45956607495069035 0.5632183908045977 0.45660749506903353 0.564176245210728 0.49506903353057197
0 0.6839080459770115 0.5433925049309665 0.6934865900383141 0.5414201183431953 0.6925287356321839 0.5029585798816568 0.5814176245210728 0.4970414201183432 0.5613026819923371 0.5019723865877712 0.564176245210728 0.5384615384615384
0 0.6360153256704981 0.5907297830374754 0.6906130268199234 0.5897435897435898 0.6915708812260536 0.5493096646942801 0.5593869731800766 0.5493096646942801 0.5622605363984674 0.5897435897435898
0 0.6340996168582376 0.6321499013806706 0.6886973180076629 0.631163708086785 0.6915708812260536 0.5946745562130178 0.5574712643678161 0.5946745562130178 0.5584291187739464 0.631163708086785
0 0.6915708812260536 0.6715976331360947 0.6886973180076629 0.6331360946745562 0.5574712643678161 0.636094674556213 0.5603448275862069 0.6725838264299803
0 0.6896551724137931 0.7130177514792899 0.6886973180076629 0.6745562130177515 0.5574712643678161 0.6775147928994083 0.5603448275862069 0.7120315581854043
0 0.6877394636015326 0.752465483234714 0.6906130268199234 0.7159763313609467 0.5574712643678161 0.7169625246548323 0.5584291187739464 0.7514792899408284
0 0.6762452107279694 0.7938856015779092 0.6772030651340997 0.7554240631163708 0.5498084291187739 0.7564102564102564 0.5526819923371648 0.7948717948717948
0 0.6896551724137931 0.8412228796844181 0.6886973180076629 0.8007889546351085 0.5632183908045977 0.8017751479289941 0.564176245210728 0.8382642998027613
0 0.6839080459770115 0.878698224852071 0.6896551724137931 0.8471400394477318 0.6810344827586207 0.8422090729783037 0.5613026819923371 0.8412228796844181 0.5613026819923371 0.8747534516765286 0.5680076628352491 0.8777120315581854
0 0.289272030651341 0.8767258382642998 0.28639846743295017 0.8402366863905325 0.16283524904214558 0.8353057199211046 0.16762452107279693 0.8717948717948718
0 0.41954022988505746 0.8767258382642998 0.4185823754789272 0.8402366863905325 0.29310344827586204 0.8412228796844181 0.29310344827586204 0.8708086785009862 0.2998084291187739 0.8757396449704142
0 0.553639846743295 0.878698224852071 0.5593869731800766 0.8471400394477318 0.5507662835249042 0.8422090729783037 0.42911877394636017 0.8412228796844181 0.4339080459770115 0.8777120315581854
0 0.5325670498084292 0.8412228796844181 0.5593869731800766 0.8392504930966469 0.5584291187739464 0.7988165680473372 0.43103448275862066 0.7978303747534516 0.43199233716475094 0.8382642998027613
0 0.41762452107279696 0.8392504930966469 0.41475095785440613 0.7948717948717948 0.289272030651341 0.7958579881656804 0.289272030651341 0.8313609467455622 0.2959770114942529 0.8382642998027613
0 0.28544061302681994 0.8372781065088757 0.2825670498084291 0.7948717948717948 0.15900383141762453 0.7938856015779092 0.16379310344827586 0.834319526627219
0 0.27586206896551724 0.7919132149901381 0.27298850574712646 0.7554240631163708 0.1475095785440613 0.7504930966469427 0.15229885057471265 0.7850098619329389
0 0.4118773946360153 0.7919132149901381 0.40900383141762453 0.7534516765285996 0.28160919540229884 0.7544378698224852 0.28160919540229884 0.7840236686390533 0.2883141762452107 0.7889546351084813
0 0.5421455938697318 0.7919132149901381 0.5478927203065134 0.7879684418145957 0.5450191570881227 0.7534516765285996 0.4157088122605364 0.7544378698224852 0.41379310344827586 0.7840236686390533 0.42049808429118773 0.7909270216962525
0 0.5459770114942529 0.752465483234714 0.5488505747126436 0.7140039447731755 0.41762452107279696 0.7149901380670611 0.42049808429118773 0.7514792899408284
0 0.4118773946360153 0.752465483234714 0.40900383141762453 0.7140039447731755 0.28639846743295017 0.7120315581854043 0.28160919540229884 0.7189349112426036 0.28639846743295017 0.7514792899408284
0 0.2777777777777778 0.7544378698224852 0.2768199233716475 0.7159763313609467 0.14942528735632185 0.7110453648915187 0.1503831417624521 0.747534516765286
0 0.2796934865900383 0.7130177514792899 0.27873563218390807 0.6745562130177515 0.14942528735632185 0.6696252465483234 0.15229885057471265 0.7061143984220908
0 0.41379310344827586 0.7130177514792899 0.4157088122605364 0.6794871794871795 0.40900383141762453 0.6745562130177515 0.2835249042145594 0.6735700197238659 0.28639846743295017 0.7100591715976331
0 0.5478927203065134 0.7130177514792899 0.553639846743295 0.6992110453648915 0.5488505747126436 0.6745562130177515 0.41762452107279696 0.6755424063116371 0.42049808429118773 0.7100591715976331
0 0.5498084291187739 0.6735700197238659 0.5469348659003831 0.6351084812623274 0.41762452107279696 0.636094674556213 0.42049808429118773 0.6725838264299803
0 0.4099616858237548 0.6715976331360947 0.4128352490421456 0.6351084812623274 0.28160919540229884 0.6321499013806706 0.28448275862068967 0.6686390532544378
0 0.2777777777777778 0.6715976331360947 0.27490421455938696 0.6331360946745562 0.1475095785440613 0.6282051282051282 0.14559386973180077 0.6617357001972387 0.15229885057471265 0.6666666666666666
0 0.27586206896551724 0.6321499013806706 0.27490421455938696 0.5897435897435898 0.14559386973180077 0.5848126232741617 0.14367816091954022 0.616370808678501 0.1503831417624521 0.6252465483234714
0 0.41379310344827586 0.6341222879684418 0.4166666666666667 0.5936883629191322 0.2835249042145594 0.5887573964497042 0.28639846743295017 0.6291913214990138
0 0.5517241379310345 0.6341222879684418 0.5526819923371648 0.5936883629191322 0.42432950191570884 0.5897435897435898 0.41954022988505746 0.5986193293885601 0.4224137931034483 0.631163708086785
0 0.2681992337164751 0.5867850098619329 0.27586206896551724 0.5848126232741617 0.27490421455938696 0.5443786982248521 0.15613026819923373 0.5364891518737672 0.14367816091954022 0.5414201183431953 0.1446360153256705 0.5798816568047337
0 0.41379310344827586 0.5907297830374754 0.41762452107279696 0.5512820512820513 0.4109195402298851 0.5463510848126233 0.2796934865900383 0.5473372781065089 0.2796934865900383 0.5749506903353058 0.2883141762452107 0.5838264299802761
0 0.553639846743295 0.5907297830374754 0.5545977011494253 0.5483234714003945 0.42337164750957856 0.5453648915187377 0.42432950191570884 0.5877712031558185
0 0.553639846743295 0.5433925049309665 0.5593869731800766 0.5157790927021696 0.5545977011494253 0.5029585798816568 0.460727969348659 0.4970414201183432 0.421455938697318 0.5019723865877712 0.42624521072796934 0.5404339250493096
0 0.4099616858237548 0.5433925049309665 0.41762452107279696 0.539447731755424 0.4166666666666667 0.5009861932938856 0.28160919540229884 0.5 0.28160919540229884 0.5374753451676528 0.2883141762452107 0.5404339250493096
0 0.24904214559386972 0.539447731755424 0.2777777777777778 0.5374753451676528 0.2768199233716475 0.4990138067061144 0.14559386973180077 0.4921104536489152 0.14846743295019157 0.5325443786982249
0 0.2796934865900383 0.4960552268244576 0.2768199233716475 0.4556213017751479 0.15229885057471265 0.44970414201183434 0.1475095785440613 0.45857988165680474 0.15229885057471265 0.4911242603550296
0 0.41762452107279696 0.4980276134122288 0.4166666666666667 0.4556213017751479 0.28544061302681994 0.45857988165680474 0.28544061302681994 0.490138067061144 0.2921455938697318 0.4970414201183432
0 0.5574712643678161 0.5 0.5584291187739464 0.45956607495069035 0.4281609195402299 0.4536489151873767 0.42337164750957856 0.4625246548323471 0.42337164750957856 0.490138067061144 0.43199233716475094 0.4970414201183432
0 0.5593869731800766 0.45857988165680474 0.5651340996168582 0.4289940828402367 0.5603448275862069 0.4161735700197239 0.45881226053639845 0.41025641025641024 0.4272030651340996 0.4151873767258383 0.4272030651340996 0.4447731755424063 0.43582375478927204 0.4536489151873767
0 0.41954022988505746 0.4546351084812623 0.421455938697318 0.4250493096646943 0.40900383141762453 0.41222879684418146 0.289272030651341 0.41124260355029585 0.29022988505747127 0.4516765285996055
0 0.28160919540229884 0.4546351084812623 0.28448275862068967 0.41420118343195267 0.15134099616858238 0.40927021696252464 0.15229885057471265 0.4477317554240631
0 0.2739463601532567 0.40927021696252464 0.28160919540229884 0.4072978303747535 0.28065134099616856 0.3668639053254438 0.14559386973180077 0.363905325443787 0.14846743295019157 0.40433925049309666
0 0.421455938697318 0.41124260355029585 0.42049808429118773 0.3708086785009862 0.28735632183908044 0.3698224852071006 0.28735632183908044 0.40532544378698226 0.2959770114942529 0.41025641025641024
0 0.5632183908045977 0.41321499013806706 0.5670498084291188 0.3757396449704142 0.5603448275862069 0.3708086785009862 0.4272030651340996 0.3698224852071006 0.4272030651340996 0.40532544378698226 0.43582375478927204 0.41025641025641024
0 0.5613026819923371 0.3678500986193294 0.5622605363984674 0.32741617357001973 0.4272030651340996 0.3264299802761341 0.43007662835249044 0.3668639053254438
0 0.41954022988505746 0.3698224852071006 0.42337164750957856 0.32840236686390534 0.4166666666666667 0.3254437869822485 0.2940613026819923 0.3214990138067061 0.28544061302681994 0.32840236686390534 0.2883141762452107 0.36489151873767256
0 0.2796934865900383 0.36587771203155817 0.28065134099616856 0.3234714003944773 0.15421455938697318 0.3136094674556213 0.1475095785440613 0.3264299802761341 0.14655172413793102 0.35700197238658776
0 0.289272030651341 0.32051282051282054 0.2883141762452107 0.2781065088757396 0.15517241379310345 0.27317554240631164 0.15613026819923373 0.3136094674556213
0 0.4329501915708812 0.3224852071005917 0.43007662835249044 0.2781065088757396 0.2988505747126437 0.27909270216962523 0.2988505747126437 0.3165680473372781 0.3055555555555556 0.31952662721893493
0 0.5670498084291188 0.3224852071005917 0.5747126436781609 0.3165680473372781 0.5699233716475096 0.2781065088757396 0.4367816091954023 0.27909270216962523 0.4396551724137931 0.3214990138067061
0 0.9846743295019157 0.3816568047337278 0.9885057471264368 0.34615384615384615 0.9818007662835249 0.33925049309664695 0.85727969348659 0.3333333333333333 0.8505747126436781 0.3422090729783038 0.853448275862069 0.3767258382642998
0 0.7950766283524904 0.11587771203155818 0.1388505747126437 0.04727810650887574
0 0.22340996168582378 0.1049112426035503 0.14222222222222222 0.046114398422090724
0 0.07950191570881227 0.09684418145956608 0.13662835249042143 0.04842209072978304
0 0.583432332269783 0.09108406500221963 0.5800728370743716 0.13374369038300607 0.7189319718180437 0.1360496160792648 0.7189319718180437 0.12567295044610052 0.6976551689137714 0.09338999069847836
0 0.30011490412342007 0.08186036221718475 0.3997799282539588 0.08531925076157286 0.43897403886709196 0.092237027850349 0.4277757215490539 0.12797887614235923 0.30011490412342 0.12797887614235923
0 0.4456930292579148 0.09108406500221963 0.5789530053425678 0.09569591639473712 0.5778331736107638 0.1360496160792648 0.44233353406250353 0.130284801838618 0.4456930292579149 0.09223702785034903