0 0.8649193548387096 0.225177304964539 0.8639112903225806 0.14184397163120568 0.7479838709677419 0.14716312056737588 0.7530241935483871 0.22340425531914893
0 0.7116935483870968 0.21808510638297873 0.7459677419354839 0.21099290780141844 0.7409274193548387 0.13120567375886524 0.6270161290322581 0.1400709219858156 0.6300403225806451 0.21631205673758866
0 0.6169354838709677 0.21453900709219859 0.6159274193548387 0.13120567375886524 0.5020161290322581 0.13297872340425532 0.5030241935483871 0.20921985815602837
0 0.49798387096774194 0.225177304964539 0.4969758064516129 0.14184397163120568 0.3810483870967742 0.14361702127659576 0.38205645161290325 0.2198581560283688
0 0.37701612903225806 0.225177304964539 0.37600806451612906 0.14184397163120568 0.2620967741935484 0.14361702127659576 0.26713709677419356 0.22340425531914893
0 0.1310483870967742 0.31382978723404253 0.13004032258064516 0.22695035460992907 0.02620967741935484 0.23581560283687944 0.03326612903225806 0.30851063829787234
0 0.24596774193548387 0.3102836879432624 0.2540322580645161 0.30319148936170215 0.2469758064516129 0.23049645390070922 0.13709677419354838 0.23581560283687944 0.14213709677419356 0.3120567375886525
0 0.37298387096774194 0.3102836879432624 0.3719758064516129 0.23049645390070922 0.25806451612903225 0.2322695035460993 0.2610887096774194 0.3049645390070922
0 0.4959677419354839 0.3102836879432624 0.5020161290322581 0.3067375886524823 0.4969758064516129 0.22695035460992907 0.38306451612903225 0.23581560283687944 0.38810483870967744 0.3120567375886525
0 0.6189516129032258 0.3067375886524823 0.6179435483870968 0.22340425531914893 0.5040322580645161 0.22872340425531915 0.5070564516129032 0.30851063829787234
0 0.7338709677419355 0.30319148936170215 0.7459677419354839 0.299645390070922 0.7449596774193549 0.2198581560283688 0.6290322580645161 0.22163120567375885 0.6300403225806451 0.30141843971631205
0 0.8649193548387096 0.3102836879432624 0.8618951612903226 0.23049645390070922 0.75 0.22872340425531915 0.7530241935483871 0.30851063829787234
0 0.9798387096774194 0.3953900709219858 0.9788306451612904 0.3191489361702128 0.8669354838709677 0.324468085106383 0.8699596774193549 0.3971631205673759
0 0.9818548387096774 0.31382978723404253 0.9808467741935484 0.23049645390070922 0.8689516129032258 0.2322695035460993 0.8719758064516129 0.3120567375886525
0 0.9798387096774194 0.4769503546099291 0.9808467741935484 0.40070921985815605 0.8719758064516129 0.3971631205673759 0.8669354838709677 0.4095744680851064 0.8699596774193549 0.4787234042553192
0 0.9616935483870968 0.5656028368794326 0.9798387096774194 0.5549645390070922 0.9768145161290323 0.4787234042553192 0.8669354838709677 0.48404255319148937 0.8699596774193549 0.5638297872340425
0 0.9435483870967742 0.650709219858156 0.9798387096774194 0.6436170212765957 0.9788306451612904 0.5673758865248227 0.8669354838709677 0.5762411347517731 0.8699596774193549 0.6524822695035462
0 0.9334677419354839 0.7322695035460993 0.9788306451612904 0.723404255319149 0.9818548387096774 0.650709219858156 0.8709677419354839 0.6613475177304965 0.8719758064516129 0.7340425531914894
0 0.9012096774193549 0.8173758865248227 0.9828629032258065 0.7978723404255319 0.9838709677419355 0.7287234042553191 0.873991935483871 0.7375886524822695 0.8709677419354839 0.8102836879432624
0 0.8709677419354839 0.973404255319149 0.8719758064516129 0.900709219858156 0.7580645161290323 0.9024822695035462 0.7580645161290323 0.9627659574468085 0.7651209677419355 0.9716312056737588
0 0.8717879977811139 0.9037119860687545 0.8738037613605932 0.8735609924118699 0.872795802674402 0.8700138803645427 0.8687642755154436 0.8168063877727293 0.7520161290322581 0.8209219858156028 0.7570564516129032 0.8936170212765957
0 0.8608870967741935 0.8102836879432624 0.8618951612903226 0.7340425531914894 0.75 0.7393617021276596 0.75 0.799645390070922 0.7570564516129032 0.8120567375886525
0 0.8487903225806451 0.7322695035460993 0.8669354838709677 0.7287234042553191 0.8659274193548387 0.6524822695035462 0.7520161290322581 0.6542553191489362 0.7550403225806451 0.7340425531914894
0 0.8649193548387096 0.6471631205673759 0.8618951612903226 0.5673758865248227 0.75 0.5691489361702128 0.751008064516129 0.648936170212766
0 0.8629032258064516 0.5620567375886525 0.8618951612903226 0.48226950354609927 0.7479838709677419 0.48404255319148937 0.748991935483871 0.5567375886524822
0 0.8629032258064516 0.4804964539007092 0.8598790322580645 0.40425531914893614 0.7479838709677419 0.4024822695035461 0.7459677419354839 0.46631205673758863 0.7530241935483871 0.475177304964539
0 0.8629032258064516 0.39893617021276595 0.8639112903225806 0.3191489361702128 0.7479838709677419 0.31382978723404253 0.748991935483871 0.39361702127659576
0 0.7419354838709677 0.39184397163120566 0.7409274193548387 0.3120567375886525 0.625 0.3067375886524823 0.6280241935483871 0.38652482269503546
0 0.7399193548387096 0.5620567375886525 0.7409274193548387 0.48226950354609927 0.6270161290322581 0.48404255319148937 0.6280241935483871 0.5567375886524822
0 0.7399193548387096 0.4734042553191489 0.7409274193548387 0.3971631205673759 0.6270161290322581 0.39184397163120566 0.6300403225806451 0.46808510638297873
0 0.7439516129032258 0.6471631205673759 0.7429435483870968 0.5673758865248227 0.6290322580645161 0.5726950354609929 0.6320564516129032 0.648936170212766
0 0.6774193548387096 0.7322695035460993 0.7469758064516129 0.7269503546099291 0.7479838709677419 0.6542553191489362 0.6340725806451613 0.6524822695035462 0.6330645161290323 0.7287234042553191
0 0.6532258064516129 0.8173758865248227 0.7429435483870968 0.8085106382978723 0.7479838709677419 0.7358156028368794 0.6360887096774194 0.7340425531914894 0.6350806451612904 0.8173758865248227
0 0.6794354838709677 0.8918439716312057 0.7449596774193549 0.8865248226950354 0.7439516129032258 0.8138297872340425 0.6310483870967742 0.8280141843971631 0.6340725806451613 0.8936170212765957
0 0.7479838709677419 0.9698581560283688 0.7540322580645161 0.9060283687943262 0.7469758064516129 0.8936170212765957 0.6391129032258065 0.898936170212766 0.6421370967741935 0.9716312056737588
0 0.6370967741935484 0.973404255319149 0.6391129032258065 0.9166666666666666 0.6320564516129032 0.8971631205673759 0.5241935483870968 0.9024822695035462 0.5241935483870968 0.9592198581560284 0.53125 0.975177304964539
0 0.5806451612903226 0.8953900709219859 0.6280241935483871 0.8936170212765957 0.6290322580645161 0.824468085106383 0.5181451612903226 0.8209219858156028 0.5191532258064516 0.8936170212765957
0 0.6290322580645161 0.8173758865248227 0.6300403225806451 0.7375886524822695 0.5161290322580645 0.7464539007092199 0.5211693548387096 0.8191489361702128
0 0.625 0.7358156028368794 0.6310483870967742 0.7287234042553191 0.626008064516129 0.6595744680851063 0.5161290322580645 0.6684397163120568 0.5191532258064516 0.7375886524822695
0 0.625 0.6578014184397163 0.623991935483871 0.5815602836879432 0.5120967741935484 0.5868794326241135 0.5151209677419355 0.6595744680851063
0 0.5564516129032258 0.5797872340425532 0.623991935483871 0.5780141843971631 0.625 0.49822695035460995 0.5917338709677419 0.48936170212765956 0.5060483870967742 0.5053191489361702 0.5110887096774194 0.5815602836879432
0 0.6229838709677419 0.48404255319148937 0.6219758064516129 0.40425531914893614 0.5080645161290323 0.4095744680851064 0.5151209677419355 0.4858156028368794
0 0.6088709677419355 0.39893617021276595 0.6098790322580645 0.3191489361702128 0.5231854838709677 0.30851063829787234 0.4939516129032258 0.3173758865248227 0.4949596774193548 0.3900709219858156
0 0.4254032258064516 0.39893617021276595 0.4889112903225806 0.3971631205673759 0.4899193548387097 0.3173758865248227 0.375 0.32092198581560283 0.37600806451612906 0.3971631205673759
0 0.5060483870967742 0.48404255319148937 0.5050403225806451 0.40070921985815605 0.3911290322580645 0.4095744680851064 0.3961693548387097 0.4858156028368794
0 0.49798387096774194 0.5691489361702128 0.4969758064516129 0.48936170212765956 0.38306451612903225 0.49822695035460995 0.3901209677419355 0.5709219858156028
0 0.4959677419354839 0.6613475177304965 0.5100806451612904 0.6578014184397163 0.5070564516129032 0.5815602836879432 0.39314516129032256 0.5904255319148937 0.39818548387096775 0.6631205673758865
0 0.5060483870967742 0.7464539007092199 0.5161290322580645 0.7358156028368794 0.5110887096774194 0.6666666666666666 0.39919354838709675 0.6684397163120568 0.4022177419354839 0.7411347517730497
0 0.5060483870967742 0.8280141843971631 0.5070564516129032 0.75177304964539 0.39314516129032256 0.7535460992907801 0.39818548387096775 0.8191489361702128
0 0.5120967741935484 0.9095744680851063 0.5131048387096774 0.8333333333333334 0.4012096774193548 0.8280141843971631 0.40423387096774194 0.8971631205673759
0 0.40725806451612906 0.9769503546099291 0.40625 0.9042553191489362 0.29838709677419356 0.9024822695035462 0.3014112903225806 0.9716312056737588
0 0.5120967741935484 0.9840425531914894 0.5241935483870968 0.9769503546099291 0.5211693548387096 0.9113475177304965 0.4112903225806452 0.9060283687943262 0.41431451612903225 0.975177304964539
0 0.39919354838709675 0.898936170212766 0.39818548387096775 0.8262411347517731 0.2862903225806452 0.824468085106383 0.28830645161290325 0.8882978723404256 0.29536290322580644 0.8971631205673759
0 0.39314516129032256 0.8209219858156028 0.3901209677419355 0.74822695035461 0.28024193548387094 0.7535460992907801 0.28225806451612906 0.8138297872340425 0.28931451612903225 0.8226950354609929
0 0.38911290322580644 0.7429078014184397 0.3971774193548387 0.7322695035460993 0.3941532258064516 0.6666666666666666 0.28024193548387094 0.6719858156028369 0.2852822580645161 0.7411347517730497
0 0.32056451612903225 0.6648936170212766 0.38810483870967744 0.6631205673758865 0.3870967741935484 0.5833333333333334 0.2772177419354839 0.5815602836879432 0.2782258064516129 0.6613475177304965
0 0.3810483870967742 0.5691489361702128 0.3780241935483871 0.48936170212765956 0.26814516129032256 0.4804964539007092 0.2711693548387097 0.5567375886524822
0 0.38911290322580644 0.48404255319148937 0.38810483870967744 0.40425531914893614 0.2762096774193548 0.39893617021276595 0.2752016129032258 0.4716312056737589
0 0.3709677419354839 0.39893617021276595 0.3699596774193548 0.31560283687943264 0.2600806451612903 0.31382978723404253 0.2651209677419355 0.39361702127659576
0 0.2439516129032258 0.3953900709219858 0.2600806451612903 0.3882978723404255 0.25705645161290325 0.3120567375886525 0.14717741935483872 0.31382978723404253 0.14818548387096775 0.39361702127659576
0 0.1431451612903226 0.3953900709219858 0.14213709677419356 0.31560283687943264 0.034274193548387094 0.3173758865248227 0.04334677419354839 0.39361702127659576
0 0.2600806451612903 0.4804964539007092 0.2590725806451613 0.40070921985815605 0.14717741935483872 0.4024822695035461 0.15221774193548387 0.4787234042553192
0 0.14717741935483872 0.4769503546099291 0.14213709677419356 0.3971631205673759 0.04233870967741935 0.4024822695035461 0.04536290322580645 0.475177304964539
0 0.14919354838709678 0.5656028368794326 0.14818548387096775 0.4858156028368794 0.04435483870967742 0.4804964539007092 0.047379032258064516 0.5531914893617021
0 0.22983870967741934 0.5656028368794326 0.26814516129032256 0.5620567375886525 0.26310483870967744 0.48226950354609927 0.1532258064516129 0.48404255319148937 0.15625 0.5638297872340425
0 0.2701612903225806 0.6648936170212766 0.2691532258064516 0.5815602836879432 0.16129032258064516 0.5797872340425532 0.16431451612903225 0.6524822695035462
0 0.16129032258064516 0.6578014184397163 0.15826612903225806 0.5780141843971631 0.05443548387096774 0.5797872340425532 0.05443548387096774 0.6400709219858156 0.06149193548387097 0.6524822695035462
0 0.16532258064516128 0.7393617021276596 0.1622983870967742 0.6631205673758865 0.05846774193548387 0.6578014184397163 0.05846774193548387 0.7216312056737588 0.06955645161290322 0.7340425531914894
0 0.2701612903225806 0.7429078014184397 0.28024193548387094 0.7393617021276596 0.28024193548387094 0.675531914893617 0.27318548387096775 0.6666666666666666 0.1693548387096774 0.6613475177304965 0.17237903225806453 0.7375886524822695
0 0.28024193548387094 0.8173758865248227 0.2752016129032258 0.7446808510638298 0.1693548387096774 0.75 0.17842741935483872 0.8191489361702128
0 0.17137096774193547 0.8173758865248227 0.16431451612903225 0.7446808510638298 0.0625 0.7393617021276596 0.06754032258064516 0.8120567375886525
0 0.16733870967741934 0.898936170212766 0.17540322580645162 0.8953900709219859 0.17036290322580644 0.8226950354609929 0.06653225806451613 0.8173758865248227 0.0715725806451613 0.8829787234042553
0 0.18346774193548387 0.973404255319149 0.18245967741935484 0.900709219858156 0.07862903225806452 0.898936170212766 0.08568548387096774 0.9716312056737588
0 0.29435483870967744 0.973404255319149 0.29536290322580644 0.9042553191489362 0.1875 0.9060283687943262 0.18951612903225806 0.9627659574468085 0.19657258064516128 0.975177304964539
0 0.2782258064516129 0.898936170212766 0.2862903225806452 0.8953900709219859 0.28125 0.8226950354609929 0.17540322580645162 0.8209219858156028 0.17842741935483872 0.8936170212765957
0 0.8627352150537634 0.04580378250591018 0.9786626344086023 0.04580378250591018 0.9837029569892473 0.1270685579196218 0.8694556451612904 0.12854609929078015
0 0.8026814516129032 0.08716312056737588 0.1184475806451613 0.08865248226950355
0 0.6800201612903226 0.07904255319148935 0.1167741935483871 0.07829787234042553
0 0.5594758064516129 0.07829787234042553 0.1176008064516129 0.08865248226950355
0 0.40868951612903226 0.08202127659574468 0.11340725806451613 0.08127659574468085
0 0.28939516129032256 0.08790780141843971 0.12012096774193548 0.07829787234042553
0 0.19784274193548387 0.18468085106382978 0.10836693548387097 0.07684397163120568
0 0.079375 0.18617021276595744 0.11004032258064515 0.06797872340425533
0 0.04199596774193548 0.10932624113475177 0.08231854838709678 0.09457446808510639
0 0.1579233870967742 0.08347517730496454 0.11425403225806452 0.09308510638297872
0 0.9190120967741935 0.8636170212765957 0.10752016129032257 0.07829787234042553
0 0.9248991935483871 0.18393617021276595 0.10752016129032257 0.08421985815602837
0 0.9946236559139786 0.9057328605200945 0.8854166666666666 0.9116430260047282 0.8904569892473118 0.9929078014184397 0.9979838709677419 0.9766548463356974