0 0.9891618497109826 0.17752100840336135 0.9942196531791907 0.16491596638655462 0.9978323699421965 0.12289915966386554 1 0.04936974789915966 0.9176300578034682 0.02100840336134454 0.9078757225433526 0.1407563025210084 0.9309971098265896 0.15756302521008403
0 0.30491329479768786 0.9086134453781513 0.31141618497109824 0.7888655462184874 0.31033236994219654 0.7647058823529411 0.21965317919075145 0.7468487394957983 0.21784682080924855 0.8676470588235294
0 0.315028901734104 0.7573529411764706 0.3186416184971098 0.7468487394957983 0.31539017341040465 0.6134453781512605 0.2792630057803468 0.6134453781512605 0.22760115606936415 0.5976890756302521 0.22254335260115607 0.6460084033613446 0.22651734104046242 0.7436974789915967
0 0.3078034682080925 0.6123949579831933 0.3110549132947977 0.6113445378151261 0.315028901734104 0.5913865546218487 0.3171965317919075 0.49054621848739494 0.31466763005780346 0.4810924369747899 0.2402456647398844 0.453781512605042 0.23229768786127167 0.4579831932773109 0.22471098265895953 0.47584033613445376 0.2218208092485549 0.5703781512605042 0.22723988439306358 0.5840336134453782 0.2604768786127168 0.6029411764705882
0 0.3273121387283237 0.47584033613445376 0.3302023121387283 0.4695378151260504 0.3309248554913295 0.45063025210084034 0.33236994219653176 0.35189075630252103 0.32984104046242774 0.3403361344537815 0.2481936416184971 0.3172268907563025 0.23916184971098267 0.3434873949579832 0.23627167630057805 0.4317226890756303 0.2402456647398844 0.4432773109243697 0.27420520231213874 0.46218487394957986
0 0.4241329479768786 0.4989495798319328 0.4263005780346821 0.49264705882352944 0.4270231213872832 0.36869747899159666 0.42377167630057805 0.35714285714285715 0.4093208092485549 0.36134453781512604 0.34284682080924855 0.34243697478991597 0.3338150289017341 0.35189075630252103 0.33164739884393063 0.44642857142857145 0.3334537572254335 0.47689075630252103 0.39125722543352603 0.49789915966386555
0 0.4125722543352601 0.6355042016806722 0.4147398843930636 0.6292016806722689 0.41835260115606937 0.5136554621848739 0.4165462427745665 0.5063025210084033 0.3370664739884393 0.4810924369747899 0.32514450867052025 0.4842436974789916 0.3222543352601156 0.5913865546218487 0.3240606936416185 0.6113445378151261
0 0.4082369942196532 0.7657563025210085 0.4125722543352601 0.6985294117647058 0.41148843930635837 0.6386554621848739 0.32189306358381503 0.615546218487395 0.319364161849711 0.6207983193277311 0.3211705202312139 0.7478991596638656 0.33778901734104044 0.7584033613445378
0 0.4082369942196532 0.9254201680672269 0.41184971098265893 0.8266806722689075 0.41184971098265893 0.7846638655462185 0.4093208092485549 0.7710084033613446 0.33851156069364163 0.7605042016806722 0.32333815028901736 0.7605042016806722 0.3186416184971098 0.7699579831932774 0.3171965317919075 0.8792016806722689 0.31972543352601157 0.8970588235294118
0 0.5036127167630058 0.9359243697478992 0.509393063583815 0.9212184873949579 0.5101156069364162 0.8119747899159664 0.5075867052023122 0.8004201680672269 0.42377167630057805 0.7752100840336135 0.41690751445086704 0.7804621848739496 0.4161849710982659 0.8686974789915967 0.41871387283236994 0.9159663865546218
0 0.5014450867052023 0.7951680672268907 0.5043352601156069 0.782563025210084 0.5101156069364162 0.6880252100840336 0.5083092485549133 0.6680672268907563 0.4295520231213873 0.6365546218487395 0.41690751445086704 0.6418067226890757 0.41184971098265893 0.7321428571428571 0.414378612716763 0.7626050420168067
0 0.5072254335260116 0.6628151260504201 0.5122832369942196 0.5703781512605042 0.5111994219653179 0.5315126050420168 0.4324421965317919 0.5063025210084033 0.4190751445086705 0.5115546218487395 0.4154624277456647 0.5766806722689075 0.4172687861271676 0.634453781512605
0 0.5144508670520231 0.5178571428571429 0.5216763005780347 0.5073529411764706 0.523121387283237 0.38760504201680673 0.520592485549133 0.37815126050420167 0.4779624277456647 0.3760504201680672 0.43677745664739887 0.3634453781512605 0.42846820809248554 0.3707983193277311 0.42810693641618497 0.5 0.44833815028901736 0.5105042016806722
0 0.6119942196531792 0.5241596638655462 0.6163294797687862 0.5073529411764706 0.6192196531791907 0.4254201680672269 0.6192196531791907 0.40021008403361347 0.6123554913294798 0.3802521008403361 0.5285404624277457 0.3760504201680672 0.5245664739884393 0.38340336134453784 0.5249277456647399 0.5168067226890757
0 0.5903179190751445 0.6607142857142857 0.6040462427745664 0.6544117647058824 0.6065751445086706 0.5378151260504201 0.585621387283237 0.5252100840336135 0.5213150289017341 0.5189075630252101 0.5151734104046243 0.5262605042016807 0.5115606936416185 0.6292016806722689 0.5133670520231214 0.6512605042016807
0 0.6004335260115607 0.7951680672268907 0.6040462427745664 0.6901260504201681 0.6022398843930635 0.6659663865546218 0.525650289017341 0.6554621848739496 0.5115606936416185 0.6607142857142857 0.5097543352601156 0.7773109243697479 0.5690028901734104 0.7962184873949579
0 0.6791907514450867 0.8140756302521008 0.6911127167630058 0.8130252100840336 0.6929190751445087 0.805672268907563 0.6979768786127167 0.7006302521008403 0.6954479768786127 0.6764705882352942 0.6174132947976878 0.6680672268907563 0.6062138728323699 0.6754201680672269 0.601878612716763 0.7867647058823529 0.604407514450867 0.7983193277310925
0 0.6907514450867052 0.6775210084033614 0.6950867052023122 0.6649159663865546 0.6983381502890174 0.5567226890756303 0.6231936416184971 0.5357142857142857 0.6123554913294798 0.5357142857142857 0.6083815028901735 0.5430672268907563 0.6054913294797688 0.6439075630252101 0.6072976878612717 0.6638655462184874
0 0.703757225433526 0.5514705882352942 0.708092485549133 0.5409663865546218 0.7109826589595376 0.4632352941176471 0.7117052023121387 0.4338235294117647 0.7084537572254336 0.42016806722689076 0.6347543352601156 0.4012605042016807 0.6206647398843931 0.4065126050420168 0.6163294797687862 0.509453781512605 0.618135838150289 0.5273109243697479
0 0.7976878612716763 0.5661764705882353 0.8013005780346821 0.5514705882352942 0.8078034682080925 0.4485294117647059 0.8059971098265896 0.4369747899159664 0.7138728323699421 0.40861344537815125 0.7095375722543352 0.5262605042016807 0.7113439306358381 0.5441176470588235
0 0.7882947976878613 0.6880252100840336 0.7926300578034682 0.6733193277310925 0.796242774566474 0.5976890756302521 0.7944364161849711 0.569327731092437 0.7236271676300579 0.5525210084033614 0.7098988439306358 0.5525210084033614 0.7008670520231214 0.5640756302521008 0.6979768786127167 0.6523109243697479 0.7008670520231214 0.6733193277310925 0.7062861271676301 0.6848739495798319
0 0.7854046242774566 0.8371848739495799 0.7890173410404624 0.8266806722689075 0.791907514450867 0.7489495798319328 0.791907514450867 0.7153361344537815 0.7872109826589595 0.6995798319327731 0.7091763005780347 0.6869747899159664 0.7001445086705202 0.6922268907563025 0.6958092485549133 0.7993697478991597 0.7005057803468208 0.819327731092437 0.7395231213872833 0.8361344537815126
0 0.7882947976878613 0.9800420168067226 0.7926300578034682 0.967436974789916 0.7969653179190751 0.8939075630252101 0.7955202312138728 0.8602941176470589 0.7922687861271677 0.8487394957983193 0.7301300578034682 0.8403361344537815 0.7102601156069365 0.8455882352941176 0.703757225433526 0.9590336134453782 0.7070086705202312 0.9726890756302521
0 0.875 0.9737394957983193 0.8822254335260116 0.8728991596638656 0.8796965317919075 0.8487394957983193 0.8746387283236994 0.842436974789916 0.8247832369942196 0.8403361344537815 0.7955202312138728 0.8455882352941176 0.7976878612716763 0.8960084033613446 0.7937138728323699 0.9705882352941176
0 0.9494219653179191 0.8413865546218487 0.9577312138728323 0.8403361344537815 0.9624277456647399 0.8224789915966386 0.9689306358381503 0.7363445378151261 0.9671242774566474 0.7205882352941176 0.891257225433526 0.6995798319327731 0.8822254335260116 0.7090336134453782 0.8778901734104047 0.8098739495798319 0.8796965317919075 0.8298319327731093
0 0.9689306358381503 0.7153361344537815 0.9747109826589595 0.6081932773109243 0.9729046242774566 0.5903361344537815 0.9064306358381503 0.5840336134453782 0.8872832369942196 0.5892857142857143 0.884393063583815 0.6775210084033614 0.8869219653179191 0.6974789915966386
0 0.8865606936416185 0.5766806722689075 0.8937861271676301 0.5703781512605042 0.898121387283237 0.4800420168067227 0.8948699421965318 0.4474789915966387 0.8117774566473989 0.4411764705882353 0.8092485549132948 0.45063025210084034 0.8041907514450867 0.5220588235294118 0.8041907514450867 0.5514705882352942 0.8081647398843931 0.569327731092437
0 0.8793352601156069 0.7048319327731093 0.8829479768786127 0.6901260504201681 0.8847543352601156 0.5840336134453782 0.8045520231213873 0.569327731092437 0.7976878612716763 0.5766806722689075 0.7933526011560693 0.6712184873949579 0.7933526011560693 0.6880252100840336 0.7973265895953757 0.7016806722689075
0 0.851878612716763 0.8371848739495799 0.8674132947976878 0.8361344537815126 0.8771676300578035 0.8224789915966386 0.8789739884393064 0.7100840336134454 0.7966040462427746 0.7016806722689075 0.791907514450867 0.7069327731092437 0.7901011560693642 0.8319327731092437
0 0.21315028901734104 0.8918067226890757 0.21676300578034682 0.8792016806722689 0.21820809248554912 0.7636554621848739 0.21604046242774566 0.7489495798319328 0.11416184971098266 0.726890756302521 0.1069364161849711 0.8697478991596639 0.1726878612716763 0.8792016806722689
0 0.7333815028901735 0.10294117647058823 0.8179190751445087 0.13025210084033614 0.8143063583815029 0.25840336134453784 0.7239884393063584 0.23109243697478993
0 0.8236994219653179 0.1323529411764706 0.9046242774566474 0.15546218487394958 0.9010115606936416 0.27941176470588236 0.8179190751445087 0.25630252100840334
0 0.23121387283236994 0.16596638655462184 0.3229768786127168 0.20378151260504201 0.32008670520231214 0.3445378151260504 0.2319364161849711 0.3088235294117647
0 0.32514450867052025 0.20378151260504201 0.4190751445086705 0.226890756302521 0.41401734104046245 0.3592436974789916 0.3258670520231214 0.3277310924369748
0 0.42846820809248554 0.20798319327731093 0.5180635838150289 0.23529411764705882 0.5187861271676301 0.3739495798319328 0.42557803468208094 0.35084033613445376
0 0.5223988439306358 0.2184873949579832 0.6119942196531792 0.226890756302521 0.6148843930635838 0.3697478991596639 0.5245664739884393 0.3592436974789916
0 0.8157514450867052 0.3004201680672269 0.8988439306358381 0.3130252100840336 0.8923410404624278 0.4474789915966387 0.8114161849710982 0.4369747899159664
0 0.911849710982659 0.31932773109243695 0.9956647398843931 0.33613445378151263 0.9942196531791907 0.453781512605042 0.9104046242774566 0.453781512605042
0 0.9841040462427746 0.4642857142857143 0.9002890173410405 0.4579831932773109 0.8945086705202312 0.592436974789916 0.9747109826589595 0.5840336134453782
0 0.7232658959537572 0.2773109243697479 0.7174855491329479 0.39705882352941174 0.8034682080924855 0.4327731092436975 0.8143063583815029 0.30462184873949577
0 0.619942196531792 0.2710084033613445 0.7145953757225434 0.28991596638655465 0.7095375722543352 0.4264705882352941 0.6177745664739884 0.39915966386554624
0 0.23121387283236994 0.16596638655462184 0.11849710982658959 0.13865546218487396 0.11416184971098266 0.27310924369747897 0.19219653179190752 0.28991596638655465 0.22471098265895953 0.29831932773109243
0 0.513728323699422 0.7962184873949579 0.6033236994219653 0.8319327731092437 0.5960982658959537 0.9558823529411765 0.509393063583815 0.9369747899159664
0 0.6192196531791907 0.8340336134453782 0.6127167630057804 0.9474789915966386 0.7001445086705202 0.976890756302521 0.7066473988439307 0.8571428571428571
0 0.9696531791907514 0.8739495798319328 0.963150289017341 0.9810924369747899 0.8851156069364162 0.9873949579831933 0.888728323699422 0.8613445378151261
0 0.9963872832369942 0.19117647058823528 0.990606936416185 0.3067226890756303 0.911849710982659 0.29411764705882354 0.9125722543352601 0.16596638655462184
0 0.11127167630057803 0.5756302521008403 0.217485549132948 0.5903361344537815 0.21242774566473988 0.7247899159663865 0.1069364161849711 0.6974789915966386
0 0.217485549132948 0.5913865546218487 0.21965317919075145 0.582983193277311 0.2218208092485549 0.4569327731092437 0.1199421965317919 0.42436974789915966 0.11560693641618497 0.48739495798319327 0.11849710982658959 0.5630252100840336 0.1958092485549133 0.5808823529411765 0.19978323699421965 0.5882352941176471
0 0.2254335260115607 0.43592436974789917 0.22976878612716764 0.4170168067226891 0.23121387283236994 0.30987394957983194 0.22651734104046242 0.3004201680672269 0.2041184971098266 0.28991596638655465 0.19328034682080925 0.29411764705882354 0.11705202312138728 0.2773109243697479 0.11127167630057803 0.4117647058823529 0.14141205615194058 0.42316926770708285 0.18063583815028905 0.429171668667467 0.21856936416184972 0.43487394957983194