0 0.43769470404984423 0.5924657534246576 0.4369158878504673 0.4178082191780822 0.3068535825545171 0.339041095890411 0.309190031152648 0.541095890410959
0 0.5264797507788161 0.6198630136986302 0.57398753894081 0.6164383561643836 0.5778816199376947 0.4143835616438356 0.4423676012461059 0.3938356164383562 0.4447040498442368 0.6164383561643836
0 0.6962616822429907 0.9417808219178082 0.7009345794392523 0.928082191780822 0.7042723631508678 0.7289628180039136 0.682020471740098 0.724070450097847 0.6019136626613263 0.6898238747553813 0.5729862038273253 0.684931506849315 0.5708722741433022 0.910958904109589
0 0.9657320872274143 0.7157534246575342 0.9781931464174455 0.6952054794520548 0.9820872274143302 0.5205479452054794 0.8520249221183801 0.4554794520547945 0.8473520249221184 0.660958904109589 0.852803738317757 0.684931506849315
0 0.8411214953271028 0.7363013698630136 0.8450155763239875 0.5342465753424658 0.7180685358255452 0.4965753424657534 0.7149532710280374 0.6335616438356164 0.7087227414330218 0.660958904109589 0.7157320872274143 0.7123287671232876
0 0.512601246105919 0.28486301369863015 0.12886292834890967 0.23972602739726026
0 0.6460591900311526 0.5292465753424658 0.13523364485981307 0.2054794520547945
0 0.7763395638629284 0.886027397260274 0.12531152647975077 0.22787671232876713
0 0.8857264231096007 0.009339975093399821 0.8736901727555931 0.18679950186799515 0.9898045879354289 0.3082191780821918 1 0.12453300124533005
0 0.8680260549419427 0.2770859277708594 0.8644859813084113 0.4452054794520548 0.9876805437553101 0.5199252801992529 0.9905126026621351 0.3331257783312578
0 0.7235910506938543 0.26774595267745954 0.8482016425941658 0.32689912826899103 0.8432455395072216 0.5230386052303861 0.7172189181534976 0.4825653798256538
0 0.5911922967997734 0.136986301369863 0.7200509770603228 0.19613947696139453 0.7158028887000849 0.410958904109589 0.583404134806004 0.32689912826899126
0 0.30869442084395354 0.11207970112079708 0.44463324837156604 0.22104607721046074 0.43896913055791553 0.4202988792029889 0.3023222883035967 0.32067247820672473
0 0.00778816199376947 0.4669987546699876 0.13027470971396204 0.6102117061021171 0.13098272444066836 0.8156911581569116 0.0035400736335315787 0.6631382316313824
0 0.43542905692438405 0.684931506849315 0.5699518549985839 0.6973848069738481 0.5699518549985839 0.9059775840597754 0.44038516001132816 0.8748443337484431
0 0.3065703766638346 0.5977584059775841 0.4311809685641462 0.6631382316313821 0.43047295383743983 0.8686176836861768 0.30444633248371555 0.8094645080946452
0 0.740583404134806 0 0.7342112715944492 0.2117061021170611 0.8609459076748797 0.2552926525529266 0.8659020107618236 0.04358655043586567
0 0.8510337015009912 0.9215442092154422 0.9692721608609459 0.955790784557908 0.9721042197677711 0.7503113325031132 0.8517417162276972 0.7160647571606477 0.8524497309544037 0.9308841843088418
0 0.15888766868408535 0.3371206986956417 0.28555336260006936 0.3908645781978457 0.2911088754911213 0.5765252528418229 0.15777656610587482 0.5716394456143495
0 0.1599987712622956 0.6107259034341338 0.2866644651782798 0.6351549395714993 0.29110887549112135 0.8354730358978948 0.16666538673155806 0.8159298069880024