0 0.3595769682726204 0.06286721504112809 0.3654524089306698 0.03701527614571093 0.3654524089306698 0.004112808460634548 0.36133960047003527 0 0.26615746180963573 0 0.24206815511163338 0.014688601645123384 0.23971797884841364 0.05699177438307873 0.24383078730904817 0.06227967097532315
0 0.48296122209165687 0.08284371327849589 0.4888366627497062 0.07579318448883667 0.49236192714453586 0.04054054054054054 0.49236192714453586 0.021739130434782608 0.47935304521926553 0.0218138828681448 0.43936150333926094 0.015887831601604 0.36539092600784767 0.01706251992060271 0.36486486486486486 0.07520564042303172
0 0.6051703877790834 0.09576968272620447 0.6110458284371327 0.0898942420681551 0.6169212690951822 0.03936545240893067 0.6160924993933505 0.038666462860297034 0.612624484686179 0.0376751401866668 0.4947114932615188 0.023796542396471002 0.49471210340775557 0.02408930669800235 0.490599294947121 0.08343125734430082
0 0.9858989424206815 0.18860164512338426 1 0.18507638072855465 0.999412455934195 0.13043478260869565 0.8860164512338425 0.11692126909518213 0.8801410105757932 0.16039952996474735 0.8801410105757932 0.1709753231492362 0.8854289071680376 0.17743830787309048
0 0.8742655699177438 0.16745005875440658 0.8789659224441834 0.16039952996474735 0.8836662749706228 0.11574618096357227 0.8760282021151586 0.10575793184488837 0.7655699177438308 0.08930669800235018 0.7485311398354877 0.10752056404230317 0.7461809635722679 0.14042303172737955 0.754994124559342 0.15041128084606345 0.7949471210340776 0.1598119858989424
0 0.7379553466509988 0.16392479435957696 0.7461809635722679 0.11104582843713279 0.7432432432432432 0.10223266745005875 0.6539365452408931 0.09400705052878966 0.6157461809635723 0.08166862514688601 0.6145710928319624 0.09106933019976499 0.6227967097532315 0.10164512338425381 0.6233842538190364 0.15511163337250294
0 0.6051703877790834 0.16039952996474735 0.6139835487661575 0.1598119858989424 0.6192714453584018 0.15334900117508812 0.6216216216216216 0.10399529964747356 0.617508813160987 0.09753231492361927 0.518801410105758 0.09048178613396005 0.4970622796709753 0.09341950646298472 0.4935370152761457 0.14512338425381904 0.49764982373678024 0.15276145710928318
0 0.4782608695652174 0.1462984723854289 0.48413631022326675 0.0945945945945946 0.4788484136310223 0.08578143360752057 0.39659224441833135 0.07873090481786134 0.3584018801410106 0.08166862514688601 0.3589894242068155 0.1410105757931845
0 0.3490011750881316 0.14394829612220916 0.35605170387779084 0.10164512338425381 0.35311398354876616 0.08108108108108109 0.24970622796709754 0.07050528789659224 0.23266745005875442 0.0746180963572268 0.2291421856639248 0.1263219741480611 0.23325499412455933 0.13396004700352526
0 0.35605170387779084 0.20740305522914218 0.3619271445358402 0.18860164512338426 0.3589894242068155 0.14806110458284372 0.23854289071680376 0.14042303172737955 0.2391304347826087 0.20211515863689777 0.3025851938895417 0.20799059929494712
0 0.481786133960047 0.21210340775558167 0.4864864864864865 0.20740305522914218 0.4900117508813161 0.16157461809635723 0.48472385428907167 0.14806110458284372 0.39659224441833135 0.1445358401880141 0.3654524089306698 0.14747356051703878 0.3619271445358402 0.19330199764982373 0.36486486486486486 0.20681551116333724
0 0.6063454759106933 0.22620446533490013 0.6122209165687427 0.2191539365452409 0.618096357226792 0.1897767332549941 0.6163337250293772 0.16686251468860164 0.5587544065804936 0.15746180963572268 0.5117508813160987 0.15393654524089306 0.49588719153936545 0.15687426556991774 0.4900117508813161 0.1991774383078731 0.4900117508813161 0.2109283196239718 0.49529964747356053 0.21621621621621623
0 0.7356051703877791 0.22620446533490013 0.7426556991774383 0.1792009400705053 0.7397179788484136 0.16568742655699178 0.6227967097532315 0.1592244418331375 0.6157461809635723 0.20505287896592245 0.618683901292597 0.21621621621621623 0.6903642773207991 0.2256169212690952
0 0.8578143360752056 0.23325499412455933 0.8707403055229143 0.18037602820211515 0.8666274970622797 0.17038777908343125 0.7538190364277321 0.15393654524089306 0.745005875440658 0.15687426556991774 0.7432432432432432 0.21739130434782608
0 0.981198589894242 0.24970622796709754 0.9858989424206815 0.23207990599294948 0.9853113983548766 0.19036427732079905 0.8730904817861339 0.18037602820211515 0.8672150411280846 0.20387779083431257 0.8672150411280846 0.2309048178613396 0.8713278495887191 0.23971797884841364
0 0.9694477085781433 0.31433607520564044 0.9776733254994124 0.3084606345475911 0.9847238542890717 0.26615746180963573 0.981786133960047 0.2526439482961222 0.8730904817861339 0.24383078730904817 0.8625146886016452 0.290834312573443 0.8654524089306698 0.3008225616921269 0.918331374853114 0.31139835487661577
0 0.8531139835487661 0.2990599294947121 0.8589894242068156 0.2920094007050529 0.8695652173913043 0.24853113983548766 0.8654524089306698 0.23854289071680376 0.7784958871915394 0.22326674500587543 0.7497062279670975 0.22385428907168037 0.7403055229142186 0.2708578143360752 0.7444183313748531 0.282021151586369
0 0.7344300822561692 0.2884841363102233 0.7403055229142186 0.24383078730904817 0.7373678025851939 0.22796709753231492 0.6445358401880141 0.2209165687426557 0.6280846063454759 0.2209165687426557 0.6204465334900118 0.22620446533490013 0.617508813160987 0.2808460634547591 0.6774383078730905 0.2878965922444183
0 0.4500587544065805 0.27555816686251466 0.4888366627497062 0.2708578143360752 0.48766157461809634 0.22737955346650998 0.48237367802585196 0.21504112808460635 0.3619271445358402 0.2156286721504113 0.36427732079905994 0.2696827262044653 0.3683901292596945 0.27497062279670975
0 0.6086956521739131 0.290834312573443 0.618096357226792 0.24500587544065805 0.6151586368977673 0.23149236192714454 0.5329024676850764 0.21974148061104584 0.4988249118683901 0.21856639247943596 0.4935370152761457 0.22267920094007052 0.4929494712103408 0.2796709753231492
0 0.345475910693302 0.2826086956521739 0.3501762632197415 0.27320799059929496 0.3537015276145711 0.23207990599294948 0.3495887191539365 0.21739130434782608 0.24735605170387778 0.21151586368977673 0.23325499412455933 0.21151586368977673 0.2291421856639248 0.2156286721504113 0.2256169212690952 0.25558166862514686 0.22855464159811986 0.27614571092831963
0 0.34782608695652173 0.3484136310223267 0.3525264394829612 0.3425381903642773 0.3507638072855464 0.28437132784958874 0.2291421856639248 0.28143360752056407 0.2309048178613396 0.3407755581668625
0 0.4735605170387779 0.3472385428907168 0.4800235017626322 0.28554641598119856 0.3595769682726204 0.27673325499412454 0.3537015276145711 0.32491186839012925 0.35663924794359575 0.3372502937720329 0.41539365452408933 0.345475910693302
0 0.5934195064629847 0.35311398354876616 0.6016451233842538 0.34488836662749706 0.6051703877790834 0.3084606345475911 0.6022326674500588 0.2925969447708578 0.527027027027027 0.28437132784958874 0.48296122209165687 0.28613396004700353 0.4794359576968273 0.33783783783783783 0.48237367802585196 0.345475910693302
0 0.7226792009400705 0.35663924794359575 0.7332549941245593 0.3190364277320799 0.7326674500587544 0.29612220916568743 0.6280846063454759 0.28319623971797886 0.6157461809635723 0.28613396004700353 0.6081081081081081 0.3407755581668625 0.6609870740305523 0.3525264394829612
0 0.8460634547591069 0.36486486486486486 0.8507638072855465 0.3589894242068155 0.8525264394829613 0.30552291421856637 0.7502937720329025 0.29494712103407755 0.736780258519389 0.2990599294947121 0.7320799059929495 0.3519388954171563 0.736192714453584 0.3584018801410106
0 0.9576968272620446 0.37426556991774385 0.9670975323149236 0.3672150411280846 0.9753231492361927 0.32608695652173914 0.9723854289071681 0.31609870740305523 0.8678025851938895 0.30317273795534666 0.8601645123384254 0.30611045828437133 0.8519388954171563 0.35781433607520563 0.854876615746181 0.36310223266745006
0 0.9306698002350177 0.4388954171562867 0.9488836662749707 0.43478260869565216 0.954171562867215 0.42596944770857814 0.9588719153936546 0.390716803760282 0.9559341950646298 0.3807285546415981 0.8889541715628673 0.37602820211515864 0.8560517038777908 0.37602820211515864 0.8448883666274971 0.3801410105757932 0.8413631022326674 0.4071680376028202 0.8443008225616921 0.4383078730904818
0 0.8343125734430082 0.43419506462984725 0.8378378378378378 0.4294947121034078 0.8407755581668626 0.37602820211515864 0.782021151586369 0.36780258519388953 0.7250293772032902 0.3695652173913043 0.7203290246768508 0.4200940070505288 0.7244418331374853 0.4289071680376028
0 0.717978848413631 0.4294947121034078 0.7209165687426558 0.36780258519388953 0.6844888366627497 0.3595769682726204 0.663337250293772 0.3619271445358402 0.6374853113983548 0.35605170387779084 0.6039952996474736 0.3589894242068155 0.6034077555816686 0.4195064629847238 0.6480611045828437 0.42773207990599293
0 0.5945945945945946 0.42596944770857814 0.599294947121034 0.41774383078730903 0.6016451233842538 0.3836662749706228 0.6016451233842538 0.3683901292596945 0.5975323149236192 0.36310223266745006 0.4882491186839013 0.35605170387779084 0.4794359576968273 0.3589894242068155 0.4811985898942421 0.4206815511163337
0 0.4712103407755582 0.4189189189189189 0.47473560517038776 0.38249118683901295 0.4717978848413631 0.3572267920094007 0.4036427732079906 0.35135135135135137 0.35663924794359575 0.35135135135135137 0.3501762632197415 0.3554641598119859 0.35311398354876616 0.41598119858989424
0 0.3407755581668625 0.41774383078730903 0.345475910693302 0.4083431257344301 0.34782608695652173 0.3672150411280846 0.3437132784958872 0.35487661574618096 0.2602820211515864 0.3501762632197415 0.2244418331374853 0.35311398354876616 0.2209165687426557 0.4083431257344301 0.22502937720329025 0.41480611045828436
0 0.3419506462984724 0.4800235017626322 0.34665099882491185 0.4506462984723854 0.3437132784958872 0.4206815511163337 0.2244418331374853 0.41774383078730903 0.2244418331374853 0.4717978848413631 0.22855464159811986 0.4770857814336075
0 0.3384253819036428 0.5423031727379554 0.3490011750881316 0.5387779083431258 0.3490011750881316 0.4870740305522914 0.3437132784958872 0.48296122209165687 0.24265569917743832 0.4794359576968273 0.22796709753231492 0.4894242068155112 0.22679200940070504 0.5329024676850764 0.23207990599294948 0.5381903642773208
0 0.33137485311398357 0.6010575793184488 0.33490011750881316 0.5611045828437132 0.3319623971797885 0.54524089306698 0.22972972972972974 0.5381903642773208 0.21504112808460635 0.5423031727379554 0.21151586368977673 0.5916568742655699 0.2144535840188014 0.5957696827262045 0.26145710928319627 0.6016451233842538
0 0.3384253819036428 0.6609870740305523 0.3419506462984724 0.6574618096357226 0.3419506462984724 0.6351351351351351 0.33783783783783783 0.6039952996474736 0.2344300822561692 0.600470035252644 0.22209165687426558 0.6034077555816686 0.22502937720329025 0.6592244418331374
0 0.21739130434782608 0.5376028202115158 0.22209165687426558 0.5305522914218567 0.2191539365452409 0.4782608695652174 0.14394829612220916 0.47591069330199764 0.095475910693302 0.4729729729729731 0.08666274970622796 0.5361339600470036
0 0.20329024676850763 0.6574618096357226 0.21034077555816685 0.6515863689776733 0.20622796709753233 0.599294947121034 0.09400705052878966 0.5978260869565218 0.09106933019976499 0.641891891891892 0.095475910693302 0.6565804935370154
0 0.20799059929494707 0.7260575793184486 0.21151586368977668 0.722532314923619 0.2138660399529964 0.6884547591069328 0.21269095182138653 0.6661280846063452 0.09694477085781437 0.65951821386604 0.09841363102232671 0.716803760282021 0.14159811985898937 0.7254700352526436
0 0.21269095182138661 0.7902467685076381 0.21327849588719153 0.7344300822561692 0.11574618096357227 0.7285546415981199 0.09694477085781433 0.7256169212690952 0.09694477085781433 0.7887779083431259 0.10164512338425381 0.7861339600470035
0 0.21151586368977673 0.8478260869565217 0.21504112808460635 0.8407755581668626 0.21210340775558167 0.7931844888366627 0.099882491186839 0.7902467685076381 0.0963572267920094 0.8137485311398355 0.09929494712103408 0.8413631022326674
0 0.21739130434782608 0.9042303172737955 0.2209165687426557 0.854876615746181 0.21680376028202114 0.8495887191539365 0.10575793184488837 0.8466509988249119 0.10752056404230317 0.8989424206815512
0 0.21739130434782608 0.9606345475910694 0.21974148061104584 0.9242068155111633 0.2156286721504113 0.9059929494712103 0.10752056404230317 0.900117508813161 0.10223266745005875 0.9054054054054054 0.10340775558166862 0.9500587544065805 0.10869565217391304 0.9553466509988249
0 0.32432432432432434 0.964159811985899 0.33607520564042304 0.9618096357226792 0.33783783783783783 0.9095182138660399 0.22209165687426558 0.9077555816686251 0.22502937720329025 0.9612220916568742
0 0.33607520564042304 0.9065804935370153 0.33783783783783783 0.8531139835487661 0.2244418331374853 0.8490011750881316 0.22737955346650998 0.9012925969447708
0 0.3301997649823737 0.8501762632197415 0.3337250293772033 0.845475910693302 0.3307873090481786 0.7955346650998825 0.24853113983548766 0.790834312573443 0.21621621621621623 0.7937720329024677 0.21621621621621623 0.8396004700352526 0.22032902467685075 0.8448883666274971
0 0.33137485311398357 0.7925969447708578 0.3372502937720329 0.7808460634547592 0.3354876615746181 0.7379553466509988 0.23795534665099882 0.7309048178613397 0.2209165687426557 0.7338425381903643 0.22032902467685075 0.7873090481786134
0 0.33490011750881316 0.736192714453584 0.3384253819036428 0.7338425381903643 0.34312573443008226 0.6891891891891891 0.34312573443008226 0.6797884841363102 0.3354876615746181 0.6674500587544065 0.24383078730904817 0.663924794359577 0.22679200940070504 0.6668625146886017 0.22267920094007052 0.72737955346651
0 0.45593419506462984 0.4835487661574618 0.4688601645123384 0.4800235017626322 0.4694477085781434 0.42303172737955347 0.3490011750881316 0.42244418331374856 0.3495887191539365 0.4806110458284371
0 0.4618096357226792 0.5446533490011751 0.47238542890716806 0.536427732079906 0.47297297297297297 0.48531139835487663 0.3537015276145711 0.48589894242068155 0.35428907168037604 0.5405405405405406
0 0.4535840188014101 0.6069330199764983 0.45534665099882493 0.5499412455934195 0.3789659224441833 0.5440658049353702 0.33607520564042304 0.5481786133960047 0.33783783783783783 0.6016451233842538
0 0.4571092831962397 0.6668625146886017 0.4618096357226792 0.6621621621621622 0.4600470035252644 0.6098707403055229 0.3954171562867215 0.6051703877790834 0.34312573443008226 0.6081081081081081 0.34488836662749706 0.6615746180963572
0 0.4606345475910693 0.7314923619271445 0.46415981198589895 0.7256169212690952 0.46533490011750883 0.6786133960047004 0.4600470035252644 0.6721504112808461 0.38484136310223266 0.6686251468860165 0.34665099882491185 0.6715628672150411 0.3472385428907168 0.7262044653349001
0 0.4582843713278496 0.7902467685076381 0.4618096357226792 0.7397179788484136 0.45652173913043476 0.7356051703877791 0.35311398354876616 0.7309048178613397 0.34312573443008226 0.7397179788484136 0.3419506462984724 0.7831962397179788 0.3472385428907168 0.7896592244418331
0 0.4488836662749706 0.8490011750881316 0.45240893066980026 0.845475910693302 0.4535840188014101 0.8113983548766157 0.43654524089306695 0.7931844888366627 0.3425381903642773 0.790834312573443 0.3384253819036428 0.7961222091656874 0.33490011750881316 0.8396004700352526 0.3390129259694477 0.8460634547591069
0 0.4500587544065805 0.9042303172737955 0.45593419506462984 0.900705052878966 0.4582843713278496 0.8830787309048178 0.4582843713278496 0.854876615746181 0.45417156286721505 0.8507638072855465 0.3419506462984724 0.8513513513513513 0.3396004700352526 0.8971797884841363 0.3437132784958872 0.9012925969447708
0 0.4594594594594595 0.9688601645123385 0.46533490011750883 0.9653349001175088 0.46533490011750883 0.9465334900117509 0.46415981198589895 0.9206815511163338 0.45769682726204464 0.9071680376028202 0.3490011750881316 0.9077555816686251 0.34665099882491185 0.9300822561692127 0.3507638072855464 0.9659224441833137
0 0.5781433607520564 0.964159811985899 0.581668625146886 0.9324324324324325 0.5787309048178614 0.9095182138660399 0.46650998824911866 0.9077555816686251 0.4694477085781434 0.9600470035252644
0 0.5652173913043478 0.9077555816686251 0.5757931844888367 0.899529964747356 0.5781433607520564 0.8913043478260869 0.5775558166862514 0.8507638072855465 0.5693301997649823 0.854289071680376 0.46533490011750883 0.8537015276145711 0.4606345475910693 0.8889541715628673 0.46474735605170386 0.9036427732079906
0 0.5699177438307873 0.8537015276145711 0.5740305522914219 0.7978848413631022 0.46239717978848416 0.7943595769682726 0.4571092831962397 0.799647473560517 0.45475910693301996 0.8443008225616921 0.4588719153936545 0.8507638072855465
0 0.5781433607520564 0.7949471210340776 0.581668625146886 0.7902467685076381 0.5799059929494712 0.7414806110458284 0.46533490011750883 0.7397179788484136 0.4670975323149236 0.7931844888366627
0 0.581668625146886 0.7385428907168038 0.5887191539365453 0.6856639247943596 0.581081081081081 0.6768507638072856 0.48237367802585196 0.6709753231492362 0.47238542890716806 0.6762632197414806 0.4694477085781434 0.7344300822561692
0 0.5781433607520564 0.6668625146886017 0.5851938895417156 0.6374853113983548 0.5834312573443008 0.6110458284371327 0.4717978848413631 0.6063454759106933 0.46768507638072854 0.6092831962397179 0.46592244418331374 0.663924794359577
0 0.5840188014101058 0.6081081081081081 0.5887191539365453 0.5681551116333725 0.5846063454759107 0.5511163337250293 0.46650998824911866 0.5481786133960047 0.46415981198589895 0.5975323149236192 0.4706227967097532 0.6063454759106933
0 0.5934195064629847 0.5481786133960047 0.599294947121034 0.5387779083431258 0.5951821386603995 0.4900117508813161 0.49764982373678024 0.4864864864864865 0.4782608695652174 0.4894242068155112 0.4782608695652174 0.5423031727379554 0.48237367802585196 0.5464159811985899
0 0.5898942420681551 0.48589894242068155 0.5969447708578144 0.47297297297297297 0.5963572267920094 0.42773207990599293 0.5540540540540541 0.42303172737955347 0.4782608695652174 0.4236192714453584 0.4788484136310223 0.4794359576968273
0 0.7109283196239718 0.4917743830787309 0.717978848413631 0.47532314923619273 0.717391304347826 0.4336075205640423 0.617508813160987 0.42655699177438305 0.600470035252644 0.4294947121034078 0.6010575793184488 0.4864864864864865
0 0.690951821386604 0.5517038777908343 0.717978848413631 0.5481786133960047 0.7209165687426558 0.49471210340775557 0.6051703877790834 0.4917743830787309 0.600470035252644 0.5376028202115158 0.6034077555816686 0.5475910693301997
0 0.7027027027027027 0.6104582843713279 0.7074030552291422 0.6069330199764983 0.7109283196239718 0.5893066980023501 0.7103407755581669 0.554641598119859 0.6222091656874266 0.5499412455934195 0.6034077555816686 0.5499412455934195 0.5981198589894242 0.5540540540540541 0.5898942420681551 0.5975323149236192 0.5940070505287897 0.6063454759106933
0 0.6921269095182139 0.6692126909518213 0.700940070505288 0.6686251468860165 0.7038777908343126 0.6609870740305523 0.7032902467685076 0.6133960047003525 0.5887191539365453 0.6116333725029377 0.5869565217391305 0.6662749706227967
0 0.6980023501762632 0.7420681551116334 0.7027027027027027 0.7397179788484136 0.7062279670975323 0.7068155111633373 0.7062279670975323 0.6915393654524089 0.699764982373678 0.6839012925969448 0.6433607520564042 0.6780258519388954 0.5922444183313749 0.6786133960047004 0.5863689776733255 0.7303172737955347 0.5893066980023501 0.7391304347826086
0 0.6792009400705052 0.7972972972972973 0.7015276145710928 0.7937720329024677 0.699764982373678 0.7438307873090482 0.5951821386603995 0.7414806110458284 0.5863689776733255 0.7479435957696827 0.5881316098707403 0.7955346650998825
0 0.7038777908343126 0.8560517038777908 0.7085781433607521 0.8513513513513513 0.7132784958871915 0.8149236192714454 0.709165687426557 0.8014101057579318 0.6374853113983548 0.7978848413631022 0.5934195064629847 0.800822561692127 0.5910693301997649 0.8466509988249119 0.5951821386603995 0.854289071680376
0 0.690951821386604 0.9148061104582844 0.6968272620446534 0.900705052878966 0.6985898942420682 0.8613396004700352 0.5951821386603995 0.8554641598119859 0.5851938895417156 0.8584018801410106 0.5804935370152762 0.9018801410105758 0.5869565217391305 0.9095182138660399 0.6210340775558166 0.9142185663924794
0 0.6686251468860165 0.9723854289071681 0.6921269095182139 0.9688601645123385 0.6980023501762632 0.9277320799059929 0.6938895417156287 0.917743830787309 0.5851938895417156 0.918331374853114 0.581668625146886 0.9653349001175088 0.5857814336075206 0.9694477085781433
0 0.7391304347826086 0.9712103407755581 0.8055229142185664 0.9682726204465335 0.8096357226792009 0.964159811985899 0.8096357226792009 0.9206815511163338 0.7702702702702703 0.9165687426556992 0.7021151586368978 0.918918918918919 0.6980023501762632 0.9265569917743831 0.6956521739130435 0.9688601645123385
0 0.7262044653349001 0.9159811985898942 0.8066980023501763 0.9142185663924794 0.8119858989424207 0.9042303172737955 0.8119858989424207 0.86427732079906 0.7021151586368978 0.8625146886016452 0.699177438307873 0.9112808460634547 0.7056404230317274 0.9165687426556992
0 0.8143360752056404 0.8584018801410106 0.8213866039952996 0.8525264394829613 0.8260869565217391 0.8125734430082256 0.8219741480611046 0.8061104582843713 0.7168037602820212 0.8043478260869565 0.7097532314923619 0.8443008225616921 0.7126909518213866 0.854289071680376
0 0.8131609870740305 0.8043478260869565 0.8190364277320799 0.800822561692127 0.8237367802585194 0.7690951821386603 0.8207990599294948 0.7497062279670975 0.7220916568742656 0.7438307873090482 0.7097532314923619 0.7467685076380729 0.7062279670975323 0.7890716803760282 0.709165687426557 0.799059929494712 0.7596944770857814 0.8049353701527615
0 0.8166862514688602 0.7432432432432432 0.8225616921269095 0.7256169212690952 0.8243243243243243 0.6862514688601645 0.7121034077555817 0.6833137485311398 0.7068155111633373 0.7391304347826086 0.7526439482961222 0.7438307873090482
0 0.8155111633372503 0.6797884841363102 0.8243243243243243 0.6239717978848414 0.7244418331374853 0.6169212690951822 0.7097532314923619 0.6198589894242068 0.7056404230317274 0.6721504112808461
0 0.8284371327849589 0.618683901292597 0.8325499412455935 0.5628672150411281 0.7267920094007051 0.5581668625146886 0.7168037602820212 0.5658049353701528 0.7121034077555817 0.6069330199764983 0.7162162162162162 0.6133960047003525
0 0.8343125734430082 0.5599294947121034 0.8401880141010576 0.5223266745005876 0.8372502937720329 0.500587544065805 0.7350176263219741 0.49588719153936545 0.7250293772032902 0.4988249118683901 0.7191539365452408 0.5470035252643948 0.7232667450058754 0.554641598119859
0 0.827262044653349 0.5011750881316098 0.8331374853113983 0.49529964747356053 0.8390129259694477 0.45769682726204464 0.836075205640423 0.44300822561692127 0.7573443008225617 0.4336075205640423 0.7226792009400705 0.43537015276145713 0.717978848413631 0.4811985898942421 0.7209165687426558 0.491186839012926
0 0.954171562867215 0.5058754406580493 0.9612220916568742 0.4988249118683901 0.963572267920094 0.45534665099882493 0.9477085781433607 0.4383078730904818 0.9101057579318449 0.44300822561692127 0.8525264394829613 0.4418331374853114 0.8448883666274971 0.4471210340775558 0.8401880141010576 0.4917743830787309 0.8478260869565217 0.5017626321974148
0 0.954171562867215 0.5669800235017627 0.9623971797884842 0.5552291421856639 0.9670975323149236 0.5141010575793185 0.9629847238542891 0.5064629847238543 0.8484136310223267 0.5058754406580493 0.8437132784958872 0.5540540540540541 0.8490011750881316 0.5616921269095182
0 0.9459459459459459 0.6233842538190364 0.9518213866039953 0.6081081081081081 0.95475910693302 0.5699177438307873 0.8401880141010576 0.5646298472385429 0.8354876615746181 0.5987074030552292 0.8354876615746181 0.6151586368977673 0.8396004700352526 0.6204465334900118
0 0.9353701527614571 0.68213866039953 0.9459459459459459 0.6374853113983548 0.9418331374853114 0.6251468860164512 0.8384253819036428 0.6204465334900118 0.8307873090481787 0.6245593419506463 0.8237367802585194 0.6703877790834313 0.8266745005875441 0.6780258519388954
0 0.8401880141010576 0.7432432432432432 0.9347826086956522 0.7391304347826086 0.9412455934195064 0.709165687426557 0.9388954171562868 0.6880141010575793 0.9336075205640423 0.6839012925969448 0.8301997649823737 0.6862514688601645 0.8260869565217391 0.7373678025851939 0.8290246768507638 0.7426556991774383
0 0.9247943595769683 0.8043478260869565 0.9330199764982373 0.7972972972972973 0.936545240893067 0.7655699177438308 0.9300822561692127 0.7438307873090482 0.8349001175088132 0.7461809635722679 0.8249118683901293 0.7502937720329025 0.8213866039952996 0.7878965922444183 0.8243243243243243 0.8037602820211516
0 0.927144535840188 0.8584018801410106 0.9341950646298472 0.8513513513513513 0.9388954171562868 0.818448883666275 0.9388954171562868 0.809048178613396 0.9336075205640423 0.8025851938895417 0.9171562867215041 0.8061104582843713 0.8349001175088132 0.8049353701527615 0.8284371327849589 0.809048178613396 0.8237367802585194 0.8478260869565217 0.8266745005875441 0.8554641598119859
0 0.927144535840188 0.9136310223266745 0.9388954171562868 0.8901292596944771 0.9400705052878966 0.8595769682726204 0.9347826086956522 0.8531139835487661 0.9253819036427732 0.8601645123384254 0.8337250293772033 0.8578143360752056 0.8202115158636898 0.8654524089306698 0.81786133960047 0.899529964747356 0.8266745005875441 0.9083431257344301
0 0.8883666274970623 0.9700352526439483 0.9159811985898942 0.9682726204465335 0.9236192714453584 0.9629847238542891 0.9306698002350177 0.9277320799059929 0.9242068155111633 0.9153936545240893 0.8396004700352526 0.9118683901292597 0.8155111633372503 0.9065804935370153 0.8096357226792009 0.9512338425381903 0.8172737955346651 0.9659224441833137 0.8443008225616921 0.9706227967097533
0 0.1844888366627497 0.599882491186839 0.20329024676850763 0.5963572267920094 0.2044653349001175 0.5411280846063454 0.08960047003525265 0.5390716803760282 0.09253819036427732 0.5934195064629847
0 0.18566392479435959 0.20740305522914218 0.23384253819036427 0.20387779083431257 0.2309048178613396 0.1445358401880141 0.21680376028202114 0.1410105757931845 0.1028202115158637 0.13954171562867215 0.1028202115158637 0.20270270270270271
0 0.21974148061104584 0.27438307873090484 0.22326674500587543 0.21327849588719153 0.17332549941245592 0.20799059929494712 0.10282021151586376 0.20564042303172736 0.10428907168037606 0.23501762632197415 0.1042890716803761 0.27320799059929496
0 0.21856639247943596 0.33783783783783783 0.2256169212690952 0.33313748531139836 0.2256169212690952 0.2779083431257344 0.22032902467685075 0.27379553466509987 0.1028202115158637 0.27173913043478265 0.099882491186839 0.33343125734430085
0 0.21621621621621623 0.4103995299647472 0.21621621621621623 0.3492949471210339 0.09841363102232667 0.342244418331375 0.09841363102232667 0.4054054054054055
0 0.21621621621621623 0.47414806110458285 0.22209165687426558 0.4706227967097532 0.2209165687426557 0.41656874265569915 0.21680376028202114 0.41245593419506466 0.16392479435957696 0.41245593419506466 0.09694477085781433 0.4098119858989424 0.09253819036427732 0.4670975323149236
0 0.2291421856639248 0.07050528789659226 0.10869565217391308 0.06022326674500596 0.10282021151586376 0.13513513513513523 0.2262044653349003 0.13219741480611047
0 0.6462984723854289 0.02497062279670977 0.7667450058754407 0.042596944770857834 0.7505875440658052 0.09400705052878966 0.6404230317273796 0.08519388954171567
0 0.77262044653349 0.01762632197414808 0.8915981198589895 0.04553466509988251 0.8783783783783784 0.10428907168037603 0.7696827262044653 0.08078730904817864
0 0.9004112808460635 0.058754406580493586 0.9958871915393659 0.07197414806110458 0.9958871915393654 0.1248531139835488 0.8930669800235017 0.1145710928319624