0 0.11166253101736973 0.717741935483871 0.13895781637717122 0.7016129032258065 0.13771712158808933 0.46774193548387094 0 0.4435483870967742 0.0037220843672456576 0.6935483870967742
0 0.8238213399503722 0.25 0.8312655086848635 0.20161290322580644 0.8275434243176178 0 0.6769928496189744 0 0.6785806510846566 0.27154435299918156
0 0.9832566435490465 0.3063430560636438 1 0.2851393519104115 1 0.23743089118159297 1 0 0.8411910669975186 0.024193548387096774 0.8437145474868203 0.297358568759855
0 0.9950372208436724 0.5403225806451613 0.9975186104218362 0.5241935483870968 0.9975186104218362 0.31451612903225806 0.9937965260545906 0.2903225806451613 0.8430513448025707 0.3063430560636438 0.8434589121986736 0.5342830526485547 0.8647642679900744 0.532258064516129 0.8997040524366251 0.5342830526485545
0 0.7965260545905707 0.5080645161290323 0.8320390950331873 0.5035653478162339 0.8325062034739454 0.25806451612903225 0.6836228287841191 0.25806451612903225 0.6799007444168734 0.28225806451612906 0.6809385100873562 0.527531713339628
0 0.6104218362282878 0.5241935483870968 0.6786600496277916 0.5161290322580645 0.6778707163983531 0.3061369960462893 0.6788938813086499 0.29781977241222224 0.5694789081885856 0.2903225806451613 0.5645534656928104 0.29116603157819704 0.5282305649399165 0.2961563530675611 0.5289979386226392 0.43089535055729417 0.5279747541967226 0.5290386148214368 0.5347394540942928 0.532258064516129
0 0.0700744416873449 0.8467741935483871 0.13866004962779158 0.2135483870967742
0 0.2955831265508685 0.1588709677419355 0.14012406947890818 0.2229032258064516
0 0.2941191066997519 0.4198387096774194 0.14451612903225808 0.2229032258064516
0 0.44933002481389583 0.43725806451612903 0.15277915632754344 0.22935483870967743
0 0.4473697270471464 0.1803225806451613 0.14741935483870966 0.23725806451612905
0 0.5995533498759306 0.16370967741935485 0.14960297766749378 0.20403225806451614