0 0.4381338742393509 0.9912280701754386 0.43711967545638947 0.8888888888888888 0.30831643002028397 0.8859649122807017 0.31135902636916835 0.9883040935672515
0 0.43610547667342797 0.8801169590643275 0.43711967545638947 0.7719298245614035 0.30831643002028397 0.7748538011695907 0.3133874239350913 0.8771929824561403
0 0.43610547667342797 0.7631578947368421 0.43509127789046653 0.6608187134502924 0.30628803245436104 0.6578947368421053 0.31135902636916835 0.7602339181286549
0 0.4340770791075051 0.6578947368421053 0.43509127789046653 0.5380116959064327 0.30425963488843816 0.5350877192982456 0.30730223123732253 0.6432748538011696
0 0.44016227180527384 0.5233918128654971 0.43914807302231235 0.39766081871345027 0.30831643002028397 0.4064327485380117 0.31135902636916835 0.52046783625731
0 0.4462474645030426 0.3830409356725146 0.44523326572008115 0.26900584795321636 0.31237322515212984 0.2777777777777778 0.3174442190669371 0.38596491228070173
0 0.8316430020283976 0.13157894736842105 0.8640973630831643 0.11988304093567251 0.8610547667342799 0.005847953216374269 0.7302231237322515 0.014619883040935672 0.7352941176470589 0.13450292397660818
0 0.8620689655172413 0.260233918128655 0.8651115618661258 0.14619883040935672 0.7322515212981744 0.14327485380116958 0.7352941176470589 0.2573099415204678
0 0.9939148073022313 0.14912280701754385 1 0.043859649122807015 0.9866705302810779 0.033416875522138643 0.982323964068386 0.03968253968253963 0.8678643871341639 0.020885547201336643 0.8661257606490872 0.12573099415204678 0.8732251521298174 0.14035087719298245
0 0.9858012170385395 0.26608187134502925 0.9959432048681541 0.2543859649122807 0.9949290060851927 0.15204678362573099 0.8681541582150102 0.14912280701754385 0.8691683569979716 0.25146198830409355
0 0.9878296146044625 0.3888888888888889 0.9939148073022313 0.3362573099415205 0.9888438133874239 0.26900584795321636 0.8620689655172413 0.2719298245614035 0.8600405679513184 0.3654970760233918 0.8671399594320487 0.38596491228070173
0 0.8559837728194726 0.37719298245614036 0.8549695740365112 0.26900584795321636 0.7241379310344828 0.26608187134502925 0.7231237322515213 0.3742690058479532
0 0.7200811359026369 0.3713450292397661 0.7190669371196755 0.2573099415204678 0.59026369168357 0.260233918128655 0.5912778904665315 0.36257309941520466
0 0.5821501014198783 0.37719298245614036 0.5831643002028397 0.2573099415204678 0.45030425963488846 0.26608187134502925 0.45030425963488846 0.3654970760233918 0.45740365111561865 0.38011695906432746
0 0.5699797160243407 0.5116959064327485 0.5801217038539553 0.5 0.5730223123732252 0.38596491228070173 0.44421906693711966 0.40058479532163743 0.44421906693711966 0.48830409356725146 0.45334685598377283 0.5146198830409356
0 0.5740365111561866 0.6403508771929824 0.5760649087221096 0.5350877192982456 0.5689655172413793 0.52046783625731 0.4421906693711968 0.5233918128654971 0.44523326572008115 0.631578947368421
0 0.5720081135902637 0.7573099415204678 0.5709939148073022 0.6491228070175439 0.4421906693711968 0.6403508771929824 0.44726166328600403 0.7485380116959064
0 0.5720081135902637 0.868421052631579 0.5709939148073022 0.7660818713450293 0.44016227180527384 0.7690058479532164 0.4432048681541582 0.8713450292397661
0 0.5294117647058824 0.9853801169590644 0.577079107505071 0.9824561403508771 0.5780933062880325 0.8801169590643275 0.4462474645030426 0.8859649122807017 0.44929006085192696 0.9883040935672515
0 0.6369168356997972 0.97953216374269 0.7068965517241379 0.9766081871345029 0.7119675456389453 0.8742690058479532 0.5801217038539553 0.8742690058479532 0.5811359026369168 0.9766081871345029
0 0.6937119675456389 0.868421052631579 0.7079107505070994 0.8625730994152047 0.7068965517241379 0.7543859649122807 0.5760649087221096 0.7573099415204678 0.577079107505071 0.8654970760233918
0 0.7079107505070994 0.7456140350877193 0.7109533468559838 0.6374269005847953 0.5801217038539553 0.6461988304093568 0.5811359026369168 0.7426900584795322
0 0.7099391480730223 0.6286549707602339 0.7089249492900609 0.5146198830409356 0.5872210953346856 0.5087719298245614 0.5780933062880325 0.5350877192982456 0.5811359026369168 0.6257309941520468
0 0.6997971602434077 0.5058479532163743 0.7200811359026369 0.49415204678362573 0.7170385395537525 0.38596491228070173 0.5841784989858012 0.40058479532163743 0.5892494929006086 0.5087719298245614
0 0.8519269776876268 0.5116959064327485 0.8509127789046653 0.39766081871345027 0.7241379310344828 0.3888888888888889 0.7251521298174443 0.5029239766081871
0 0.847870182555781 0.6169590643274854 0.8488843813387424 0.5146198830409356 0.7210953346855984 0.5029239766081871 0.716024340770791 0.5350877192982456 0.7190669371196755 0.6140350877192983
0 0.8498985801217038 0.7339181286549707 0.8509127789046653 0.6257309941520468 0.7200811359026369 0.6286549707602339 0.7231237322515213 0.7309941520467836
0 0.8438133874239351 0.8508771929824561 0.8448275862068966 0.7426900584795322 0.7139959432048681 0.7397660818713451 0.7150101419878296 0.8538011695906432
0 0.7281947261663286 0.9678362573099415 0.8407707910750507 0.9649122807017544 0.8438133874239351 0.868421052631579 0.7150101419878296 0.8596491228070176 0.7139959432048681 0.956140350877193
0 0.8742393509127789 0.9912280701754386 0.9645030425963489 0.9824561403508771 0.9716024340770791 0.8859649122807017 0.8529411764705882 0.8830409356725146 0.8438133874239351 0.9853801169590644
0 0.9087221095334685 0.8801169590643275 0.9726166328600405 0.8771929824561403 0.9756592292089249 0.7748538011695907 0.845841784989858 0.7748538011695907 0.8488843813387424 0.8771929824561403
0 0.9756592292089249 0.7631578947368421 0.9827586206896551 0.6549707602339181 0.8539553752535497 0.6578947368421053 0.8549695740365112 0.7602339181286549
0 0.9837728194726166 0.6461988304093568 0.9807302231237323 0.5263157894736842 0.8539553752535497 0.5292397660818714 0.8569979716024341 0.6491228070175439
0 0.9817444219066938 0.5233918128654971 0.9898580121703854 0.5116959064327485 0.986815415821501 0.40350877192982454 0.8600405679513184 0.40058479532163743 0.8630831643002028 0.5263157894736842
0 0.38249492900608517 0.20257309941520468 0.13184584178498987 0.12947368421052632
0 0.6617647058823529 0.17228070175438598 0.1354766734279919 0.12321637426900585
0 0.5262880324543611 0.18900584795321637 0.13835699797160242 0.11070175438596491
0 0.24884381338742395 0.20994152046783626 0.1354766734279919 0.11070175438596491
0 0.24734279918864097 0.32976608187134504 0.13184584178498987 0.10719298245614034
0 0.2428397565922921 0.5864327485380117 0.1228397565922921 0.10719298245614034
0 0.2434077079107505 0.4661988304093567 0.12395537525354969 0.12023391812865496
0 0.24397565922920894 0.7017543859649122 0.1228397565922921 0.09748538011695908
0 0.2467951318458418 0.8089473684210527 0.11945233265720082 0.11046783625730995
0 0.24791075050709938 0.9308187134502923 0.11945233265720082 0.1007017543859649