0 0.4798206278026906 0.09770114942528736 0.4820627802690583 0 0.31689088191330345 0.0019157088122605363 0.3221225710014948 0.0842911877394636
0 0.5968396327140723 0.1475095785440613 0.646166986974162 0.14367816091954022 0.6480888319453343 0.03557744937055279 0.48579970104633774 0.03557744937055279 0.4854793935511425 0.14559386973180077
0 0.7294469357249627 0.1206896551724138 0.8363228699551569 0.11494252873563218 0.8400597907324364 0.013409961685823755 0.8363228699551569 0 0.6711509715994021 0.005747126436781609 0.6763826606875935 0.12260536398467432
0 0.9850523168908819 0.09003831417624521 0.9970104633781763 0.07854406130268199 0.9992526158445441 0 0.8400597907324364 0.0019157088122605363 0.8423019431988041 0.08812260536398467
0 0.5799701046337817 0.27011494252873564 0.6420029895366218 0.2681992337164751 0.6472346786248132 0.2471264367816092 0.6457399103139013 0.15517241379310345 0.4798206278026906 0.15900383141762453 0.4850523168908819 0.2720306513409962
0 0.1554559043348281 0.3390804597701149 0.1517189835575486 0.2260536398467433 0.020179372197309416 0.19540229885057472 0.01046337817638266 0.2049808429118774 0.013452914798206279 0.28160919540229884 0.023168908819133034 0.3065134099616858
0 0.4798206278026906 0.36973180076628354 0.4790732436472347 0.26053639846743293 0.32286995515695066 0.27011494252873564 0.32585949177877427 0.3544061302681992 0.3310911808669656 0.36398467432950193
0 0.6457399103139013 0.3773946360153257 0.6434977578475336 0.2681992337164751 0.4828101644245142 0.28160919540229884 0.4828101644245142 0.3544061302681992 0.48953662182361735 0.37547892720306514
0 0.8535127055306427 0.3773946360153257 0.9828101644245142 0.3524904214559387 0.9865470852017937 0.25862068965517243 0.8333333333333334 0.26053639846743293 0.8288490284005979 0.24904214559386972 0.828101644245142 0.36973180076628354
0 0.7742899850523169 0.4885057471264368 0.819880418535127 0.48659003831417624 0.8251121076233184 0.46934865900383144 0.8251121076233184 0.38122605363984674 0.6636771300448431 0.39272030651340994 0.6636771300448431 0.4731800766283525 0.6704035874439462 0.48659003831417624
0 0.6472346786248132 0.48084291187739464 0.6532137518684604 0.4731800766283525 0.6509715994020927 0.3793103448275862 0.49028400597907323 0.38122605363984674 0.48878923766816146 0.46551724137931033 0.49551569506726456 0.4789272030651341
0 0.47832585949177875 0.49616858237547895 0.4857997010463378 0.46934865900383144 0.4857997010463378 0.39655172413793105 0.48056801195814647 0.3716475095785441 0.32585949177877427 0.36590038314176243 0.3295964125560538 0.4789272030651341
0 0.17040358744394618 0.4501915708812261 0.16517189835575485 0.3448275862068966 0.025411061285500747 0.31992337164750956 0.025411061285500747 0.39655172413793105 0.033632286995515695 0.42528735632183906
0 0.15844544095665172 0.5766283524904214 0.16442451420029897 0.5689655172413793 0.16741405082212257 0.5306513409961686 0.1576980568011958 0.4674329501915709 0.026905829596412557 0.43486590038314177 0.028400597907324365 0.5229885057471264 0.03811659192825112 0.5440613026819924
0 0.3213751868460389 0.5996168582375478 0.3213751868460389 0.5 0.3146487294469357 0.4904214559386973 0.2249626307922272 0.4674329501915709 0.16890881913303438 0.47701149425287354 0.1756352765321375 0.5747126436781609
0 0.484304932735426 0.6111111111111112 0.4790732436472347 0.5057471264367817 0.3273542600896861 0.5 0.3310911808669656 0.6053639846743295
0 0.6442451420029895 0.6111111111111112 0.6449925261584455 0.5095785440613027 0.4857997010463378 0.5153256704980843 0.4940209267563528 0.6130268199233716
0 0.6771300448430493 0.6226053639846744 0.8168908819133034 0.6168582375478927 0.820627802690583 0.5229885057471264 0.8168908819133034 0.5095785440613027 0.6629297458893871 0.5134099616858238 0.6606875934230194 0.6187739463601533
0 0.8400597907324364 0.7145593869731801 0.976831091180867 0.7126436781609196 0.9805680119581465 0.6264367816091954 0.9738415545590433 0.6130268199233716 0.827354260089686 0.6130268199233716 0.8251121076233184 0.6839080459770115 0.8318385650224215 0.7126436781609196
0 0.8490284005979073 0.8180076628352491 0.9663677130044843 0.8160919540229885 0.9730941704035875 0.8065134099616859 0.9775784753363229 0.7145593869731801 0.827354260089686 0.7126436781609196 0.8266068759342302 0.814176245210728
0 0.8236173393124065 0.9137931034482759 0.9588938714499252 0.9042145593869731 0.968609865470852 0.8256704980842912 0.8288490284005979 0.8199233716475096 0.8161434977578476 0.8639846743295019 0.8176382660687593 0.9099616858237548
0 0.9476831091180867 0.9942528735632183 0.9581464872944694 0.9865900383141762 0.9588938714499252 0.9042145593869731 0.819880418535127 0.9157088122605364 0.8116591928251121 0.9367816091954023 0.8139013452914798 0.9961685823754789
0 0.8056801195814649 0.9980842911877394 0.8086696562032885 0.9367816091954023 0.8034379671150972 0.9272030651340997 0.6547085201793722 0.9367816091954023 0.6554559043348281 1
0 0.7399103139013453 0.9329501915708812 0.8109118086696562 0.9272030651340997 0.8146487294469357 0.8448275862068966 0.671898355754858 0.8467432950191571 0.6629297458893871 0.8237547892720306 0.6591928251121076 0.8371647509578544 0.6599402092675636 0.9272030651340997
0 0.7234678624813154 0.8448275862068966 0.819880418535127 0.8390804597701149 0.8251121076233184 0.8295019157088123 0.8266068759342302 0.7337164750957854 0.8228699551569507 0.7203065134099617 0.8183856502242153 0.7394636015325671 0.6823617339312407 0.7432950191570882 0.6666666666666666 0.7567049808429118 0.671898355754858 0.842911877394636
0 0.7399103139013453 0.7413793103448276 0.8168908819133034 0.7394636015325671 0.820627802690583 0.6264367816091954 0.7571001494768311 0.6168582375478927 0.6606875934230194 0.6340996168582376 0.6659192825112108 0.7432950191570882
0 0.5112107623318386 0.710727969348659 0.6539611360239163 0.7049808429118773 0.6547085201793722 0.60727969348659 0.6509715994020927 0.5977011494252874 0.6464872944693573 0.6130268199233716 0.5 0.6130268199233716 0.4992526158445441 0.7030651340996169
0 0.4857997010463378 0.7183908045977011 0.48355754857997013 0.6130268199233716 0.3303437967115097 0.6111111111111112 0.33408071748878926 0.7011494252873564
0 0.3273542600896861 0.7068965517241379 0.3236173393124066 0.6053639846743295 0.17638266068759342 0.5842911877394636 0.18310911808669655 0.6819923371647509
0 0.17339312406576982 0.6839080459770115 0.1711509715994021 0.578544061302682 0.03288490284005979 0.5498084291187739 0.03811659192825112 0.6475095785440613
0 0.17638266068759342 0.7988505747126436 0.1726457399103139 0.6973180076628352 0.03587443946188341 0.6532567049808429 0.0343796711509716 0.7337164750957854 0.03961136023916293 0.7509578544061303
0 0.32585949177877427 0.8065134099616859 0.3277813511797725 0.7012101841036675 0.3006807674691452 0.7032541904328552 0.18191621937448912 0.6828138152456042 0.1860986547085202 0.7816091954022989
0 0.4828101644245142 0.8295019157088123 0.4872944693572496 0.8180076628352491 0.4850523168908819 0.7241379310344828 0.33408071748878926 0.7049808429118773 0.3303437967115097 0.7145593869731801 0.33183856502242154 0.7950191570881227 0.33707025411061287 0.8122605363984674
0 0.624813153961136 0.8180076628352491 0.6532137518684604 0.814176245210728 0.6524663677130045 0.7088122605363985 0.4977578475336323 0.7222222222222222 0.5029895366218237 0.8199233716475096
0 0.6502242152466368 0.9291187739463601 0.6547085201793722 0.8831417624521073 0.6509715994020927 0.8237547892720306 0.4992526158445441 0.8256704980842912 0.5014947683109118 0.9157088122605364
0 0.648729446935725 0.9980842911877394 0.647982062780269 0.9310344827586207 0.4992526158445441 0.921455938697318 0.5014947683109118 1
0 0.32585949177877427 0.8869731800766284 0.3243647234678625 0.8180076628352491 0.31913303437967117 0.8084291187739464 0.2055306427503737 0.7854406130268199 0.18460388639760836 0.7854406130268199 0.18086696562032886 0.7988505747126436 0.18236173393124067 0.8524904214559387 0.1905829596412556 0.8697318007662835
0 0.17937219730941703 0.8754789272030651 0.17713004484304934 0.8007662835249042 0.05455904334828102 0.7547892720306514 0.04035874439461883 0.7605363984674329 0.043348281016442454 0.8180076628352491 0.05007473841554559 0.8314176245210728
0 0.17189835575485798 0.975095785440613 0.17638266068759342 0.9674329501915708 0.17638266068759342 0.9176245210727969 0.1681614349775785 0.8735632183908046 0.04857997010463378 0.8314176245210728 0.03736920777279522 0.8409961685823755 0.03886397608370702 0.9176245210727969 0.04708520179372197 0.9348659003831418
0 0.32286995515695066 0.9980842911877394 0.32585949177877427 0.9061302681992337 0.31913303437967117 0.89272030651341 0.2055306427503737 0.8773946360153256 0.17787742899850523 0.8869731800766284 0.1860986547085202 0.9961685823754789
0 0.47832585949177875 0.9367816091954023 0.4798206278026906 0.8371647509578544 0.4760837070254111 0.8314176245210728 0.3475336322869955 0.8160919540229885 0.32585949177877427 0.8218390804597702 0.32884902840059793 0.9099616858237548 0.33408071748878926 0.9272030651340997
0 0.14378247562104068 0.1131180441525269 0.0007117944337675467 0.08939974457215832 0.009965122072745388 0.1933953658091589 0.15090041995871595 0.22441160372194854
0 0.15232400882625094 0.08392629082284252 0.30749519538757203 0.12771392081736901 0.30891878425510705 0.24265644955300125 0.15303580326001845 0.18974639664294826
0 0.3131895508577123 0.14230979748221126 0.470496120720336 0.15325670498084287 0.4733432984554061 0.26272577996715935 0.31247775642394476 0.25542784163473814
0 0.8071748878923765 0.13683634373289544 0.6470211402946828 0.1441342820653165 0.6448857569933802 0.25907681080094874 0.8057512990248414 0.24083196496989595
0 0.6626806178375685 0.28279511038131727 0.8242579543027972 0.2663747491333698 0.8242579543027972 0.3758438241196861 0.6655277955726387 0.3794927932858967
0 0.8363584596768452 0.14778325123152702 0.9943768239732366 0.13866082831600074 0.9893942629368638 0.25542784163473814 0.8335112819417752 0.24995438788542237
0 0.3359669727382732 0.9286626528005838 0.49469713146843186 0.9432585294654259 0.49184995373336177 1 0.3409495337746459 1
0 0.17011886967043918 0.35212552453931767 0.32101928962915505 0.37037037037037046 0.3231546729304577 0.4834884145228973 0.17510143070681186 0.45612114577631824
0 0.15730656986262365 0.23535851122058016 0.30607160652003695 0.24812990330231707 0.3082069898213396 0.35577449370552816 0.16015374759769374 0.34117861704068597
0 0.82924051533917 0.39226418536763363 0.980140935297886 0.3849662470352126 0.9744465798277456 0.4907863528553183 0.830664104206705 0.49625980660463415
0 0.981564524165421 0.5126801678525816 0.8320876930742401 0.5181536216018975 0.8313758986404726 0.6130268199233716 0.9829881130329562 0.6002554278416347
0 0.1729660474055093 0.9961685823754789 0.04163997437540039 0.9441707717569785 0.043775357676703 0.9989053092501367