0 0.9851576994434137 0.12955032119914348 0.9907235621521335 0.11027837259100642 0.9860853432282004 0.07494646680942184 0.7606679035250464 0.06531049250535331 0.7588126159554731 0.10813704496788008 0.787569573283859 0.12205567451820129
0 0.9795918367346939 0.1809421841541756 0.9851576994434137 0.17237687366167023 0.9823747680890538 0.13062098501070663 0.7987012987012987 0.12419700214132762 0.7653061224489796 0.11563169164882227 0.7551020408163265 0.12312633832976445 0.7532467532467533 0.16809421841541755 0.7653061224489796 0.17558886509635974
0 0.9758812615955473 0.2366167023554604 0.9833024118738405 0.23233404710920771 0.9851576994434137 0.21734475374732334 0.9851576994434137 0.1937901498929336 0.9768089053803339 0.1841541755888651 0.7578849721706865 0.17558886509635974 0.75139146567718 0.18950749464668093 0.7532467532467533 0.22162740899357602 0.7727272727272727 0.23554603854389722
0 0.9387755102040817 0.29229122055674517 0.9721706864564007 0.2880085653104925 0.9730983302411874 0.2398286937901499 0.7801484230055659 0.23768736616702354 0.74860853432282 0.2291220556745182 0.7365491651205937 0.2558886509635974 0.7467532467532467 0.2890792291220557
0 0.23747680890538034 0.3329764453961456 0.23840445269016697 0.278372591006424 0.05473098330241188 0.2698072805139186 0.012987012987012988 0.2751605995717345 0.015769944341372914 0.32548179871520344
0 0.287569573283859 0.3372591006423983 0.48144712430426717 0.3340471092077088 0.49165120593692024 0.3265524625267666 0.4897959183673469 0.28586723768736616 0.48144712430426717 0.278372591006424 0.2588126159554731 0.2826552462526767 0.2597402597402597 0.3372591006423983
0 0.6660482374768089 0.341541755888651 0.7226345083487941 0.33832976445396146 0.7235621521335807 0.2944325481798715 0.5074211502782932 0.28051391862955033 0.4935064935064935 0.2880085653104925 0.49814471243042674 0.33832976445396146
0 0.9239332096474954 0.34582441113490364 0.9647495361781077 0.3436830835117773 0.963821892393321 0.29336188436830835 0.8246753246753247 0.2955032119914347 0.7393320964749536 0.28693790149892934 0.7309833024118738 0.2987152034261242 0.7328385899814471 0.3329764453961456 0.7448979591836735 0.34475374732334046
0 0.8831168831168831 0.3993576017130621 0.9619666048237476 0.39400428265524623 0.9666048237476809 0.34582441113490364 0.735621521335807 0.34475374732334046 0.7328385899814471 0.35224839400428265 0.7346938775510204 0.3822269807280514 0.7430426716141002 0.3961456102783726
0 0.6029684601113172 0.3950749464668094 0.7207792207792207 0.39186295503211993 0.7272727272727273 0.38650963597430404 0.7272727272727273 0.3436830835117773 0.49536178107606677 0.3436830835117773 0.49814471243042674 0.39400428265524623
0 0.48237476808905383 0.39079229122055675 0.4935064935064935 0.38436830835117775 0.487012987012987 0.3361884368308351 0.25788497217068646 0.341541755888651 0.2625231910946197 0.3897216274089936
0 0.23933209647495363 0.3929336188436831 0.24489795918367346 0.37794432548179874 0.24025974025974026 0.3361884368308351 0.023191094619666047 0.32548179871520344 0.012987012987012988 0.33083511777301927 0.014842300556586271 0.367237687366167 0.0287569573283859 0.37901498929336186
0 0.23376623376623376 0.4443254817987152 0.24118738404452691 0.4421841541755889 0.24118738404452691 0.3993576017130621 0.23283858998144713 0.39400428265524623 0.02504638218923933 0.37901498929336186 0.014842300556586271 0.38436830835117775 0.014842300556586271 0.4271948608137045 0.026901669758812616 0.4346895074946467
0 0.4230055658627087 0.4486081370449679 0.47588126159554733 0.4475374732334047 0.47866419294990725 0.39721627408993576 0.2588126159554731 0.3897216274089936 0.24304267161410018 0.39721627408993576 0.24768089053803338 0.44539614561027835
0 0.7031539888682746 0.45074946466809424 0.7161410018552876 0.4421841541755889 0.7161410018552876 0.40364025695931477 0.7059369202226345 0.3961456102783726 0.48608534322820035 0.39721627408993576 0.4842300556586271 0.43576017130620986 0.4907235621521336 0.44539614561027835
0 0.9276437847866419 0.4550321199143469 0.9424860853432282 0.4443254817987152 0.9359925788497218 0.4004282655246253 0.7226345083487941 0.39400428265524623 0.7179962894248608 0.40364025695931477 0.7179962894248608 0.4421841541755889 0.7282003710575139 0.4518201284796574
0 0.9257884972170687 0.5085653104925053 0.9332096474953617 0.493576017130621 0.9304267161410018 0.4582441113490364 0.7152133580705009 0.4539614561027837 0.7087198515769945 0.46359743040685225 0.7115027829313544 0.5053533190578159
0 0.7031539888682746 0.5 0.7087198515769945 0.4678800856531049 0.7040816326530612 0.4518201284796574 0.47680890538033394 0.45289079229122053 0.47959183673469385 0.4989293361884368
0 0.39332096474953615 0.5021413276231264 0.47031539888682744 0.4989293361884368 0.47309833024118736 0.45289079229122053 0.24489795918367346 0.45074946466809424 0.24768089053803338 0.49678800856531047
0 0.24118738404452691 0.49571734475374735 0.23840445269016697 0.44539614561027835 0.02040816326530612 0.4400428265524625 0.02040816326530612 0.480728051391863 0.026901669758812616 0.49036402569593146
0 0.17439703153988867 0.5513918629550322 0.22170686456400743 0.550321199143469 0.22448979591836735 0.5042826552462527 0.0018552875695732839 0.49571734475374735 0.0037105751391465678 0.538543897216274 0.017625231910946195 0.5481798715203426
0 0.22820037105751392 0.6049250535331906 0.22541743970315398 0.550321199143469 0.01020408163265306 0.550321199143469 0.0055658627087198514 0.5642398286937902 0.013914656771799629 0.6038543897216274
0 0.2300556586270872 0.6563169164882227 0.23562152133580705 0.6177730192719486 0.22912801484230055 0.6059957173447538 0.011131725417439703 0.607066381156317 0.014842300556586271 0.645610278372591 0.023191094619666047 0.6509635974304069
0 0.22077922077922077 0.7012847965738758 0.22820037105751392 0.6970021413276232 0.22356215213358072 0.6573875802997858 0.00927643784786642 0.6541755888650964 0.012987012987012988 0.6948608137044968 0.01948051948051948 0.7002141327623126
0 0.23376623376623376 0.7483940042826552 0.22912801484230055 0.702355460385439 0.014842300556586271 0.7055674518201285 0.01948051948051948 0.7430406852248393
0 0.22820037105751392 0.8019271948608137 0.23376623376623376 0.7997858672376874 0.22912801484230055 0.7537473233404711 0.016697588126159554 0.7462526766595289 0.023191094619666047 0.7901498929336188
0 0.23376623376623376 0.8490364025695931 0.23376623376623376 0.8104925053533191 0.22727272727272727 0.8029978586723768 0.02040816326530612 0.7955032119914347 0.02040816326530612 0.8233404710920771 0.038033395176252316 0.8372591006423983
0 0.23376623376623376 0.8982869379014989 0.23469387755102042 0.8522483940042827 0.02040816326530612 0.8383297644539615 0.0287569573283859 0.8779443254817987
0 0.2300556586270872 0.943254817987152 0.24118738404452691 0.9411134903640257 0.23654916512059368 0.8993576017130621 0.029684601113172542 0.8811563169164882 0.036178107606679034 0.9229122055674518
0 0.2523191094619666 0.9839400428265525 0.2523191094619666 0.9539614561027837 0.24211502782931354 0.9421841541755889 0.03525046382189239 0.9282655246252677 0.03339517625231911 0.9561027837259101 0.05658627087198516 0.9700214132762313
0 0.44155844155844154 0.9882226980728052 0.4749536178107607 0.9839400428265525 0.46660482374768086 0.9464668094218416 0.2597402597402597 0.949678800856531 0.2597402597402597 0.9732334047109208 0.2699443413729128 0.9892933618843683
0 0.4619666048237477 0.9453961456102784 0.46567717996289426 0.917558886509636 0.45918367346938777 0.9014989293361885 0.24768089053803338 0.8972162740899358 0.24304267161410018 0.9047109207708779 0.24675324675324675 0.9389721627408993 0.2532467532467532 0.9443254817987152
0 0.4601113172541744 0.8576017130620985 0.46382189239332094 0.8147751605995718 0.45732838589981445 0.8094218415417559 0.2699443413729128 0.8029978586723768 0.24118738404452691 0.8083511777301927 0.24582560296846012 0.8522483940042827
0 0.45083487940630795 0.9004282655246253 0.4601113172541744 0.8961456102783726 0.45732838589981445 0.8586723768736617 0.24304267161410018 0.8554603854389722 0.24768089053803338 0.8972162740899358
0 0.4601113172541744 0.8062098501070664 0.4619666048237477 0.7740899357601713 0.4554730983302412 0.7601713062098501 0.23562152133580705 0.7569593147751607 0.24211502782931354 0.8008565310492506
0 0.4489795918367347 0.7591006423982869 0.45640074211502785 0.7526766595289079 0.4517625231910946 0.7109207708779444 0.23376623376623376 0.7077087794432548 0.23562152133580705 0.7483940042826552 0.24582560296846012 0.7537473233404711
0 0.4582560296846011 0.7077087794432548 0.45732838589981445 0.6616702355460385 0.23840445269016697 0.6552462526766595 0.23191094619666047 0.6627408993576017 0.23191094619666047 0.6948608137044968 0.24582560296846012 0.7044967880085653
0 0.4267161410018553 0.6605995717344754 0.46382189239332094 0.6563169164882227 0.46289424860853434 0.6102783725910065 0.23747680890538034 0.6134903640256959 0.24025974025974026 0.6552462526766595
0 0.39332096474953615 0.6113490364025695 0.46289424860853434 0.6059957173447538 0.4619666048237477 0.5578158458244111 0.23376623376623376 0.5599571734475375 0.23376623376623376 0.5985010706638115 0.24025974025974026 0.6124197002141327
0 0.3673469387755102 0.5578158458244111 0.45918367346938777 0.5546038543897216 0.46567717996289426 0.5471092077087795 0.46382189239332094 0.5085653104925053 0.23562152133580705 0.5021413276231264 0.23840445269016697 0.5546038543897216
0 0.6901669758812616 0.5535331905781584 0.699443413729128 0.5471092077087795 0.6966604823747681 0.5032119914346895 0.46567717996289426 0.5064239828693791 0.46567717996289426 0.5449678800856531 0.47217068645640076 0.5524625267665952
0 0.5473098330241187 0.607066381156317 0.6910946196660482 0.6059957173447538 0.6957328385899815 0.5578158458244111 0.46567717996289426 0.5578158458244111 0.4684601113172542 0.6059957173447538
0 0.5231910946196661 0.658458244111349 0.6985157699443414 0.6531049250535332 0.7012987012987013 0.6092077087794433 0.47680890538033394 0.6113490364025695 0.47959183673469385 0.6595289079229122
0 0.5194805194805194 0.7098501070663812 0.6836734693877551 0.702355460385439 0.686456400742115 0.6670235546038544 0.6818181818181818 0.6552462526766595 0.6669758812615956 0.6552462526766595 0.47217068645640076 0.6595289079229122 0.4619666048237477 0.6691648822269807 0.4647495361781076 0.708779443254818
0 0.5046382189239332 0.7591006423982869 0.6706864564007421 0.7537473233404711 0.6846011131725418 0.7419700214132763 0.6846011131725418 0.7077087794432548 0.4601113172541744 0.7141327623126338 0.4647495361781076 0.7601713062098501
0 0.5565862708719852 0.8126338329764454 0.6836734693877551 0.8051391862955032 0.686456400742115 0.7612419700214133 0.6743970315398887 0.7537473233404711 0.48886827458256027 0.7623126338329764 0.46382189239332094 0.7698072805139187 0.46660482374768086 0.8137044967880086
0 0.5510204081632653 0.8554603854389722 0.6836734693877551 0.8458244111349036 0.686456400742115 0.8104925053533191 0.6743970315398887 0.8051391862955032 0.5055658627087198 0.8137044967880086 0.4777365491651206 0.815845824411135 0.46938775510204084 0.8254817987152034 0.47031539888682744 0.8565310492505354
0 0.5473098330241187 0.9004282655246253 0.6781076066790352 0.8907922912205567 0.6808905380333952 0.8511777301927195 0.46382189239332094 0.8618843683083511 0.46660482374768086 0.9014989293361885
0 0.5807050092764379 0.943254817987152 0.6762523191094619 0.9379014989293362 0.6808905380333952 0.8982869379014989 0.6688311688311688 0.892933618843683 0.46567717996289426 0.9047109207708779 0.47031539888682744 0.9443254817987152
0 0.5454545454545454 0.9860813704496788 0.6836734693877551 0.9807280513918629 0.6883116883116883 0.9411134903640257 0.47309833024118736 0.9475374732334048 0.47959183673469385 0.987152034261242
0 0.7050092764378478 0.9817987152034261 0.8896103896103896 0.9700214132762313 0.8979591836734694 0.9346895074946466 0.6948051948051948 0.9379014989293362 0.6883116883116883 0.9796573875802997
0 0.7012987012987013 0.9346895074946466 0.891465677179963 0.9314775160599572 0.8979591836734694 0.8918629550321199 0.6873840445269017 0.8886509635974305 0.6846011131725418 0.9325481798715204
0 0.7717996289424861 0.8897216274089935 0.9007421150278293 0.8865096359743041 0.9072356215213359 0.8490364025695931 0.6938775510204082 0.8490364025695931 0.6966604823747681 0.8907922912205567
0 0.8645640074211502 0.8447537473233405 0.9063079777365491 0.8436830835117773 0.9128014842300557 0.8062098501070664 0.7077922077922078 0.8008565310492506 0.6985157699443414 0.8029978586723768 0.6938775510204082 0.8147751605995718 0.6966604823747681 0.8436830835117773 0.7857142857142857 0.8436830835117773 0.7931354359925789 0.828693790149893 0.7931354359925789 0.8436830835117773
0 0.9109461966604824 0.7997858672376874 0.9146567717996289 0.7826552462526767 0.8840445269016698 0.7516059957173448 0.6957328385899815 0.7569593147751607 0.6985157699443414 0.8008565310492506
0 0.8905380333951762 0.7483940042826552 0.8979591836734694 0.7419700214132763 0.898886827458256 0.7044967880085653 0.686456400742115 0.7055674518201285 0.686456400742115 0.7441113490364025 0.6929499072356216 0.7494646680942184
0 0.8998144712430427 0.7034261241970021 0.9146567717996289 0.6970021413276232 0.9137291280148423 0.6573875802997858 0.7022263450834879 0.6573875802997858 0.6957328385899815 0.671306209850107 0.6957328385899815 0.7012847965738758 0.7022263450834879 0.7044967880085653
0 0.87569573283859 0.658458244111349 0.9174397031539888 0.6531049250535332 0.922077922077922 0.6092077087794433 0.7031539888682746 0.6134903640256959 0.7031539888682746 0.6520342612419701 0.7115027829313544 0.6573875802997858
0 0.8608534322820037 0.6092077087794433 0.9211502782931354 0.6059957173447538 0.9239332096474954 0.5620985010706638 0.7012987012987013 0.5578158458244111 0.7040816326530612 0.6059957173447538
0 0.9276437847866419 0.5578158458244111 0.9304267161410018 0.5096359743040685 0.7133580705009277 0.5053533190578159 0.7068645640074211 0.5171306209850107 0.7068645640074211 0.5492505353319058 0.7189239332096475 0.556745182012848
0 0.37044526901669755 0.25267665952890794 0.2312987012987013 0.05710920770877945
0 0.025974025974025976 0.21127765881513202 0.24860853432282004 0.2269807280513919 0.24984539270253553 0.278372591006424 0.025974025974026 0.26552462526766596
0 0.5182436611008038 0.04425410421127764 0.7532467532467535 0.06281227694503924 0.7532467532467533 0.11705924339757315 0.5132962275819419 0.09421841541755889
0 0.764378478664193 0.009992862241256225 0.9894867037724179 0.019985724482512474 0.987012987012987 0.0699500356887937 0.7606679035250463 0.06281227694503928
0 0.5108225108225107 0.1598857958600999 0.7458256029684603 0.1827266238401142 0.7433518862090291 0.2412562455389008 0.5132962275819419 0.2155603140613847
0 0.4972170686456401 0.2198429693076374 0.4984539270253556 0.27408993576017127 0.7247990105132962 0.2855103497501784 0.7346938775510204 0.24553890078515342
0 0.5194805194805194 0.10563882940756601 0.5170068027210883 0.16559600285510345 0.7470624613481756 0.17130620985010706 0.743351886209029 0.12276945039257672