0 0.4064665127020785 0.18067226890756302 0.4122401847575058 0.09663865546218488 0.40473441108545033 0.08403361344537816 0.2199769053117783 0.0392156862745098 0.21593533487297922 0.046218487394957986 0.21362586605080833 0.13025210084033614 0.2199769053117783 0.14285714285714285
0 0.6062355658198614 0.21988795518207283 0.6120092378752887 0.18067226890756302 0.6120092378752887 0.13865546218487396 0.6068129330254042 0.12605042016806722 0.4543879907621247 0.09523809523809523 0.41628175519630484 0.09243697478991597 0.4122401847575058 0.10224089635854341 0.4128175519630485 0.19047619047619047
0 0.8071593533487298 0.23669467787114845 0.8117782909930716 0.22268907563025211 0.8117782909930716 0.15266106442577032 0.8077367205542725 0.14285714285714285 0.6310623556581986 0.11484593837535013 0.6120092378752887 0.11764705882352941 0.6131639722863741 0.14145658263305322 0.6137413394919169 0.21288515406162464 0.714203233256351 0.23529411764705882
0 0.9815242494226328 0.3011204481792717 0.9838337182448037 0.25630252100840334 0.9786374133949192 0.20728291316526612 0.8204387990762124 0.15406162464985995 0.8117782909930716 0.16106442577030813 0.8123556581986143 0.24649859943977592
0 0.976905311778291 0.39915966386554624 0.9826789838337182 0.3711484593837535 0.9821016166281755 0.3081232492997199 0.9128175519630485 0.2801120448179272 0.8036951501154734 0.2619047619047619 0.8036951501154734 0.34593837535014005 0.808891454965358 0.3557422969187675
0 0.8002309468822171 0.34593837535014005 0.8025404157043879 0.25910364145658266 0.796189376443418 0.25210084033613445 0.6229792147806005 0.22408963585434175 0.6125866050808314 0.22408963585434175 0.6096997690531177 0.23669467787114845 0.6085450346420324 0.31512605042016806 0.6148960739030023 0.32212885154061627 0.7326789838337182 0.3445378151260504
0 0.6039260969976905 0.31512605042016806 0.6085450346420324 0.2619047619047619 0.6056581986143187 0.22128851540616246 0.43013856812933027 0.19047619047619047 0.4128175519630485 0.19047619047619047 0.40993071593533487 0.20588235294117646 0.407621247113164 0.27871148459383754 0.41628175519630484 0.28851540616246496
0 0.4018475750577367 0.28431372549019607 0.4064665127020785 0.2759103641456583 0.407621247113164 0.19187675070028012 0.40011547344110854 0.18487394957983194 0.22690531177829099 0.15966386554621848 0.21535796766743648 0.15966386554621848 0.21016166281755197 0.1722689075630252 0.21189376443418015 0.25770308123249297
0 0.20207852193995382 0.24509803921568626 0.20785219399538107 0.21988795518207283 0.2061200923787529 0.15126050420168066 0.11374133949191687 0.12885154061624648 0.024826789838337183 0.12605042016806722 0.021939953810623556 0.13585434173669467 0.023094688221709007 0.2030812324929972 0.029445727482678985 0.2184873949579832
0 0.39838337182448036 0.39355742296918766 0.40300230946882215 0.3179271708683473 0.40011547344110854 0.2913165266106443 0.22690531177829099 0.2605042016806723 0.20727482678983833 0.2605042016806723 0.20438799076212472 0.27310924369747897 0.20207852193995382 0.3431372549019608 0.2084295612009238 0.36694677871148457
0 0.5981524249422633 0.41596638655462187 0.6027713625866051 0.38795518207282914 0.601039260969977 0.3165266106442577 0.41628175519630484 0.2913165266106443 0.40415704387990764 0.29831932773109243 0.4035796766743649 0.39215686274509803 0.5225173210161663 0.41456582633053224
0 0.792147806004619 0.45518207282913165 0.7956120092378753 0.3627450980392157 0.7904157043879908 0.3557422969187675 0.6172055427251733 0.3277310924369748 0.6039260969976905 0.33473389355742295 0.6045034642032333 0.42857142857142855 0.6587759815242494 0.44537815126050423
0 0.9676674364896074 0.4803921568627451 0.9734411085450346 0.41316526610644255 0.9693995381062356 0.39775910364145656 0.901270207852194 0.37815126050420167 0.7967667436489607 0.3711484593837535 0.7944572748267898 0.46078431372549017 0.7984988452655889 0.4649859943977591
0 0.8094688221709007 0.5840336134453782 0.8181293302540416 0.5798319327731093 0.8213048498845265 0.49369747899159666 0.6769630484988454 0.46743697478991597 0.6270207852193995 0.46638655462184875 0.6247113163972287 0.5532212885154062 0.6368360277136259 0.5686274509803921 0.7130484988452656 0.5826330532212886
0 0.6200923787528868 0.5476190476190477 0.6247113163972287 0.4943977591036415 0.621824480369515 0.45098039215686275 0.4416859122401848 0.42016806722689076 0.42609699769053117 0.4271708683473389 0.42494226327944573 0.4943977591036415 0.4359122401847575 0.5182072829131653
0 0.41916859122401845 0.5196078431372549 0.4237875288683603 0.438375350140056 0.41628175519630484 0.4173669467787115 0.3377598152424942 0.4117647058823529 0.2338337182448037 0.3865546218487395 0.22748267898383373 0.39355742296918766 0.22806004618937645 0.484593837535014 0.32274826789838335 0.5126050420168067
0 0.21939953810623555 0.4887955182072829 0.22401847575057737 0.4215686274509804 0.22113163972286373 0.38375350140056025 0.05369515011547344 0.35014005602240894 0.03983833718244804 0.35014005602240894 0.03579676674364896 0.3627450980392157 0.03579676674364896 0.42997198879551823 0.04561200923787529 0.4481792717086835 0.12182448036951501 0.4733893557422969
0 0.21478060046189376 0.5840336134453782 0.21709006928406466 0.49719887955182074 0.2107390300230947 0.49019607843137253 0.10103926096997691 0.4733893557422969 0.06639722863741339 0.4565826330532213 0.04676674364896074 0.4565826330532213 0.03117782909930716 0.47478991596638653 0.034064665127020784 0.5630252100840336
0 0.2066974595842956 0.6932773109243697 0.21362586605080833 0.6568627450980392 0.2107390300230947 0.5966386554621849 0.05138568129330254 0.5658263305322129 0.032909930715935336 0.5658263305322129 0.02771362586605081 0.5784313725490197 0.026558891454965358 0.6568627450980392 0.030600461893764433 0.6694677871148459
0 0.20554272517321015 0.7997198879551821 0.21016166281755197 0.7829131652661064 0.21247113163972287 0.7128851540616247 0.20496535796766743 0.6974789915966386 0.05254041570438799 0.6694677871148459 0.028868360277136258 0.6736694677871149 0.02771362586605081 0.7436974789915967 0.034064665127020784 0.7591036414565826
0 0.19399538106235567 0.8921568627450981 0.2090069284064665 0.8781512605042017 0.21016166281755197 0.819327731092437 0.2061200923787529 0.803921568627451 0.04214780600461894 0.7619047619047619 0.03521939953810624 0.7619047619047619 0.028868360277136258 0.7773109243697479 0.03175519630484989 0.865546218487395 0.1426096997690531 0.8907563025210085
0 0.40415704387990764 0.9313725490196079 0.407621247113164 0.8501400560224089 0.40127020785219397 0.8291316526610645 0.2523094688221709 0.8067226890756303 0.21535796766743648 0.8067226890756303 0.21247113163972287 0.819327731092437 0.21247113163972287 0.8949579831932774 0.2176674364896074 0.907563025210084 0.29618937644341803 0.927170868347339
0 0.4018475750577367 0.8249299719887955 0.407621247113164 0.7941176470588235 0.4058891454965358 0.7254901960784313 0.24422632794457275 0.7058823529411765 0.2176674364896074 0.7058823529411765 0.21478060046189376 0.7212885154061625 0.21478060046189376 0.7941176470588235 0.21882217090069284 0.8011204481792717
0 0.4064665127020785 0.7184873949579832 0.4110854503464203 0.7128851540616247 0.4122401847575058 0.6568627450980392 0.40993071593533487 0.6288515406162465 0.40473441108545033 0.6190476190476191 0.2407621247113164 0.6050420168067226 0.2199769053117783 0.6050420168067226 0.21709006928406466 0.6148459383753502 0.21882217090069284 0.7030812324929971
0 0.4122401847575058 0.6148459383753502 0.4168591224018476 0.6092436974789915 0.41628175519630484 0.5210084033613446 0.22806004618937645 0.49859943977591037 0.2228637413394919 0.5028011204481793 0.21939953810623555 0.5252100840336135 0.2222863741339492 0.6022408963585434
0 0.6200923787528868 0.5476190476190477 0.6247113163972287 0.4943977591036415 0.621824480369515 0.45098039215686275 0.4428406466512702 0.42016806722689076 0.42609699769053117 0.4271708683473389 0.42494226327944573 0.4943977591036415 0.43475750577367206 0.5182072829131653
0 0.6120092378752887 0.6428571428571429 0.6166281755196305 0.6288515406162465 0.6177829099307159 0.5560224089635855 0.609122401847575 0.5462184873949579 0.44861431870669743 0.5266106442577031 0.4220554272517321 0.5266106442577031 0.41916859122401845 0.5392156862745098 0.4197459584295612 0.6218487394957983 0.5329099307159353 0.6442577030812325
0 0.6108545034642032 0.7436974789915967 0.6143187066974596 0.65406162464986 0.6102771362586605 0.6470588235294118 0.5109699769053118 0.6414565826330533 0.4220554272517321 0.6218487394957983 0.41454965357967666 0.6316526610644257 0.4122401847575058 0.7128851540616247 0.42090069284064663 0.7226890756302521 0.5132794457274826 0.742296918767507
0 0.569284064665127 0.8445378151260504 0.6102771362586605 0.8403361344537815 0.6131639722863741 0.7492997198879552 0.504041570438799 0.7450980392156863 0.43013856812933027 0.7282913165266106 0.41859122401847576 0.7282913165266106 0.41570438799076215 0.7408963585434174 0.4133949191685912 0.819327731092437 0.41859122401847576 0.8375350140056023
0 0.5184757505773672 0.9481792717086834 0.5964203233256351 0.9439775910364145 0.6004618937644342 0.9341736694677871 0.6004618937644342 0.8585434173669467 0.5964203233256351 0.8487394957983193 0.5017321016166282 0.8515406162464986 0.4197459584295612 0.8375350140056023 0.40993071593533487 0.8473389355742297 0.4053117782909931 0.9285714285714286 0.4081986143187067 0.9411764705882353
0 0.7933025404157044 0.9957983193277311 0.7979214780600462 0.9789915966386554 0.8002309468822171 0.9089635854341737 0.7852193995381063 0.9033613445378152 0.6242782909930716 0.8771008403361348 0.6141743648960739 0.8841036414565826 0.6120092378752887 0.8911064425770309 0.6105658198614319 0.9261204481792717 0.6125866050808314 0.9663865546218487
0 0.964203233256351 0.9985994397759104 0.9699769053117783 0.9369747899159664 0.9577078521939953 0.9226190476190477 0.9070438799076213 0.9187675070028011 0.8739896073903002 0.9226190476190477 0.8042725173210161 0.907563025210084 0.7967667436489607 0.9845938375350141 0.7984988452655889 1
0 0.9699769053117783 0.9145658263305322 0.9780600461893765 0.8781512605042017 0.9763279445727483 0.8319327731092437 0.8966512702078522 0.8123249299719888 0.8083140877598153 0.8081232492997199 0.8048498845265589 0.8893557422969187 0.8123556581986143 0.8991596638655462
0 0.9792147806004619 0.8277310924369747 0.9849884526558892 0.7492997198879552 0.9613163972286374 0.7170868347338936 0.8158198614318707 0.711484593837535 0.812933025404157 0.7212885154061625 0.8117782909930716 0.7913165266106442 0.8181293302540416 0.803921568627451
0 0.9330254041570438 0.7156862745098039 0.9844110854503464 0.711484593837535 0.9872979214780601 0.6288515406162465 0.860998845265589 0.623249299719888 0.8169745958429563 0.6285014005602241 0.812933025404157 0.6848739495798319 0.8169745958429562 0.711484593837535
0 0.9942263279445728 0.623249299719888 1 0.5952380952380952 1 0.5392156862745098 0.9913394919168591 0.5294117647058824 0.936056581986143 0.5182072829131653 0.8221709006928406 0.4887955182072829 0.8210161662817552 0.572829131652661 0.8262124711316398 0.5826330532212886 0.9081986143187067 0.6106442577030813
0 0.8094688221709007 0.6848739495798319 0.8140877598152425 0.6120448179271709 0.8100461893764435 0.5910364145658263 0.6587759815242494 0.5770308123249299 0.6264434180138568 0.5630252100840336 0.6189376443418014 0.5868347338935574 0.6177829099307159 0.6428571428571429 0.6264434180138568 0.6638655462184874
0 0.7990762124711316 0.7773109243697479 0.8106235565819861 0.7661064425770309 0.8100461893764435 0.6862745098039216 0.621824480369515 0.6610644257703081 0.6166281755196305 0.6736694677871149 0.6154734411085451 0.7352941176470589 0.6264434180138568 0.7591036414565826 0.7107390300230947 0.7759103641456583
0 0.8013856812933026 0.8753501400560224 0.8048498845265589 0.8697478991596639 0.8071593533487298 0.8081232492997199 0.8031177829099307 0.7815126050420168 0.7245958429561201 0.7787114845938375 0.6154734411085451 0.757703081232493 0.6143187066974596 0.8333333333333334 0.6195150115473441 0.8515406162464986 0.7222863741339491 0.8739495798319328
0 0.1997690531177829 0.3431372549019608 0.20438799076212472 0.25910364145658266 0.19919168591224018 0.24929971988795518 0.04330254041570439 0.22408963585434175 0.02367205542725173 0.22408963585434175 0.017321016166281754 0.242296918767507 0.01789838337182448 0.3165266106442577