0 0.2598752598752599 0.8873626373626373 0.2681912681912682 0.8653846153846154 0.262993762993763 0.7967032967032966 0.1142112006037446 0.7915578613810064 0.11954261954261955 0.8846153846153846
0 0.26403326403326405 0.9862637362637363 0.263874512896264 0.9464972207888773 0.26625008458719773 0.8878714654208184 0.11642411642411643 0.9038461538461539 0.11850311850311851 0.9752747252747253 0.1257796257796258 0.9835164835164835
0 0.42203742203742206 0.9752747252747253 0.4230769230769231 0.8846153846153846 0.2757525525954349 0.8899652081677494 0.2757525525954349 0.96534122499592
0 0.42203742203742206 0.8818681318681318 0.4189189189189189 0.7912087912087912 0.27442827442827444 0.7939560439560439 0.27754677754677753 0.8791208791208791
0 0.5841995841995842 0.9697802197802198 0.5852390852390852 0.8791208791208791 0.4397089397089397 0.8791208791208791 0.43451143451143454 0.8983516483516484 0.4376299376299376 0.9725274725274725
0 0.5841995841995842 0.8763736263736264 0.581081081081081 0.7802197802197802 0.43555093555093555 0.7912087912087912 0.43243243243243246 0.8214285714285714 0.43555093555093555 0.8791208791208791
0 0.6694386694386695 0.9697802197802198 0.7494802494802495 0.967032967032967 0.7567567567567568 0.8928571428571429 0.604989604989605 0.8928571428571429 0.6101871101871101 0.9725274725274725
0 0.9106029106029107 0.9972527472527473 0.9095634095634095 0.9285714285714286 0.761954261954262 0.9285714285714286 0.7567567567567568 0.9587912087912088 0.761954261954262 1
0 0.4303534303534304 0.7884615384615384 0.49064449064449067 0.7774725274725275 0.4903491244108213 0.6910566919761663 0.33910209765767935 0.6973380000881252 0.3406858121183018 0.7873704557583106
0 0.45322245322245325 0.695054945054945 0.4896049896049896 0.6868131868131868 0.49114098164113257 0.6073057041602719 0.3388773388773389 0.6071428571428571 0.341995841995842 0.6923076923076923
0 0.4885654885654886 0.6016483516483516 0.4875259875259875 0.5 0.3388773388773389 0.5137362637362637 0.3388773388773389 0.5906593406593407 0.3482328482328482 0.6043956043956044
0 0.48232848232848236 0.49725274725274726 0.4885654885654886 0.49175824175824173 0.48544698544698545 0.4065934065934066 0.32801591518881973 0.4083971080975225 0.33039154729458753 0.5088982775023627
0 0.6735966735966736 0.09615384615384616 0.6725571725571725 0 0.5155925155925156 0.0027472527472527475 0.5155925155925156 0.08516483516483517 0.5228690228690228 0.0989010989010989
0 0.6735966735966736 0.20054945054945056 0.6746361746361746 0.0989010989010989 0.5135135135135135 0.10714285714285714 0.5145530145530145 0.1978021978021978
0 0.6528066528066528 0.49175824175824173 0.6548856548856549 0.41483516483516486 0.6517671517671517 0.4010989010989011 0.5083160083160083 0.4065934065934066 0.5 0.3956043956043956 0.49480249480249483 0.40934065934065933 0.4968814968814969 0.48626373626373626 0.5 0.4945054945054945
0 0.6486486486486487 0.5906593406593407 0.6528066528066528 0.5467032967032966 0.6517671517671517 0.4945054945054945 0.4968814968814969 0.49725274725274726 0.4968814968814969 0.5851648351648352 0.5 0.5934065934065934
0 0.6299376299376299 0.6785714285714286 0.6444906444906445 0.6730769230769231 0.6465696465696466 0.6016483516483516 0.6434511434511434 0.5934065934065934 0.4968814968814969 0.5961538461538461 0.4979209979209979 0.6758241758241759
0 0.5987525987525988 0.771978021978022 0.6455301455301455 0.7692307692307693 0.6465696465696466 0.6840659340659341 0.6434511434511434 0.6758241758241759 0.6288981288981289 0.6813186813186813 0.6143451143451143 0.6758241758241759 0.6101871101871101 0.6813186813186813 0.603950103950104 0.6758241758241759 0.4968814968814969 0.6785714285714286 0.49480249480249483 0.7115384615384616 0.4968814968814969 0.7664835164835165 0.5 0.7747252747252747
0 0.7151767151767152 0.8873626373626373 0.7557172557172557 0.8791208791208791 0.7588357588357588 0.8543956043956044 0.7588357588357588 0.7939560439560439 0.7536382536382537 0.7857142857142857 0.6070686070686071 0.782967032967033 0.6070686070686071 0.8763736263736264 0.6101871101871101 0.8846153846153846
0 0.8066528066528067 0.782967032967033 0.8087318087318087 0.695054945054945 0.8056133056133056 0.6868131868131868 0.6912681912681913 0.6923076923076923 0.66008316008316 0.6813186813186813 0.656964656964657 0.6895604395604396 0.656964656964657 0.7664835164835165 0.66008316008316 0.7802197802197802
0 0.7775467775467776 0.6895604395604396 0.8076923076923077 0.6868131868131868 0.8108108108108109 0.6785714285714286 0.8097713097713097 0.5989010989010989 0.6725571725571725 0.5989010989010989 0.6642411642411642 0.5879120879120879 0.659043659043659 0.5906593406593407 0.659043659043659 0.6785714285714286 0.6621621621621622 0.6868131868131868
0 0.814968814968815 0.5961538461538461 0.817047817047817 0.5906593406593407 0.816008316008316 0.5 0.6642411642411642 0.4945054945054945 0.6611226611226612 0.5137362637362637 0.6611226611226612 0.5796703296703297 0.6725571725571725 0.5989010989010989
0 0.8357588357588358 0.42032967032967034 0.83991683991684 0.33791208791208793 0.8367983367983368 0.32967032967032966 0.6808731808731808 0.3131868131868132 0.6767151767151767 0.3131868131868132 0.6735966735966736 0.3269230769230769 0.6735966735966736 0.40384615384615385 0.682952182952183 0.4230769230769231
0 0.83991683991684 0.3269230769230769 0.841995841995842 0.22802197802197802 0.8388773388773388 0.21978021978021978 0.6787941787941788 0.21428571428571427 0.6756756756756757 0.22252747252747251 0.6756756756756757 0.31043956043956045 0.6808731808731808 0.31868131868131866
0 0.841995841995842 0.21703296703296704 0.843035343035343 0.10989010989010989 0.6798336798336798 0.10714285714285714 0.6798336798336798 0.20604395604395603 0.682952182952183 0.21428571428571427
0 0.7879417879417879 0.10714285714285714 0.8388773388773388 0.1043956043956044 0.841995841995842 0.09615384615384616 0.841995841995842 0.013736263736263736 0.8388773388773388 0.005494505494505495 0.685031185031185 0.005494505494505495 0.6798336798336798 0.024725274725274724 0.6798336798336798 0.09065934065934066 0.6871101871101871 0.1043956043956044
0 0.10538389848734674 0.7805987116331943 0 0.7805987116331943 0 0.8810155361879501 0.1104021793676966 0.8885941644562334 0.10610079575596816 0.7768093974990526
0 0.10825148756183237 0.8885941644562334 0 0.8848048503220914 0.0007168972686213775 0.9719590754073509 0.10466700121872533 0.9719590754073512
0 0.9222869022869022 0.08714285714285713 0.15413721413721415 0.10230769230769231
0 0.9212058212058213 0.18 0.15197505197505196 0.10230769230769231
0 0.9032848232848233 0.2946153846153846 0.1433887733887734 0.10043956043956044
0 0.9004158004158005 0.39785714285714285 0.14482328482328483 0.09851648351648351
0 0.7416216216216217 0.4537912087912088 0.15126819126819127 0.11175824175824176
0 0.8936174636174636 0.4821978021978022 0.15126819126819127 0.10802197802197802
0 0.892889812889813 0.5845054945054945 0.14983367983367982 0.08906593406593408
0 0.893970893970894 0.6868131868131868 0.14195426195426195 0.08906593406593408
0 0.8979209979209979 0.7815384615384616 0.14696465696465696 0.10043956043956044
0 0.833035343035343 0.8686813186813187 0.14767151767151768 0.10802197802197802
0 0.5083160083160083 0.2032967032967033 0.5054125743780915 0.30882910193255025 0.6638468707434224 0.3069344448654794 0.6642411642411642 0.2032967032967033
0 0.586070686070686 0.35335164835164834 0.157006237006237 0.10043956043956044