0 0.4896265560165975 0.17727272727272728 0.5612033195020747 0.16363636363636364 0.5643153526970954 0.004545454545454545 0.42738589211618255 0.004545454545454545 0.43049792531120334 0.18181818181818182
0 0.7012448132780082 0.18636363636363637 0.7022821576763485 0 0.5663900414937759 0.013636363636363636 0.5674273858921162 0.18181818181818182
0 0.9875518672199171 0.2590909090909091 0.9937759336099585 0.09545454545454546 0.9765856550088915 0.09415584415584406 0.8602548903378779 0.06168831168831161 0.8595139300533492 0.07142857142857147 0.8587729697688203 0.15584415584415592 0.8578838174273858 0.23636363636363636
0 0.4190871369294606 0.40454545454545454 0.42012448132780084 0.22727272727272727 0.28734439834024894 0.2 0.2842323651452282 0.22272727272727272 0.28734439834024894 0.39090909090909093
0 0.5643153526970954 0.38636363636363635 0.5632780082987552 0.19090909090909092 0.42738589211618255 0.20454545454545456 0.43257261410788383 0.39090909090909093
0 0.7012448132780082 0.39545454545454545 0.7074688796680498 0.2681818181818182 0.7022821576763485 0.20909090909090908 0.5684647302904564 0.19545454545454546 0.5695020746887967 0.38181818181818183
0 0.8464730290456431 0.39545454545454545 0.8454356846473029 0.20909090909090908 0.7116182572614108 0.21363636363636362 0.7126556016597511 0.38181818181818183
0 0.9875518672199171 0.45 0.9865145228215768 0.2636363636363636 0.8558091286307054 0.23636363636363636 0.8506224066390041 0.2772727272727273 0.8558091286307054 0.4090909090909091
0 0.9875518672199171 0.6136363636363636 0.9865145228215768 0.45454545454545453 0.8547717842323651 0.4318181818181818 0.8558091286307054 0.6090909090909091
0 0.8485477178423236 0.5772727272727273 0.8495850622406639 0.4 0.7157676348547718 0.39545454545454545 0.716804979253112 0.5636363636363636
0 0.7095435684647303 0.5681818181818182 0.7105809128630706 0.4 0.5746887966804979 0.39545454545454545 0.5778008298755186 0.5636363636363636
0 0.5643153526970954 0.5590909090909091 0.5726141078838174 0.55 0.5695020746887967 0.39090909090909093 0.4336099585062241 0.40454545454545454 0.4387966804979253 0.5636363636363636
0 0.4149377593360996 0.5863636363636363 0.41597510373443985 0.4090909090909091 0.2800829875518672 0.41363636363636364 0.28526970954356845 0.5636363636363636
0 0.25933609958506226 0.5772727272727273 0.2800829875518672 0.5590909090909091 0.2769709543568465 0.4 0.14937759336099585 0.40454545454545454 0.1504149377593361 0.5727272727272728
0 0.13692946058091288 0.5681818181818182 0.14730290456431536 0.4954545454545455 0.1421161825726141 0.36363636363636365 0.12966804979253113 0.4 0.006224066390041493 0.41363636363636364 0.00933609958506224 0.5636363636363636
0 0.13278008298755187 0.759090909090909 0.14522821576763487 0.7227272727272728 0.1421161825726141 0.5727272727272728 0.008298755186721992 0.5863636363636363 0.015560165975103735 0.7454545454545455
0 0.2821576763485477 0.759090909090909 0.28112033195020747 0.5818181818181818 0.14730290456431536 0.5863636363636363 0.1524896265560166 0.7545454545454545
0 0.4149377593360996 0.7863636363636364 0.42531120331950206 0.740909090909091 0.42012448132780084 0.5818181818181818 0.2883817427385892 0.5863636363636363 0.2894190871369295 0.7545454545454545
0 0.549792531120332 0.759090909090909 0.5663900414937759 0.740909090909091 0.5632780082987552 0.5727272727272728 0.42946058091286304 0.5681818181818182 0.43257261410788383 0.7545454545454545
0 0.7033195020746889 0.759090909090909 0.7064315352697096 0.5818181818181818 0.5684647302904564 0.5863636363636363 0.5715767634854771 0.7454545454545455
0 0.8443983402489627 0.7681818181818182 0.8454356846473029 0.5909090909090909 0.7095435684647303 0.5863636363636363 0.7095435684647303 0.7318181818181818 0.720954356846473 0.7636363636363637
0 0.983402489626556 0.7954545454545454 0.9844398340248963 0.6272727272727273 0.8506224066390041 0.6318181818181818 0.8485477178423236 0.7772727272727272 0.8558091286307054 0.8
0 0.975103734439834 0.9681818181818181 0.9782157676348547 0.8090909090909091 0.8443983402489627 0.8045454545454546 0.8423236514522822 0.9227272727272727 0.8516597510373444 0.9636363636363636
0 0.6908713692946058 0.9318181818181818 0.6991701244813278 0.9136363636363637 0.7022821576763485 0.7727272727272727 0.5684647302904564 0.7772727272727272 0.5695020746887967 0.9272727272727272
0 0.8360995850622407 0.9409090909090909 0.8392116182572614 0.7818181818181819 0.7033195020746889 0.7772727272727272 0.7043568464730291 0.9363636363636364
0 0.5622406639004149 0.9318181818181818 0.5632780082987552 0.7636363636363637 0.42738589211618255 0.7681818181818182 0.4284232365145228 0.9181818181818182
0 0.4149377593360996 0.9681818181818181 0.42323651452282157 0.9227272727272727 0.4221991701244813 0.7909090909090909 0.2883817427385892 0.7954545454545454 0.29356846473029047 0.9636363636363636
0 0.2842323651452282 0.9590909090909091 0.28526970954356845 0.7727272727272727 0.15767634854771784 0.7772727272727272 0.1607883817427386 0.9363636363636364
0 0.14107883817427386 0.9409090909090909 0.15560165975103735 0.8409090909090909 0.1462655601659751 0.7545454545454545 0.02074688796680498 0.759090909090909 0.023858921161825725 0.9272727272727272
0 0.06580912863070539 0.30409090909090913 0.12591286307053942 0.18809090909090911
0 0.2099585062240664 0.29818181818181816 0.1337551867219917 0.16845454545454547
0 0.35489626556016596 0.12572727272727272 0.13599585062240663 0.1749090909090909
0 0.7035771105893116 0.021839057677624396 0.844790934438406 0.02911874357016565 0.8422989257822455 0.21475073382997545 0.7027464410372581 0.20383120499116303