0 0.062135922330097085 0.13082437275985664 0.10776699029126213 0.12903225806451613 0.10679611650485436 0.05555555555555555 0.003883495145631068 0.05555555555555555 0.008737864077669903 0.13261648745519714
0 0.229126213592233 0.11290322580645161 0.2320388349514563 0.03225806451612903 0.1262135922330097 0.023297491039426525 0.129126213592233 0.1039426523297491
0 0.32815533980582523 0.11648745519713262 0.3611650485436893 0.10931899641577061 0.35825242718446604 0.02867383512544803 0.24854368932038834 0.04121863799283154 0.25339805825242717 0.11827956989247312
0 0.4741747572815534 0.110752688172043 0.47708737864077666 0.026523297491039422 0.36543689320388345 0.031899641577060926 0.36640776699029126 0.1089605734767025
0 0.6233009708737864 0.11290322580645161 0.6242718446601941 0.03225806451612903 0.512621359223301 0.023297491039426525 0.5135922330097087 0.10752688172043011
0 0.6893203883495146 0.11290322580645161 0.7407766990291262 0.1111111111111111 0.7436893203883496 0.03046594982078853 0.6310679611650486 0.026881720430107527 0.6320388349514563 0.10752688172043011
0 0.8601941747572815 0.10931899641577061 0.8592233009708737 0.02867383512544803 0.7495145631067961 0.03046594982078853 0.7504854368932039 0.1111111111111111
0 0.9728155339805825 0.11290322580645161 0.9737864077669903 0.02867383512544803 0.8640776699029126 0.034050179211469536 0.8689320388349514 0.1111111111111111
0 0.974757281553398 0.2168458781362007 0.9718446601941747 0.13620071684587814 0.8660194174757282 0.13799283154121864 0.8689320388349514 0.21505376344086022
0 0.8563106796116505 0.2132616487455197 0.8621359223300971 0.2025089605734767 0.8592233009708737 0.13261648745519714 0.7514563106796116 0.13082437275985664 0.7524271844660194 0.2078853046594982
0 0.7436893203883496 0.2025089605734767 0.7427184466019418 0.12186379928315412 0.6330097087378641 0.12724014336917563 0.6359223300970874 0.20430107526881722
0 0.6233009708737864 0.2025089605734767 0.6223300970873786 0.12186379928315412 0.5106796116504855 0.11648745519713262 0.5116504854368932 0.1971326164874552
0 0.5029126213592233 0.2132616487455197 0.5058252427184466 0.13620071684587814 0.39611650485436894 0.13082437275985664 0.3990291262135922 0.2078853046594982
0 0.3883495145631068 0.2132616487455197 0.38932038834951455 0.13620071684587814 0.2796116504854369 0.13082437275985664 0.28252427184466017 0.2114695340501792
0 0.26601941747572816 0.2168458781362007 0.2757281553398058 0.20967741935483872 0.2728155339805825 0.13978494623655913 0.1669902912621359 0.13440860215053763 0.1679611650485437 0.2114695340501792
0 0.0854368932038835 0.2132616487455197 0.15436893203883495 0.2078853046594982 0.1533980582524272 0.13082437275985664 0.05145631067961165 0.13620071684587814 0.05048543689320388 0.20967741935483872
0 0.1533980582524272 0.2992831541218638 0.15048543689320387 0.2222222222222222 0.04660194174757282 0.22401433691756273 0.05145631067961165 0.2974910394265233
0 0.26601941747572816 0.2992831541218638 0.2650485436893204 0.2222222222222222 0.15922330097087378 0.22401433691756273 0.16407766990291262 0.3010752688172043
0 0.3864077669902913 0.2992831541218638 0.38155339805825245 0.21863799283154123 0.27766990291262134 0.22043010752688172 0.27864077669902915 0.2939068100358423
0 0.49902912621359224 0.2992831541218638 0.5 0.21863799283154123 0.39805825242718446 0.22759856630824374 0.4009708737864078 0.3010752688172043
0 0.6233009708737864 0.2956989247311828 0.6203883495145631 0.21505376344086022 0.512621359223301 0.22043010752688172 0.5155339805825243 0.2939068100358423
0 0.7359223300970874 0.2921146953405018 0.7475728155339806 0.28136200716845877 0.7446601941747573 0.2114695340501792 0.6349514563106796 0.2132616487455197 0.6359223300970874 0.2903225806451613
0 0.8601941747572815 0.2992831541218638 0.8621359223300971 0.22759856630824374 0.8553398058252427 0.21863799283154123 0.7514563106796116 0.22043010752688172 0.7543689320388349 0.2974910394265233
0 0.9766990291262136 0.30286738351254483 0.9776699029126213 0.2222222222222222 0.8679611650485437 0.22401433691756273 0.870873786407767 0.3010752688172043
0 0.9728155339805825 0.3888888888888889 0.9766990291262136 0.3172043010752688 0.9699029126213592 0.30824372759856633 0.8660194174757282 0.31362007168458783 0.8669902912621359 0.3906810035842294
0 0.8601941747572815 0.3888888888888889 0.8611650485436894 0.3118279569892473 0.7495145631067961 0.31362007168458783 0.7543689320388349 0.3870967741935484
0 0.7398058252427184 0.3817204301075269 0.7407766990291262 0.3046594982078853 0.6310679611650486 0.2992831541218638 0.6320388349514563 0.3763440860215054
0 0.6135922330097088 0.3924731182795699 0.6145631067961165 0.3118279569892473 0.5660194174757281 0.3010752688172043 0.5048543689320388 0.3100358422939068 0.5058252427184466 0.37992831541218636
0 0.48349514563106794 0.3888888888888889 0.5009708737864078 0.38530465949820786 0.4980582524271845 0.30824372759856633 0.3883495145631068 0.31362007168458783 0.38932038834951455 0.3870967741935484
0 0.3844660194174757 0.3888888888888889 0.38155339805825245 0.30824372759856633 0.27766990291262134 0.3064516129032258 0.28446601941747574 0.3835125448028674
0 0.23300970873786409 0.38530465949820786 0.27766990291262134 0.3781362007168459 0.270873786407767 0.3046594982078853 0.16893203883495145 0.3064516129032258 0.17184466019417477 0.3835125448028674
0 0.16116504854368932 0.38530465949820786 0.16019417475728157 0.30824372759856633 0.05825242718446602 0.30286738351254483 0.06116504854368932 0.37992831541218636
0 0.1669902912621359 0.46774193548387094 0.16407766990291262 0.3906810035842294 0.06407766990291262 0.3924731182795699 0.06699029126213592 0.4659498207885305
0 0.2757281553398058 0.471326164874552 0.2728155339805825 0.3942652329749104 0.16893203883495145 0.3996415770609319 0.17378640776699028 0.46953405017921146
0 0.39611650485436894 0.478494623655914 0.40194174757281553 0.47491039426523296 0.3990291262135922 0.3978494623655914 0.29320388349514565 0.3924731182795699 0.2961165048543689 0.4659498207885305
0 0.5106796116504855 0.47491039426523296 0.516504854368932 0.46774193548387094 0.5155339805825243 0.3978494623655914 0.4058252427184466 0.3996415770609319 0.4087378640776699 0.4767025089605735
0 0.625242718446602 0.471326164874552 0.6281553398058253 0.3978494623655914 0.5203883495145631 0.3996415770609319 0.5213592233009708 0.46953405017921146
0 0.7417475728155339 0.46415770609318996 0.7388349514563107 0.3870967741935484 0.6330097087378641 0.38530465949820786 0.6378640776699029 0.46236559139784944
0 0.858252427184466 0.46774193548387094 0.8592233009708737 0.3978494623655914 0.7495145631067961 0.3996415770609319 0.7524271844660194 0.4659498207885305
0 0.9728155339805825 0.471326164874552 0.9737864077669903 0.3906810035842294 0.8660194174757282 0.3996415770609319 0.8689320388349514 0.46953405017921146
0 0.9728155339805825 0.557347670250896 0.9718446601941747 0.4767025089605735 0.8640776699029126 0.48566308243727596 0.8669902912621359 0.5555555555555556
0 0.8601941747572815 0.553763440860215 0.8553398058252427 0.4767025089605735 0.7514563106796116 0.47491039426523296 0.7524271844660194 0.5519713261648745
0 0.7417475728155339 0.553763440860215 0.7427184466019418 0.48028673835125446 0.6330097087378641 0.478494623655914 0.6359223300970874 0.5519713261648745
0 0.5359223300970873 0.5752688172043011 0.6262135922330098 0.5734767025089605 0.629126213592233 0.496415770609319 0.6203883495145631 0.4874551971326165 0.5174757281553398 0.4982078853046595 0.5203883495145631 0.5716845878136201
0 0.5067961165048543 0.5609318996415771 0.5058252427184466 0.4838709677419355 0.39805825242718446 0.489247311827957 0.4009708737864078 0.5627240143369175
0 0.7378640776699029 0.6433691756272402 0.7456310679611651 0.6362007168458781 0.7427184466019418 0.5663082437275986 0.6349514563106796 0.568100358422939 0.6398058252427185 0.6451612903225806
0 0.629126213592233 0.6541218637992832 0.6281553398058253 0.5770609318996416 0.5203883495145631 0.5860215053763441 0.525242718446602 0.6559139784946236
0 0.42135922330097086 0.6577060931899642 0.5155339805825243 0.6559139784946236 0.516504854368932 0.5824372759856631 0.41262135922330095 0.5806451612903226 0.4058252427184466 0.589605734767025 0.4097087378640777 0.6541218637992832
0 0.40194174757281553 0.6577060931899642 0.3990291262135922 0.5806451612903226 0.29320388349514565 0.5860215053763441 0.2961165048543689 0.6594982078853047
0 0.39029126213592236 0.5645161290322581 0.38932038834951455 0.4838709677419355 0.30776699029126214 0.4731182795698925 0.2854368932038835 0.482078853046595 0.2883495145631068 0.5483870967741935
0 0.23495145631067962 0.557347670250896 0.28058252427184466 0.5555555555555556 0.2815533980582524 0.48566308243727596 0.17475728155339806 0.482078853046595 0.17766990291262136 0.5555555555555556
0 0.170873786407767 0.557347670250896 0.16601941747572815 0.48028673835125446 0.06601941747572816 0.478494623655914 0.070873786407767 0.5483870967741935
0 0.17475728155339806 0.6541218637992832 0.18058252427184465 0.6505376344086021 0.17572815533980582 0.5770609318996416 0.07572815533980583 0.5752688172043011 0.0825242718446602 0.6487455197132617
0 0.287378640776699 0.6577060931899642 0.28640776699029125 0.5842293906810035 0.1825242718446602 0.578853046594982 0.18737864077669902 0.6523297491039427
0 0.18640776699029127 0.7329749103942652 0.18155339805825244 0.6594982078853047 0.08349514563106795 0.6541218637992832 0.08446601941747572 0.7240143369175627
0 0.2970873786407767 0.7365591397849462 0.2922330097087379 0.6666666666666666 0.19029126213592232 0.6612903225806451 0.19320388349514564 0.7311827956989247
0 0.4058252427184466 0.7401433691756273 0.4029126213592233 0.6630824372759857 0.30097087378640774 0.6684587813620072 0.30097087378640774 0.7293906810035843 0.30776699029126214 0.7419354838709677
0 0.6271844660194175 0.7329749103942652 0.6330097087378641 0.7258064516129032 0.6300970873786408 0.6594982078853047 0.5262135922330097 0.6612903225806451 0.529126213592233 0.7347670250896058
0 0.5145631067961165 0.7437275985663082 0.5223300970873787 0.7365591397849462 0.5194174757281553 0.6630824372759857 0.41359223300970877 0.6648745519713262 0.41359223300970877 0.7329749103942652 0.4203883495145631 0.7419354838709677
0 0.7165048543689321 0.7258064516129032 0.7475728155339806 0.7222222222222222 0.7466019417475728 0.6487455197132617 0.6388349514563106 0.6541218637992832 0.6398058252427185 0.7275985663082437
0 0.8601941747572815 0.7258064516129032 0.8592233009708737 0.6487455197132617 0.7533980582524272 0.6541218637992832 0.7563106796116504 0.7275985663082437
0 0.8970873786407767 0.7293906810035843 0.9737864077669903 0.7204301075268817 0.974757281553398 0.6433691756272402 0.8689320388349514 0.6559139784946236 0.8679611650485437 0.7222222222222222
0 0.8912621359223301 0.8118279569892473 0.9757281553398058 0.7992831541218638 0.9766990291262136 0.7258064516129032 0.870873786407767 0.7347670250896058 0.8679611650485437 0.8010752688172043
0 0.858252427184466 0.8082437275985663 0.8592233009708737 0.7311827956989247 0.7640776699029126 0.7347670250896058 0.7514563106796116 0.7544802867383512 0.7514563106796116 0.7974910394265233 0.7582524271844661 0.8100358422939068
0 0.6737864077669903 0.8082437275985663 0.7466019417475728 0.8028673835125448 0.7475728155339806 0.7329749103942652 0.6398058252427185 0.7347670250896058 0.6388349514563106 0.8010752688172043
0 0.5533980582524272 0.8154121863799283 0.6320388349514563 0.8100358422939068 0.6349514563106796 0.7437275985663082 0.529126213592233 0.7419354838709677 0.5281553398058253 0.8154121863799283
0 0.512621359223301 0.8261648745519713 0.5116504854368932 0.7455197132616488 0.4116504854368932 0.7508960573476703 0.4184466019417476 0.8207885304659498
0 0.4058252427184466 0.8189964157706093 0.40485436893203886 0.7455197132616488 0.3213592233009709 0.7419354838709677 0.30097087378640774 0.7544802867383512 0.30097087378640774 0.8046594982078853 0.30776699029126214 0.8207885304659498
0 0.283495145631068 0.8189964157706093 0.2970873786407767 0.8154121863799283 0.2941747572815534 0.7455197132616488 0.19223300970873786 0.7473118279569892 0.1970873786407767 0.8172043010752689
0 0.1883495145631068 0.8154121863799283 0.18543689320388348 0.7419354838709677 0.0854368932038835 0.7401433691756273 0.09223300970873786 0.8100358422939068
0 0.19029126213592232 0.8942652329749103 0.18932038834951456 0.8207885304659498 0.08932038834951456 0.8082437275985663 0.09611650485436893 0.8853046594982079
0 0.30097087378640774 0.8942652329749103 0.2961165048543689 0.8243727598566308 0.19611650485436893 0.8225806451612904 0.20097087378640777 0.8924731182795699
0 0.4116504854368932 0.8942652329749103 0.4087378640776699 0.8243727598566308 0.3048543689320388 0.8261648745519713 0.3116504854368932 0.8960573476702509
0 0.4970873786407767 0.9014336917562724 0.5223300970873787 0.8906810035842294 0.5213592233009708 0.8351254480286738 0.4155339805825243 0.8261648745519713 0.4184466019417476 0.8960573476702509
0 0.6310679611650486 0.8942652329749103 0.6320388349514563 0.8207885304659498 0.5242718446601942 0.8261648745519713 0.529126213592233 0.8924731182795699
0 0.7436893203883496 0.8906810035842294 0.7446601941747573 0.8064516129032258 0.6368932038834951 0.8225806451612904 0.6398058252427185 0.8924731182795699
0 0.7766990291262136 0.8942652329749103 0.8611650485436894 0.8924731182795699 0.8640776699029126 0.8189964157706093 0.7563106796116504 0.8172043010752689 0.7553398058252427 0.8870967741935484
0 0.9689320388349515 0.8942652329749103 0.974757281553398 0.8333333333333334 0.9680998613037448 0.8243727598566307 0.8660194174757282 0.8261648745519713 0.8660194174757282 0.8870967741935484 0.8728155339805825 0.8960573476702509
0 0.2058252427184466 0.9767025089605734 0.20097087378640777 0.9032258064516129 0.10776699029126213 0.8924731182795699 0.10097087378640776 0.9014336917562724 0.10582524271844661 0.9713261648745519
0 0.312621359223301 0.9802867383512545 0.30776699029126214 0.9068100358422939 0.20776699029126214 0.9050179211469535 0.2145631067961165 0.978494623655914
0 0.42330097087378643 0.9802867383512545 0.41650485436893203 0.9032258064516129 0.312621359223301 0.9086021505376344 0.3145631067961165 0.9551971326164874 0.3233009708737864 0.974910394265233
0 0.5300970873786408 0.9838709677419355 0.5271844660194175 0.9068100358422939 0.42330097087378643 0.9086021505376344 0.42815533980582526 0.982078853046595
0 0.6427184466019418 0.9731182795698925 0.6398058252427185 0.899641577060932 0.5339805825242718 0.9014336917562724 0.5349514563106796 0.9713261648745519
0 0.7533980582524272 0.9695340501792115 0.7524271844660194 0.8960573476702509 0.6446601941747573 0.8978494623655914 0.6475728155339806 0.9713261648745519
0 0.8679611650485437 0.9767025089605734 0.8689320388349514 0.899641577060932 0.7611650485436893 0.8978494623655914 0.7592233009708738 0.9623655913978495 0.7660194174757281 0.974910394265233
0 0.916504854368932 0.9910394265232975 0.9941747572815534 0.9767025089605734 0.9941747572815534 0.9050179211469535 0.9737864077669903 0.8387096774193549 0.9699029126213592 0.899641577060932 0.8776699029126214 0.9014336917562724 0.8854368932038835 0.9874551971326165
0 0.8601941747572815 0.6433691756272402 0.8592233009708737 0.5663082437275986 0.7514563106796116 0.568100358422939 0.7543689320388349 0.6451612903225806
0 0.916504854368932 0.6469534050179212 0.9718446601941747 0.6415770609318996 0.974757281553398 0.5716845878136201 0.9660194174757282 0.5627240143369175 0.8660194174757282 0.5752688172043011 0.8689320388349514 0.6487455197132617