0 0.9360824742268041 0.2215909090909091 0.9824742268041237 0.2196969696969697 0.9855670103092784 0.14204545454545456 0.7505154639175258 0.13825757575757575 0.7536082474226804 0.2196969696969697
0 0.7463917525773196 0.2215909090909091 0.7453608247422681 0.13257575757575757 0.5536082474226804 0.13257575757575757 0.511340206185567 0.14583333333333334 0.511340206185567 0.20265151515151514 0.5185567010309279 0.22348484848484848
0 0.3649484536082474 0.2215909090909091 0.4917525773195876 0.21212121212121213 0.49690721649484537 0.14204545454545456 0.2618556701030928 0.13068181818181818 0.2690721649484536 0.2196969696969697
0 0.09072164948453608 0.24053030303030304 0.25463917525773194 0.22727272727272727 0.2639175257731959 0.2178030303030303 0.2597938144329897 0.14962121212121213 0.25257731958762886 0.12878787878787878 0.22371134020618558 0.14772727272727273 0.058762886597938144 0.15151515151515152 0.03711340206185567 0.17234848484848486 0.042268041237113405 0.23863636363636365
0 0.0865979381443299 0.32386363636363635 0.2752577319587629 0.3068181818181818 0.27628865979381445 0.24053030303030304 0.27319587628865977 0.22727272727272727 0.22989690721649483 0.22727272727272727 0.05257731958762887 0.24621212121212122 0.0577319587628866 0.3162878787878788
0 0.3216494845360825 0.3125 0.5041237113402062 0.29545454545454547 0.5072164948453608 0.21401515151515152 0.4979381443298969 0.20454545454545456 0.4175257731958763 0.22348484848484848 0.28144329896907216 0.22727272727272727 0.2824742268041237 0.3087121212121212
0 0.554639175257732 0.3125 0.7515463917525773 0.29924242424242425 0.7546391752577319 0.23674242424242425 0.6752577319587629 0.22348484848484848 0.5247422680412371 0.22727272727272727 0.5257731958762887 0.3125
0 0.7917525773195876 0.3087121212121212 0.9907216494845361 0.29924242424242425 0.9958762886597938 0.22537878787878787 0.7680412371134021 0.22727272727272727 0.7670103092783506 0.3087121212121212
0 0.9072164948453608 0.4034090909090909 0.9845360824742269 0.38636363636363635 0.9876288659793815 0.3087121212121212 0.8092783505154639 0.3106060606060606 0.7639175257731958 0.3143939393939394 0.7587628865979381 0.32765151515151514 0.7639175257731958 0.4053030303030303
0 0.5381443298969072 0.3996212121212121 0.743298969072165 0.38636363636363635 0.7525773195876289 0.3768939393939394 0.7525773195876289 0.3087121212121212 0.5288659793814433 0.3181818181818182 0.5257731958762887 0.38446969696969696
0 0.51340206185567 0.4034090909090909 0.5216494845360825 0.3958333333333333 0.5216494845360825 0.32007575757575757 0.5082474226804123 0.3068181818181818 0.2865979381443299 0.32386363636363635 0.29175257731958765 0.4015151515151515
0 0.10927835051546392 0.4147727272727273 0.277319587628866 0.3977272727272727 0.27835051546391754 0.32765151515151514 0.2752577319587629 0.3143939393939394 0.25876288659793817 0.3106060606060606 0.060824742268041236 0.32575757575757575 0.05360824742268041 0.3390151515151515 0.058762886597938144 0.4166666666666667
0 0.10103092783505155 0.4981060606060606 0.277319587628866 0.4810606060606061 0.27835051546391754 0.4034090909090909 0.0577319587628866 0.42613636363636365 0.06701030927835051 0.5
0 0.5072164948453608 0.48295454545454547 0.51340206185567 0.4791666666666667 0.5082474226804123 0.4053030303030303 0.2824742268041237 0.4034090909090909 0.2876288659793814 0.48484848484848486
0 0.6061855670103092 0.4791666666666667 0.743298969072165 0.4659090909090909 0.7463917525773196 0.3958333333333333 0.7329896907216494 0.38636363636363635 0.5154639175257731 0.4109848484848485 0.5185567010309279 0.4810606060606061
0 0.8927835051546392 0.48674242424242425 0.98659793814433 0.4810606060606061 0.9917525773195877 0.4071969696969697 0.98659793814433 0.39015151515151514 0.9701030927835051 0.39015151515151514 0.9226804123711341 0.4053030303030303 0.7628865979381443 0.4109848484848485 0.7680412371134021 0.48863636363636365
0 0.822680412371134 0.5700757575757576 0.9577319587628866 0.5681818181818182 0.9628865979381444 0.49053030303030304 0.7360824742268042 0.48674242424242425 0.7391752577319588 0.571969696969697
0 0.7319587628865979 0.5738636363636364 0.734020618556701 0.48674242424242425 0.7268041237113402 0.4810606060606061 0.5051546391752577 0.4943181818181818 0.5082474226804123 0.5681818181818182
0 0.41237113402061853 0.5700757575757576 0.5 0.5643939393939394 0.5030927835051546 0.49053030303030304 0.27422680412371137 0.4943181818181818 0.28144329896907216 0.5681818181818182
0 0.27628865979381445 0.5776515151515151 0.2690721649484536 0.49242424242424243 0.05360824742268041 0.5056818181818182 0.060824742268041236 0.5795454545454546
0 0.2845360824742268 0.6647727272727273 0.2948453608247423 0.6534090909090909 0.2876288659793814 0.5795454545454546 0.07010309278350516 0.5890151515151515 0.07731958762886598 0.6666666666666666
0 0.5195876288659794 0.6685606060606061 0.5257731958762887 0.6571969696969697 0.520618556701031 0.5757575757575758 0.31030927835051547 0.5757575757575758 0.29690721649484536 0.5890151515151515 0.2979381443298969 0.6666666666666666
0 0.7505154639175258 0.6534090909090909 0.756701030927835 0.6306818181818182 0.7536082474226804 0.5757575757575758 0.5329896907216495 0.5681818181818182 0.5257731958762887 0.5852272727272727 0.5288659793814433 0.6477272727272727
0 0.7731958762886598 0.6571969696969697 0.9721649484536082 0.6439393939393939 0.979381443298969 0.634469696969697 0.979381443298969 0.5738636363636364 0.7639175257731958 0.5757575757575758 0.7587628865979381 0.6534090909090909
0 0.9752577319587629 0.7367424242424242 0.9855670103092784 0.7253787878787878 0.9824742268041237 0.6666666666666666 0.7608247422680412 0.6647727272727273 0.7639175257731958 0.7386363636363636
0 0.6391752577319587 0.740530303030303 0.7474226804123711 0.7386363636363636 0.756701030927835 0.7291666666666666 0.756701030927835 0.6647727272727273 0.5278350515463918 0.6609848484848485 0.5309278350515464 0.7348484848484849
0 0.43711340206185567 0.7518939393939394 0.5041237113402062 0.7462121212121212 0.5051546391752577 0.6761363636363636 0.27835051546391754 0.6761363636363636 0.28350515463917525 0.7537878787878788
0 0.27628865979381445 0.7556818181818182 0.2711340206185567 0.6704545454545454 0.058762886597938144 0.6666666666666666 0.05360824742268041 0.6799242424242424 0.05567010309278351 0.7367424242424242 0.06701030927835051 0.7462121212121212
0 0.2907216494845361 0.8314393939393939 0.2876288659793814 0.7613636363636364 0.07216494845360824 0.7518939393939394 0.07216494845360824 0.8011363636363636 0.08556701030927835 0.8257575757575758
0 0.2721649484536082 0.9147727272727273 0.2865979381443299 0.9071969696969697 0.28350515463917525 0.8371212121212122 0.07525773195876288 0.8181818181818182 0.06597938144329897 0.8314393939393939 0.06804123711340206 0.8920454545454546 0.08144329896907217 0.9053030303030303
0 0.2907216494845361 0.9943181818181818 0.28969072164948456 0.9166666666666666 0.08041237113402062 0.9109848484848485 0.08762886597938144 0.9810606060606061
0 0.43917525773195876 0.9867424242424242 0.5103092783505154 0.9848484848484849 0.51340206185567 0.9185606060606061 0.29690721649484536 0.9185606060606061 0.3020618556701031 0.9886363636363636
0 0.422680412371134 0.9147727272727273 0.5123711340206185 0.9128787878787878 0.5216494845360825 0.8996212121212122 0.5237113402061856 0.8390151515151515 0.29896907216494845 0.8390151515151515 0.30412371134020616 0.9128787878787878
0 0.4288659793814433 0.8352272727272727 0.5144329896907216 0.8295454545454546 0.5195876288659794 0.7670454545454546 0.5103092783505154 0.75 0.2927835051546392 0.759469696969697 0.3020618556701031 0.8333333333333334
0 0.7360824742268042 0.8162878787878788 0.7505154639175258 0.8087121212121212 0.7474226804123711 0.7386363636363636 0.5257731958762887 0.7443181818181818 0.5288659793814433 0.8181818181818182
0 0.7484536082474227 0.8958333333333334 0.7546391752577319 0.8882575757575758 0.7494845360824742 0.8181818181818182 0.5278350515463918 0.8238636363636364 0.5309278350515464 0.8977272727272727
0 0.8329896907216495 0.9034090909090909 0.9742268041237113 0.8939393939393939 0.979381443298969 0.8276515151515151 0.7587628865979381 0.8276515151515151 0.7597938144329897 0.9015151515151515
0 0.9649484536082474 0.8162878787878788 0.977319587628866 0.8087121212121212 0.9762886597938144 0.7424242424242424 0.7546391752577319 0.7443181818181818 0.7597938144329897 0.8181818181818182
0 0.8041237113402062 0.9791666666666666 0.9701030927835051 0.9772727272727273 0.9752577319587629 0.9109848484848485 0.8855670103092783 0.9015151515151515 0.7546391752577319 0.9147727272727273 0.7546391752577319 0.9640151515151515 0.7618556701030927 0.9810606060606061
0 0.7402061855670103 0.9791666666666666 0.7443298969072165 0.9071969696969697 0.7309278350515463 0.9015151515151515 0.5639175257731959 0.9015151515151515 0.5175257731958763 0.9185606060606061 0.5175257731958763 0.9715909090909091 0.5247422680412371 0.9810606060606061
0 0.882639175257732 0.0903409090909091 0.229979381443299 0.10196969696969697
0 0.6439381443298969 0.07939393939393939 0.2347422680412371 0.09761363636363636
0 0.36993814432989686 0.08738636363636364 0.23711340206185566 0.08450757575757575
0 0.12014432989690722 0.09833333333333334 0.23235051546391752 0.09178030303030303