0 0.5293005671077504 0.3171428571428571 0.5756143667296786 0.30857142857142855 0.5765595463137996 0.18571428571428572 0.43856332703213613 0.19142857142857142 0.44328922495274103 0.3142857142857143
0 0.43289224952741023 0.32857142857142857 0.43383742911153117 0.19428571428571428 0.30340264650283555 0.18857142857142858 0.29867674858223064 0.20857142857142857 0.2996219281663516 0.32571428571428573
0 0.22684310018903592 0.47714285714285715 0.28638941398865786 0.4742857142857143 0.2892249527410208 0.3514285714285714 0.15500945179584122 0.3514285714285714 0.15595463137996218 0.4685714285714286
0 0.41965973534971646 0.48857142857142855 0.42911153119092627 0.44857142857142857 0.4281663516068053 0.3485714285714286 0.29587403987263894 0.35515528472072866 0.2892249527410208 0.36857142857142855 0.288948820214603 0.4829245639800151
0 0.5708884688090737 0.48857142857142855 0.5699432892249527 0.3485714285714286 0.43289224952741023 0.3514285714285714 0.43572778827977315 0.4857142857142857
0 0.7126654064272212 0.5171428571428571 0.7164461247637051 0.40285714285714286 0.7098298676748582 0.38285714285714284 0.5771014009670191 0.3735065058579635 0.5775047258979206 0.49142857142857144
0 0.8506616257088847 0.5114285714285715 0.8544423440453687 0.40285714285714286 0.8478260869565217 0.38285714285714284 0.7620113943731561 0.37392515902474527 0.7295853775913197 0.3757403296996229 0.718336483931947 0.3742857142857143 0.719281663516068 0.5028571428571429
0 0.9867674858223062 0.5285714285714286 0.9924385633270322 0.4828571428571429 0.9877126654064272 0.4114285714285714 0.8563327032136105 0.3914285714285714 0.8563327032136105 0.4942857142857143 0.8648393194706995 0.52
0 0.9735349716446124 0.6942857142857143 0.9810964083175804 0.6714285714285714 0.9859911028847299 0.5645180798868726 0.9613713494022246 0.56633325056175 0.8412749909509785 0.5518118851627309 0.8412098298676749 0.6542857142857142 0.8553875236294896 0.6857142857142857
0 0.833648393194707 0.6942857142857143 0.8393194706994329 0.5857142857142857 0.8201250545295915 0.5648351648351649 0.7197906063690563 0.556043956043956 0.7045223207794096 0.5604395604395604 0.7041587901701323 0.6857142857142857
0 0.6975425330812854 0.6542857142857142 0.6965973534971645 0.5257142857142857 0.5604914933837429 0.5085714285714286 0.55765595463138 0.5285714285714286 0.5604914933837429 0.64
0 0.5122873345935728 0.6428571428571429 0.5519848771266541 0.6314285714285715 0.5473893177531823 0.5168753431687729 0.43439439365102167 0.5191373796815467 0.4158790170132325 0.5171428571428571 0.4168241965973535 0.6457142857142857
0 0.40831758034026466 0.66 0.4108226048482531 0.5361026535273488 0.4089518279591445 0.5361026535273488 0.40333949729181867 0.5338406170145751 0.2918411947009449 0.5236614527070939 0.277882797731569 0.5228571428571429 0.27882797731569 0.6514285714285715
0 0.2722117202268431 0.6257142857142857 0.2750983808985311 0.5117989773719442 0.2693671646298117 0.5089115360327513 0.15760844738978344 0.5002492120151727 0.14366729678638943 0.5114285714285715 0.14839319470699433 0.6114285714285714
0 0.1323251417769376 0.6257142857142857 0.13988657844990549 0.6085714285714285 0.13768917903839448 0.5033031240921312 0.028061653336629314 0.4965170145538104 0.005671077504725898 0.5 0.008506616257088847 0.6171428571428571
0 0.09073724007561437 0.7914285714285715 0.11814744801512288 0.7885714285714286 0.1285444234404537 0.7628571428571429 0.12948960302457466 0.6342857142857142 0.012287334593572778 0.6228571428571429 0 0.6485714285714286 0.000945179584120983 0.7714285714285715
0 0.20982986767485823 0.7742857142857142 0.2618147448015123 0.7657142857142857 0.2627599243856333 0.6428571428571429 0.1446124763705104 0.6171428571428571 0.13043478260869565 0.6542857142857142 0.1332703213610586 0.7714285714285715
0 0.3534971644612476 0.7914285714285715 0.4017013232514178 0.7828571428571428 0.4045368620037807 0.6714285714285714 0.27504725897920607 0.6514285714285715 0.2665406427221172 0.6714285714285714 0.2665406427221172 0.7742857142857142 0.2731568998109641 0.7885714285714286
0 0.5444234404536862 0.7685714285714286 0.5415879017013232 0.6457142857142857 0.4168241965973535 0.6457142857142857 0.4102079395085066 0.6657142857142857 0.41493383742911155 0.7714285714285715
0 0.6918714555765595 0.82 0.6975425330812854 0.6942857142857143 0.6890359168241966 0.6742857142857143 0.6058053568536245 0.6717948689394658 0.5580652607972246 0.6705508043673556 0.5551843929317524 0.8011775844389185 0.5642722117202268 0.8114285714285714
0 0.831758034026465 0.8542857142857143 0.8355387523629489 0.7342857142857143 0.8256624643523165 0.7224379286012069 0.7427959770209568 0.7115469045519425 0.6975425330812854 0.7114285714285714 0.6956521739130435 0.82 0.7022684310018904 0.84
0 0.9678638941398866 0.8714285714285714 0.9735349716446124 0.8314285714285714 0.9688090737240076 0.7314285714285714 0.9373520777119753 0.7351441233253487 0.8995217247998327 0.7242530992760845 0.8520836632115905 0.722437928601207 0.8355387523629489 0.7171428571428572 0.8402646502835539 0.8628571428571429
0 0.9281663516068053 0.9914285714285714 0.9650283553875236 0.9885714285714285 0.9678638941398866 0.8771428571428571 0.831758034026465 0.8714285714285714 0.8298676748582231 0.9685714285714285 0.8383742911153119 0.9942857142857143
0 0.8204158790170132 0.98 0.8279773156899811 0.9514285714285714 0.8270321361058601 0.8628571428571429 0.6899810964083176 0.8485714285714285 0.6862003780718336 0.9342857142857143 0.6965973534971645 0.9714285714285714
0 0.6767485822306238 0.9857142857142858 0.6833648393194707 0.8285714285714286 0.5463137996219282 0.8028571428571428 0.5491493383742911 0.9714285714285714
0 0.5425330812854442 0.9514285714285714 0.5436609214698627 0.8123741655879095 0.4119641047625531 0.8024216490110286 0.40831758034026466 0.7971428571428572 0.4111531190926276 0.9371428571428572
0 0.3444569211722482 0.9558987925707468 0.39644179829890225 0.9473273639993183 0.4030580553877491 0.9216130782850326 0.40167529095729454 0.8297910695974512 0.26997847424998483 0.828547005025341 0.26915536914556415 0.828547005025341 0.2697877340266905 0.9473273639993183
0 0.2618100614237163 0.9765618230840434 0.2648124703849975 0.8367936811184834 0.13576286863606135 0.8319052422197506 0.1389413988657845 0.9485714285714286
0 0.12310400569255088 0.9612270778767015 0.1324675449157878 0.9534152292414959 0.13171573705070452 0.837466106138332 0.028329921097497893 0.8363539333546156 0.005671077504725898 0.8428571428571429 0.010396975425330813 0.9485714285714286 0.09546313799621928 0.9542857142857143 0.10502270301233657 0.9582976160136721
0 0.03635306092773012 0.06813186813186811 0.15849934564490328 0.05934065934065928 0.1614075905191217 0.17142857142857137 0.03344481605351172 0.19120879120879108
0 0.17231350879744073 0.02197802197802194 0.2980950996073869 0.03516483516483522 0.29591391595172317 0.1538461538461538 0.1701323251417769 0.13626373626373625
0 0.22612476370510398 0.27034285714285716 0.12650283553875236 0.12308571428571428
0 0.3638941398865784 0.10217142857142857 0.12869565217391304 0.11645714285714286
0 0.5002268431001891 0.0989142857142857 0.12941398865784498 0.12308571428571428
0 0.6358790170132325 0.09502857142857142 0.13754253308128545 0.1264
0 0.7190635451505016 0.2505494505494505 0.5823760360622364 0.23956043956043963 0.583103097280791 0.3516483516483517 0.714701177839174 0.3648351648351648
0 0.7226988512432746 0.05054945054945059 0.8492075032717755 0.07912087912087912 0.8506616257088846 0.19780219780219788 0.7176094227133925 0.1692307692307693
0 0.7263341573360477 0.21318681318681318 0.8586592991129853 0.2549450549450549 0.8550239930202123 0.3648351648351648 0.7270612185546023 0.32527472527472523
0 0.8702922786098589 0.2615384615384615 0.998255053075469 0.2945054945054946 0.9975279918569142 0.41318681318681344 0.8717464010469681 0.36483516483516465
0 0.8702922786098589 0.09450549450549448 0.8710193398284135 0.20879120879120885 0.9953468082012503 0.22417582417582407 0.9924385633270322 0.10989010989010978
0 0.02950235473706314 0.21495005005937023 0.15961530383385447 0.21342558161923286 0.1583545194433817 0.34681657013125344 0.026728629078023015 0.3346208226101544
0 0.016390197076146192 0.3391942279305666 0.15255491124720688 0.3468165701312534 0.1487725580757885 0.47868309020313654 0.015129412685673395 0.45429159516093853