0 0.6530172413793104 0.08208955223880597 0.7467672413793104 0.07462686567164178 0.748152709359606 0.012793176972281469 0.4997947454844007 0.012793176972281446 0.5010775862068966 0.08059701492537313
0 0.8211206896551724 0.08208955223880597 0.990301724137931 0.07164179104477612 0.9935344827586207 0.013432835820895522 0.9816810344827587 0 0.7478448275862069 0.007462686567164179 0.7510775862068966 0.08059701492537313
0 0.8189655172413793 0.1537313432835821 0.990301724137931 0.14626865671641792 0.9956896551724138 0.09104477611940298 0.990301724137931 0.07761194029850746 0.7543103448275862 0.09104477611940298 0.7575431034482759 0.15522388059701492
0 0.6896551724137931 0.1626865671641791 0.7435344827586207 0.1537313432835821 0.7381465517241379 0.08656716417910448 0.4978448275862069 0.09701492537313433 0.5010775862068966 0.16119402985074627
0 0.08405172413793104 0.16865671641791044 0.23168103448275862 0.16119402985074627 0.23922413793103448 0.15074626865671642 0.2349137931034483 0.09701492537313433 0.020474137931034482 0.10149253731343283 0 0.11194029850746269 0.007543103448275862 0.1701492537313433
0 0.4870689655172414 0.1626865671641791 0.49353448275862066 0.15970149253731344 0.49030172413793105 0.0955223880597015 0.2478448275862069 0.10298507462686567 0.25538793103448276 0.16417910447761194
0 0.1314655172413793 0.23432835820895523 0.22952586206896552 0.2298507462686567 0.23706896551724138 0.21940298507462686 0.2349137931034483 0.16865671641791044 0 0.17164179104477612 0.0010775862068965517 0.23283582089552238
0 0.40948275862068967 0.23134328358208955 0.4838362068965517 0.2298507462686567 0.4870689655172414 0.16865671641791044 0.2435344827586207 0.17164179104477612 0.24892241379310345 0.22686567164179106
0 0.6594827586206896 0.22835820895522388 0.7316810344827587 0.22388059701492538 0.7370689655172413 0.16567164179104477 0.4892241379310345 0.16865671641791044 0.49245689655172414 0.22686567164179106
0 0.9741379310344828 0.23134328358208955 0.9956896551724138 0.2253731343283582 0.9978448275862069 0.18059701492537314 0.9838362068965517 0.14925373134328357 0.7564655172413793 0.16567164179104477 0.759698275862069 0.2208955223880597
0 0.9137931034482759 0.29701492537313434 0.9924568965517241 0.28955223880597014 0.9956896551724138 0.2373134328358209 0.8049568965517241 0.22686567164179106 0.7640086206896551 0.22686567164179106 0.7607758620689655 0.2373134328358209 0.7640086206896551 0.28955223880597014
0 0.6530172413793104 0.29701492537313434 0.7553879310344828 0.28955223880597014 0.7586206896551724 0.23134328358208955 0.7381465517241379 0.2208955223880597 0.5150862068965517 0.23432835820895523 0.5150862068965517 0.2880597014925373 0.5226293103448276 0.29850746268656714
0 0.36637931034482757 0.3 0.509698275862069 0.29253731343283584 0.5129310344827587 0.23432835820895523 0.27155172413793105 0.2373134328358209 0.2769396551724138 0.30149253731343284
0 0.08620689655172414 0.3029850746268657 0.25323275862068967 0.29850746268656714 0.2629310344827586 0.291044776119403 0.2607758620689655 0.24328358208955222 0.25538793103448276 0.2298507462686567 0.021551724137931036 0.24029850746268658 0.02693965517241379 0.3044776119402985
0 0.040948275862068964 0.3746268656716418 0.2510775862068966 0.3701492537313433 0.25862068965517243 0.30597014925373134 0.022629310344827586 0.3074626865671642 0.021551724137931036 0.3656716417910448
0 0.35129310344827586 0.3686567164179104 0.4859913793103448 0.3611940298507463 0.49137931034482757 0.30895522388059704 0.48814655172413796 0.29850746268656714 0.25862068965517243 0.30597014925373134 0.25754310344827586 0.36716417910447763
0 0.7004310344827587 0.3686567164179104 0.7532327586206896 0.36716417910447763 0.7543103448275862 0.3 0.5150862068965517 0.30895522388059704 0.5183189655172413 0.3701492537313433
0 0.8685344827586207 0.3686567164179104 0.9881465517241379 0.3641791044776119 0.9978448275862069 0.3567164179104478 0.9978448275862069 0.30597014925373134 0.7607758620689655 0.3 0.7618534482758621 0.3701492537313433
0 0.8599137931034483 0.4343283582089552 0.9838362068965517 0.42686567164179107 0.9870689655172413 0.3686567164179104 0.7543103448275862 0.3776119402985075 0.7575431034482759 0.43582089552238806
0 0.7413793103448276 0.4373134328358209 0.7543103448275862 0.4343283582089552 0.7553879310344828 0.373134328358209 0.5021551724137931 0.3686567164179104 0.5075431034482759 0.4388059701492537
0 0.1400862068965517 0.44029850746268656 0.25754310344827586 0.43582089552238806 0.25862068965517243 0.3925373134328358 0.25323275862068967 0.3761194029850746 0.24245689655172414 0.373134328358209 0.029094827586206896 0.37910447761194027 0.021551724137931036 0.3895522388059702 0.03125 0.4417910447761194
0 0.4396551724137931 0.43134328358208956 0.49030172413793105 0.42686567164179107 0.49137931034482757 0.36268656716417913 0.2521551724137931 0.3776119402985075 0.26185344827586204 0.43283582089552236
0 0.15948275862068967 0.5029850746268657 0.26185344827586204 0.49850746268656715 0.2629310344827586 0.44328358208955226 0.034482758620689655 0.4462686567164179 0.04202586206896552 0.5044776119402985
0 0.32112068965517243 0.5 0.5010775862068966 0.48656716417910445 0.5021551724137931 0.44029850746268656 0.49461206896551724 0.42686567164179107 0.2650862068965517 0.44029850746268656 0.27262931034482757 0.49850746268656715
0 0.603448275862069 0.5 0.7510775862068966 0.4955223880597015 0.7543103448275862 0.44328358208955226 0.5172413793103449 0.44328358208955226 0.5204741379310345 0.5014925373134328
0 0.7844827586206896 0.5 0.9881465517241379 0.48656716417910445 0.9956896551724138 0.4791044776119403 0.9956896551724138 0.43134328358208956 0.7640086206896551 0.4388059701492537 0.7629310344827587 0.49701492537313435
0 0.8189655172413793 0.5686567164179105 0.9234913793103449 0.564179104477612 0.9881465517241379 0.5492537313432836 0.9892241379310345 0.491044776119403 0.7564655172413793 0.5059701492537313 0.759698275862069 0.5701492537313433
0 0.646551724137931 0.5656716417910448 0.7446120689655172 0.5582089552238806 0.7521551724137931 0.5477611940298508 0.7521551724137931 0.5059701492537313 0.7359913793103449 0.4955223880597015 0.5150862068965517 0.508955223880597 0.5183189655172413 0.5671641791044776
0 0.5086206896551724 0.5686567164179105 0.5075431034482759 0.49850746268656715 0.27586206896551724 0.5059701492537313 0.28125 0.5671641791044776
0 0.07112068965517242 0.5746268656716418 0.2640086206896552 0.564179104477612 0.2629310344827586 0.508955223880597 0.2273706896551724 0.5014925373134328 0.03771551724137931 0.5134328358208955 0.036637931034482756 0.5716417910447761
0 0.20905172413793102 0.6313432835820896 0.2661637931034483 0.6238805970149254 0.2650862068965517 0.5716417910447761 0.03879310344827586 0.5776119402985075 0.04633620689655173 0.6328358208955224
0 0.47413793103448276 0.6283582089552239 0.5064655172413793 0.6253731343283582 0.5053879310344828 0.573134328358209 0.26939655172413796 0.5686567164179105 0.27262931034482757 0.6238805970149254
0 0.6142241379310345 0.6253731343283582 0.7381465517241379 0.6179104477611941 0.7435344827586207 0.5626865671641791 0.5086206896551724 0.5746268656716418 0.5140086206896551 0.6268656716417911
0 0.7823275862068966 0.6313432835820896 0.9859913793103449 0.6208955223880597 0.9935344827586207 0.6164179104477612 0.9935344827586207 0.5686567164179105 0.9407327586206896 0.5611940298507463 0.7618534482758621 0.573134328358209 0.7607758620689655 0.6283582089552239
0 0.790948275862069 0.691044776119403 0.9601293103448276 0.6865671641791045 0.9655172413793104 0.6283582089552239 0.7370689655172413 0.6253731343283582 0.7381465517241379 0.6895522388059702
0 0.7306034482758621 0.691044776119403 0.7295258620689655 0.6238805970149254 0.4978448275862069 0.6343283582089553 0.5010775862068966 0.6925373134328359
0 0.4676724137931034 0.6880597014925374 0.4956896551724138 0.682089552238806 0.49245689655172414 0.6298507462686567 0.2629310344827586 0.6313432835820896 0.2683189655172414 0.6865671641791045
0 0.2607758620689655 0.6970149253731344 0.25754310344827586 0.6358208955223881 0.034482758620689655 0.6432835820895523 0.03987068965517242 0.6925373134328359
0 0.27586206896551724 0.7597014925373134 0.2823275862068966 0.753731343283582 0.2790948275862069 0.6955223880597015 0.05387931034482758 0.7029850746268657 0.059267241379310345 0.755223880597015
0 0.5150862068965517 0.7626865671641792 0.5118534482758621 0.6985074626865672 0.2920258620689655 0.6955223880597015 0.28448275862068967 0.7119402985074627 0.2920258620689655 0.764179104477612
0 0.7392241379310345 0.753731343283582 0.7521551724137931 0.7507462686567165 0.7489224137931034 0.6955223880597015 0.5193965517241379 0.6970149253731344 0.5193965517241379 0.744776119402985 0.53125 0.7522388059701492
0 0.7866379310344828 0.753731343283582 0.9622844827586207 0.746268656716418 0.978448275862069 0.735820895522388 0.978448275862069 0.6880597014925374 0.7575431034482759 0.6985074626865672 0.7564655172413793 0.7507462686567165
0 0.8060344827586207 0.8134328358208955 0.9795258620689655 0.808955223880597 0.9870689655172413 0.7626865671641792 0.9730603448275862 0.7492537313432835 0.7586206896551724 0.7597014925373134 0.759698275862069 0.8119402985074626
0 0.6939655172413793 0.8164179104477612 0.7510775862068966 0.8119402985074626 0.7564655172413793 0.7626865671641792 0.521551724137931 0.7567164179104477 0.5247844827586207 0.8149253731343283
0 0.28879310344827586 0.8253731343283582 0.49245689655172414 0.8208955223880597 0.5 0.8104477611940298 0.4978448275862069 0.7686567164179104 0.27262931034482757 0.764179104477612 0.26939655172413796 0.8194029850746268
0 0.2650862068965517 0.8253731343283582 0.26185344827586204 0.764179104477612 0.03879310344827586 0.7656716417910447 0.04310344827586207 0.8104477611940298 0.059267241379310345 0.817910447761194
0 0.27370689655172414 0.8820895522388059 0.2683189655172414 0.8298507462686567 0.05603448275862069 0.8223880597014925 0.05818965517241379 0.8671641791044776 0.07219827586206896 0.8746268656716418
0 0.4827586206896552 0.8820895522388059 0.5150862068965517 0.8761194029850746 0.509698275862069 0.8208955223880597 0.27370689655172414 0.8313432835820895 0.27801724137931033 0.8641791044776119 0.2941810344827586 0.8835820895522388
0 0.6594827586206896 0.8731343283582089 0.7446120689655172 0.8716417910447761 0.7478448275862069 0.8164179104477612 0.5172413793103449 0.8164179104477612 0.5226293103448276 0.8746268656716418
0 0.8017241379310345 0.8701492537313433 0.9752155172413793 0.8656716417910447 0.978448275862069 0.8134328358208955 0.75 0.8194029850746268 0.7553879310344828 0.8716417910447761
0 0.7758620689655172 0.9328358208955224 0.9752155172413793 0.9223880597014925 0.9806034482758621 0.8731343283582089 0.7618534482758621 0.8716417910447761 0.7564655172413793 0.9298507462686567
0 0.7198275862068966 0.9298507462686567 0.7521551724137931 0.9238805970149254 0.7510775862068966 0.8746268656716418 0.521551724137931 0.8791044776119403 0.5247844827586207 0.9313432835820895
0 0.48060344827586204 0.9417910447761194 0.5172413793103449 0.9328358208955224 0.5140086206896551 0.8805970149253731 0.28879310344827586 0.8880597014925373 0.2941810344827586 0.9402985074626866
0 0.27370689655172414 0.9417910447761194 0.27262931034482757 0.8835820895522388 0.07866379310344827 0.8746268656716418 0.05387931034482758 0.8820895522388059 0.05603448275862069 0.917910447761194 0.06788793103448276 0.9313432835820895
0 0.2823275862068966 0.9985074626865672 0.28125 0.9432835820895522 0.0668103448275862 0.935820895522388 0.06896551724137931 0.9776119402985075 0.08081896551724138 0.9880597014925373 0.1627155172413793 1
0 0.5086206896551724 0.9985074626865672 0.5075431034482759 0.9432835820895522 0.28663793103448276 0.9477611940298507 0.2920258620689655 0.9970149253731343
0 0.5387931034482759 0.9955223880597015 0.7295258620689655 0.9940298507462687 0.7456896551724138 0.9776119402985075 0.7456896551724138 0.9477611940298507 0.7381465517241379 0.9313432835820895 0.5269396551724138 0.9343283582089552 0.5172413793103449 0.9477611940298507 0.5193965517241379 0.9925373134328358
0 0.8491379310344828 0.9835820895522388 0.9709051724137931 0.9791044776119403 0.9741379310344828 0.926865671641791 0.75 0.9417910447761194 0.7618534482758621 0.9850746268656716
0 0.1271551724137931 0.0593134328358209 0.23922413793103448 0.06943283582089553
0 0.37176724137931033 0.0633134328358209 0.2413793103448276 0.07334328358208955