0 0.3061630218687873 0.8547400611620795 0.305168986083499 0.7981651376146789 0.20278330019880716 0.7935779816513762 0.2077534791252485 0.8501529051987767
0 0.2644135188866799 0.22477064220183487 0.2634194831013916 0.1559633027522936 0.15308151093439365 0.154434250764526 0.15606361829025844 0.22018348623853212
0 0.3399602385685885 0.2217125382262997 0.38767395626242546 0.21253822629969418 0.38071570576540753 0.14984709480122324 0.27236580516898606 0.15137614678899083 0.2753479125248509 0.22018348623853212
0 0.5049701789264414 0.22782874617737003 0.5059642147117296 0.15902140672782875 0.39165009940357853 0.154434250764526 0.39065606361829025 0.22018348623853212
0 0.6282306163021869 0.22782874617737003 0.6272365805168986 0.15902140672782875 0.5149105367793241 0.15749235474006115 0.5178926441351889 0.22629969418960244
0 0.7475149105367793 0.22782874617737003 0.7465208747514911 0.15902140672782875 0.6341948310139165 0.15137614678899083 0.6332007952286283 0.21712538226299694
0 0.9860834990059643 0.23394495412844038 0.9870775347912525 0.16819571865443425 0.8767395626242545 0.16972477064220184 0.8777335984095428 0.2324159021406728
0 0.9920477137176938 0.16666666666666666 1 0.154434250764526 0.9970178926441352 0.09174311926605505 0.8886679920477137 0.09327217125382263 0.889662027833002 0.15902140672782875
0 0.9761431411530815 0.30428134556574926 0.9840954274353877 0.2889908256880734 0.9831013916500994 0.23547400611620795 0.8727634194831014 0.23700305810397554 0.8757455268389662 0.30275229357798167
0 0.7415506958250497 0.3012232415902141 0.7554671968190855 0.2981651376146789 0.7524850894632207 0.22935779816513763 0.6421471172962226 0.22782874617737003 0.6451292246520874 0.2966360856269113
0 0.7634194831013916 0.30428134556574926 0.8697813121272365 0.30275229357798167 0.8707753479125249 0.23700305810397554 0.7624254473161034 0.2324159021406728 0.757455268389662 0.3012232415902141
0 0.6361829025844931 0.30428134556574926 0.6391650099403579 0.2324159021406728 0.5268389662027833 0.22782874617737003 0.5278330019880716 0.2966360856269113
0 0.5069582504970179 0.2981651376146789 0.5039761431411531 0.22935779816513763 0.39165009940357853 0.2308868501529052 0.3966202783300199 0.2966360856269113
0 0.35785288270377735 0.3012232415902141 0.38767395626242546 0.2981651376146789 0.38469184890656066 0.22629969418960244 0.27236580516898606 0.2308868501529052 0.2773359840954274 0.2996941896024465
0 0.2664015904572565 0.3012232415902141 0.2673956262425447 0.22935779816513763 0.15904572564612326 0.22477064220183487 0.16202783300198806 0.290519877675841
0 0.28429423459244535 0.37767584097859325 0.28330019880715707 0.308868501529052 0.1749502982107356 0.30428134556574926 0.1749502982107356 0.3654434250764526 0.18190854870775347 0.3730886850152905
0 0.40159045725646125 0.37767584097859325 0.40357852882703776 0.32262996941896027 0.3966202783300199 0.3058103975535168 0.2882703777335984 0.3073394495412844 0.2952286282306163 0.3730886850152905
0 0.5168986083499006 0.37767584097859325 0.5119284294234593 0.30275229357798167 0.40357852882703776 0.3073394495412844 0.40656063618290256 0.3730886850152905
0 0.6322067594433399 0.37155963302752293 0.6312127236580517 0.3058103975535168 0.5188866799204771 0.29510703363914376 0.5198807157057654 0.3669724770642202
0 0.7375745526838966 0.3746177370030581 0.7554671968190855 0.37155963302752293 0.7544731610337972 0.3058103975535168 0.6421471172962226 0.3073394495412844 0.6451292246520874 0.3761467889908257
0 0.8707753479125249 0.38073394495412843 0.8697813121272365 0.3119266055045872 0.7594433399602386 0.3103975535168196 0.7624254473161034 0.37920489296636084
0 0.9781312127236581 0.3837920489296636 0.9840954274353877 0.37155963302752293 0.9791252485089463 0.3119266055045872 0.8727634194831014 0.31345565749235477 0.8737574552683897 0.382262996941896
0 0.9821073558648111 0.4541284403669725 0.9880715705765407 0.3929663608562691 0.9831013916500994 0.382262996941896 0.8747514910536779 0.38685015290519875 0.8737574552683897 0.44954128440366975
0 0.8707753479125249 0.44801223241590216 0.8677932405566601 0.3853211009174312 0.7594433399602386 0.38685015290519875 0.7624254473161034 0.44954128440366975
0 0.7514910536779325 0.44495412844036697 0.7524850894632207 0.3761467889908257 0.6421471172962226 0.37767584097859325 0.6451292246520874 0.4434250764525994
0 0.614314115308151 0.4510703363914373 0.6361829025844931 0.4418960244648318 0.6332007952286283 0.37920489296636084 0.5208747514910537 0.3837920489296636 0.525844930417495 0.44954128440366975
0 0.5168986083499006 0.44801223241590216 0.5159045725646123 0.382262996941896 0.40556660039761433 0.38685015290519875 0.4125248508946322 0.44954128440366975
0 0.3976143141153082 0.44801223241590216 0.3966202783300199 0.382262996941896 0.2992047713717694 0.3730886850152905 0.28628230616302186 0.38073394495412843 0.28926441351888665 0.44036697247706424
0 0.2803180914512923 0.44495412844036697 0.2773359840954274 0.382262996941896 0.16898608349900596 0.38073394495412843 0.17196819085487078 0.44036697247706424
0 0.2783300198807157 0.5152905198776758 0.28628230616302186 0.5091743119266054 0.28330019880715707 0.44648318042813456 0.17693836978131214 0.44495412844036697 0.18190854870775347 0.5107033639143731
0 0.39363817097415504 0.5214067278287462 0.3946322067594433 0.4525993883792049 0.28628230616302186 0.44801223241590216 0.28926441351888665 0.5107033639143731
0 0.5089463220675944 0.518348623853211 0.5059642147117296 0.4525993883792049 0.3976143141153082 0.45718654434250766 0.40059642147117297 0.5168195718654435
0 0.6242544731610338 0.5214067278287462 0.6252485089463221 0.45565749235474007 0.5129224652087475 0.45718654434250766 0.5178926441351889 0.5168195718654435
0 0.7514910536779325 0.518348623853211 0.7485089463220675 0.44954128440366975 0.6381709741550696 0.4510703363914373 0.6411530815109344 0.5137614678899083
0 0.8687872763419483 0.5214067278287462 0.8677932405566601 0.45565749235474007 0.757455268389662 0.45718654434250766 0.7604373757455268 0.5198776758409785
0 0.9824533522762156 0.5196654457507602 0.9791252485089463 0.45565749235474007 0.8727634194831014 0.45718654434250766 0.8677322001211779 0.5231614865600955
0 0.9781312127236581 0.5856269113149847 0.9811133200795229 0.5229357798165137 0.8727634194831014 0.5275229357798165 0.8737574552683897 0.5871559633027523
0 0.8608349900596421 0.5886850152905199 0.8687872763419483 0.5825688073394495 0.8658051689860835 0.5259938837920489 0.757455268389662 0.5244648318042814 0.7554671968190855 0.5764525993883792 0.7624254473161034 0.5840978593272171
0 0.7495029821073559 0.5856269113149847 0.7504970178926441 0.5198776758409785 0.6421471172962226 0.5152905198776758 0.6451292246520874 0.581039755351682
0 0.6361829025844931 0.591743119266055 0.6371769383697813 0.5229357798165137 0.5268389662027833 0.5275229357798165 0.5298210735586482 0.5902140672782875
0 0.5248508946322068 0.5886850152905199 0.5238568588469185 0.5229357798165137 0.4135188866799205 0.5244648318042814 0.41848906560636184 0.5902140672782875
0 0.4115308151093439 0.5886850152905199 0.4085487077534791 0.5229357798165137 0.30218687872763417 0.518348623853211 0.305168986083499 0.5779816513761468
0 0.2882703777335984 0.5825688073394495 0.29025844930417494 0.5275229357798165 0.28330019880715707 0.5168195718654435 0.17929029005010802 0.511509831255582 0.185574026686416 0.579202404045706
0 0.294234592445328 0.6498470948012233 0.28727634194831014 0.5840978593272171 0.1848906560636183 0.5856269113149847 0.18986083499005965 0.6483180428134556
0 0.40159045725646125 0.6590214067278287 0.4025844930417495 0.5932721712538226 0.3071570576540755 0.5779816513761468 0.294234592445328 0.5856269113149847 0.294234592445328 0.6376146788990825 0.30119284294234594 0.6452599388379205
0 0.44532803180914515 0.6620795107033639 0.5159045725646123 0.6605504587155964 0.5168986083499006 0.5948012232415902 0.4085487077534791 0.5932721712538226 0.40755467196819084 0.6529051987767585
0 0.5606361829025845 0.6681957186544343 0.6371769383697813 0.6666666666666666 0.6381709741550696 0.5978593272171254 0.5278330019880716 0.5963302752293578 0.5288270377733598 0.6651376146788991
0 0.7395626242544732 0.6559633027522935 0.7514910536779325 0.6498470948012233 0.7504970178926441 0.5902140672782875 0.6401590457256461 0.591743119266055 0.643141153081511 0.6513761467889908
0 0.8687872763419483 0.6529051987767585 0.8677932405566601 0.5902140672782875 0.757455268389662 0.591743119266055 0.7604373757455268 0.6513761467889908
0 0.952286282306163 0.6559633027522935 0.9781312127236581 0.6498470948012233 0.9771371769383698 0.5902140672782875 0.8727634194831014 0.591743119266055 0.8737574552683897 0.654434250764526
0 0.9165009940357853 0.7232415902140673 0.9771371769383698 0.7186544342507645 0.9801192842942346 0.6590214067278287 0.8707753479125249 0.6651376146788991 0.8737574552683897 0.7247706422018348
0 0.8667992047713717 0.7232415902140673 0.8658051689860835 0.6574923547400612 0.7594433399602386 0.6590214067278287 0.7604373757455268 0.7247706422018348
0 0.7335984095427436 0.7232415902140673 0.7534791252485089 0.7201834862385321 0.7504970178926441 0.6574923547400612 0.6441351888667992 0.6590214067278287 0.6451292246520874 0.7217125382262997
0 0.6401590457256461 0.7293577981651376 0.6391650099403579 0.6697247706422018 0.5308151093439364 0.6712538226299695 0.5337972166998012 0.7308868501529052
0 0.5268389662027833 0.7324159021406728 0.5238568588469185 0.6666666666666666 0.415506958250497 0.6712538226299695 0.4224652087475149 0.7339449541284404
0 0.4095427435387674 0.7324159021406728 0.4085487077534791 0.6636085626911316 0.3091451292246521 0.6574923547400612 0.30218687872763417 0.6681957186544343 0.3091451292246521 0.7308868501529052
0 0.2962226640159046 0.7324159021406728 0.2992047713717694 0.6636085626911316 0.2276341948310139 0.654434250764526 0.1908548707753479 0.6620795107033639 0.1978131212723658 0.7217125382262997
0 0.3061630218687873 0.7935779816513762 0.305168986083499 0.7339449541284404 0.20079522862823063 0.7262996941896025 0.20576540755467196 0.7859327217125383
0 0.41749502982107356 0.7935779816513762 0.4165009940357853 0.7339449541284404 0.3101391650099404 0.735474006116208 0.31312127236580517 0.7920489296636085
0 0.5308151093439364 0.7996941896024465 0.5318091451292246 0.7370030581039755 0.42147117296222664 0.7385321100917431 0.426441351888668 0.7951070336391437
0 0.6421471172962226 0.790519877675841 0.6411530815109344 0.7339449541284404 0.5347912524850894 0.735474006116208 0.5377733598409543 0.7920489296636085
0 0.731610337972167 0.7874617737003058 0.757455268389662 0.7813455657492355 0.7524850894632207 0.7217125382262997 0.6461232604373758 0.7293577981651376 0.6491053677932406 0.7889908256880734
0 0.7733598409542743 0.790519877675841 0.8658051689860835 0.7889908256880734 0.8707753479125249 0.7293577981651376 0.76441351888668 0.7247706422018348 0.7614314115308151 0.7874617737003058
0 0.9204771371769384 0.7874617737003058 0.9771371769383698 0.7798165137614679 0.9801192842942346 0.7262996941896025 0.9731610337972167 0.7186544342507645 0.8727634194831014 0.7324159021406728 0.8757455268389662 0.7889908256880734
0 0.9184890656063618 0.8516819571865444 0.9791252485089463 0.8379204892966361 0.9821073558648111 0.7813455657492355 0.8727634194831014 0.7935779816513762 0.8757455268389662 0.8532110091743119
0 0.9443339960238568 0.918960244648318 0.9721669980119284 0.9159021406727829 0.9781312127236581 0.8608562691131498 0.9731610337972167 0.8440366972477065 0.8705042650104748 0.8568799930433476 0.8731973341332313 0.9149022434628576
0 0.9423459244532804 0.918960244648318 0.8696066666196799 0.916283703030287 0.870504265010475 0.8596430175768153 0.7594433399602386 0.8608562691131498 0.76441351888668 0.9174311926605505
0 0.8727634194831014 0.9831804281345565 0.8757455268389662 0.9204892966360856 0.7654075546719682 0.9220183486238532 0.7654075546719682 0.9709480122324159 0.7723658051689861 0.981651376146789
0 0.7594433399602386 0.9770642201834863 0.7564612326043738 0.9143730886850153 0.6520874751491054 0.9220183486238532 0.6550695825049702 0.9785932721712538
0 0.6660039761431411 0.9159021406727829 0.7524850894632207 0.9143730886850153 0.7534791252485089 0.8547400611620795 0.6491053677932406 0.8562691131498471 0.6461232604373758 0.9128440366972477
0 0.8667992047713717 0.8516819571865444 0.8638170974155069 0.7889908256880734 0.757455268389662 0.7966360856269113 0.7624254473161034 0.8532110091743119
0 0.6640159045725647 0.8547400611620795 0.7544731610337972 0.8501529051987767 0.7554671968190855 0.790519877675841 0.6491053677932406 0.7920489296636085 0.6461232604373758 0.8516819571865444
0 0.5825049701789264 0.8577981651376146 0.643141153081511 0.8562691131498471 0.6441351888667992 0.7996941896024465 0.5347912524850894 0.7996941896024465 0.5377733598409543 0.8562691131498471
0 0.6421471172962226 0.918960244648318 0.643141153081511 0.8593272171253823 0.5347912524850894 0.8608562691131498 0.5377733598409543 0.9174311926605505
0 0.6500994035785288 0.9801223241590215 0.6491053677932406 0.9204892966360856 0.5427435387673957 0.9220183486238532 0.5457256461232605 0.9785932721712538
0 0.5407554671968191 0.9862385321100917 0.5377733598409543 0.9296636085626911 0.43339960238568587 0.9281345565749235 0.4383697813121272 0.9847094801223242
0 0.532803180914513 0.9281345565749235 0.5298210735586482 0.8685015290519877 0.4234592445328032 0.863914373088685 0.4284294234592445 0.9204892966360856
0 0.43141153081510936 0.9831804281345565 0.4284294234592445 0.9235474006116208 0.3240556660039761 0.9250764525993884 0.3260437375745527 0.9648318042813455 0.3349900596421471 0.9785932721712538
0 0.4234592445328032 0.918960244648318 0.4165009940357853 0.8593272171253823 0.31411530815109345 0.8577981651376146 0.3190854870775348 0.9143730886850153
0 0.41749502982107356 0.8577981651376146 0.41451292246520877 0.7981651376146789 0.3101391650099404 0.8027522935779816 0.3101391650099404 0.8394495412844036 0.3190854870775348 0.8562691131498471
0 0.5248508946322068 0.863914373088685 0.5238568588469185 0.8042813455657493 0.4234592445328032 0.7996941896024465 0.42445328031809143 0.8562691131498471
0 0.3121272365805169 0.9159021406727829 0.3091451292246521 0.8562691131498471 0.20675944333996024 0.8577981651376146 0.2117296222664016 0.908256880733945
0 0.32803180914512925 0.9801223241590215 0.3190854870775348 0.9204892966360856 0.220675944333996 0.918960244648318 0.22564612326043737 0.9755351681957186
0 0.220675944333996 0.9770642201834863 0.21371769383697814 0.9143730886850153 0.1088705860077629 0.9101499927187999 0.10413708226829496 0.9727683122178534
0 0.20874751491053678 0.9128440366972477 0.2047713717693837 0.8577981651376146 0.10792388525986932 0.8519003931847968 0.10603048376408214 0.9086937527304498
0 0.20278330019880716 0.8516819571865444 0.20079522862823063 0.7935779816513762 0.17992047713717693 0.7920489296636085 0.13916500994035785 0.7878258336973932 0.10508378301618859 0.784913353720693 0.10413708226829493 0.8504441531964467
0 0.1988071570576541 0.7874617737003058 0.19681908548707752 0.7293577981651376 0.18190854870775347 0.7247706422018348 0.10603048376408214 0.7237512742099896 0.10319038152040144 0.7776321537789426
0 0.19284294234592447 0.7218642932337909 0.19085487077534793 0.6607022137230875 0.09940357852882704 0.6567642347458861 0.09372337404146548 0.7193825542449396
0 0.18091451292246521 0.6498470948012233 0.18290258449304175 0.5856269113149847 0.16202783300198806 0.581039755351682 0.09372337404146545 0.5752147953982816 0.08993657104989108 0.6509392747924857
0 0.08520306731042315 0.5111402359108781 0.17703303985610142 0.5169651958642784 0.1865000473350373 0.5795835153633317 0.08614976805831673 0.5693898354448812
0 0.1749502982107356 0.5122324159021406 0.1749502982107356 0.4510703363914373 0.13443150620088984 0.44997815640017463 0.08595647476113537 0.4421123306688713 0.08236296506674244 0.5038590359691276
0 0.16411456041242442 0.4449541284403671 0.16610263198300096 0.3837920489296637 0.08147957503399293 0.3704928876944747 0.08416571487027842 0.435225845767487
0 0.16302186878727634 0.37155963302752293 0.1709741550695825 0.3623853211009174 0.16898608349900596 0.30428134556574926 0.08595647476113538 0.300250741700355 0.08147957503399293 0.3580972148719829
0 0.1550695825049702 0.22477064220183487 0.15009940357852883 0.1529051987767584 0.06437565085676421 0.14853647881170817 0.06058884786518981 0.21989223824086207
0 0.15705765407554673 0.30428134556574926 0.15705765407554673 0.24311926605504589 0.059642147117296276 0.22571719819426236 0.062482249360977 0.29852919761176633
0 0.8870586007762945 0.018931119848551038 0.8832717977847205 0.08883063928935493 0.9893022815488022 0.09611183923110529 0.994982486036164 0.02766855977865151
0 0.5703777335984095 0.1208868501529052 0.11075546719681909 0.06697247706422017
0 0.6906163021868787 0.12159021406727828 0.116441351888668 0.07718654434250764
0 0.82220675944334 0.12232415902140673 0.12023856858846918 0.07571865443425077
0 0.8113320079522863 0.19440366972477063 0.10982107355864812 0.07718654434250764
0 0.5026980971314967 0.0902868792777049 0.38814730663637215 0.0786369593709043 0.38814730663637215 0.14999271880005818 0.4970178926441351 0.16018639871850882
0 0.27264981539335414 0.06407455948740351 0.38530720439269145 0.08446191932430465 0.38246710214901064 0.1499927188000582 0.2745432168891413 0.13251783893985725
0 0.2575026034270568 0.0946555992427552 0.15620562340244254 0.07426823940585406 0.15431222190665536 0.13688655890490747 0.2631828079144182 0.15727391874180865
0 0.8917921045157625 0.9305373525557011 0.9902489822966958 0.9217999126256006 0.9978225882798448 0.9771370321829037 0.8936855060115496 0.9916994320664045