0 0.10505319148936171 0.39723320158102765 0.10438829787234043 0.31225296442687744 0.02726063829787234 0.26877470355731226 0.015292553191489361 0.26877470355731226 0.007978723404255319 0.2865612648221344 0.00997340425531915 0.3557312252964427
0 0.09973404255319149 0.2984189723320158 0.1023936170212766 0.2707509881422925 0.10172872340425532 0.25691699604743085 0.04321808510638298 0.23715415019762845 0.012632978723404254 0.21739130434782608 0.008643617021276596 0.21739130434782608 0.006648936170212766 0.22332015810276679 0.007978723404255319 0.24703557312252963 0.011303191489361703 0.25691699604743085 0.015292553191489361 0.25691699604743085 0.01928191489361702 0.2648221343873518 0.0884308510638298 0.30039525691699603
0 0.09574468085106383 0.5118577075098815 0.10106382978723404 0.5039525691699605 0.09973404255319149 0.4881422924901186 0.10372340425531915 0.4407114624505929 0.10372340425531915 0.4090909090909091 0.10172872340425532 0.4031620553359684 0.049867021276595744 0.3794466403162055 0.015292553191489361 0.3557312252964427 0.005984042553191489 0.3557312252964427 0 0.3695652173913043 0.0006648936170212766 0.45454545454545453 0.02992021276595745 0.4782608695652174
0 0.10106382978723404 0.5948616600790514 0.10372340425531915 0.5276679841897233 0.10172872340425532 0.5138339920948617 0.08710106382978723 0.5138339920948617 0.012632978723404254 0.4782608695652174 0 0.48023715415019763 0 0.5513833992094862 0.0019946808510638296 0.5573122529644269 0.07513297872340426 0.5928853754940712
0 0.21808510638297873 0.18774703557312253 0.21742021276595744 0.1067193675889328 0.11170212765957446 0.06521739130434782 0.11236702127659574 0.14624505928853754
0 0.2127659574468085 0.274703557312253 0.2160904255319149 0.1976284584980237 0.1309840425531915 0.1541501976284585 0.10904255319148937 0.15612648221343872 0.1110372340425532 0.22924901185770752
0 0.20611702127659576 0.3616600790513834 0.21143617021276595 0.33794466403162055 0.21077127659574468 0.2845849802371542 0.10704787234042554 0.22529644268774704 0.10372340425531915 0.2391304347826087 0.10438829787234043 0.30434782608695654
0 0.21409574468085107 0.44466403162055335 0.21343085106382978 0.36363636363636365 0.12167553191489362 0.31620553359683795 0.10904255319148937 0.3221343873517787 0.10970744680851063 0.3952569169960474
0 0.2127659574468085 0.5276679841897233 0.21210106382978725 0.4505928853754941 0.12566489361702127 0.4031620553359684 0.10638297872340426 0.4051383399209486 0.10837765957446809 0.4782608695652174
0 0.21143617021276595 0.6106719367588933 0.21210106382978725 0.5335968379446641 0.10638297872340426 0.4881422924901186 0.10372340425531915 0.5513833992094862 0.10837765957446809 0.5652173913043478
0 0.20611702127659576 0.6857707509881423 0.20944148936170212 0.616600790513834 0.10372340425531915 0.5711462450592886 0.10571808510638298 0.6442687747035574
0 0.21010638297872342 0.7648221343873518 0.21077127659574468 0.691699604743083 0.10505319148936171 0.650197628458498 0.10704787234042554 0.7233201581027668
0 0.2074468085106383 0.8438735177865613 0.21143617021276595 0.7924901185770751 0.2081117021276596 0.7707509881422925 0.10505319148936171 0.733201581027668 0.10372340425531915 0.7845849802371542 0.10970744680851063 0.8023715415019763
0 0.32845744680851063 0.2391304347826087 0.331781914893617 0.16205533596837945 0.22074468085106383 0.116600790513834 0.22273936170212766 0.19367588932806323
0 0.32845744680851063 0.3300395256916996 0.32779255319148937 0.25296442687747034 0.22805851063829788 0.1976284584980237 0.21941489361702127 0.2075098814229249 0.21875 0.2766798418972332
0 0.32845744680851063 0.4090909090909091 0.3304521276595745 0.3359683794466403 0.2220744680851064 0.29051383399209485 0.22273936170212766 0.3675889328063241
0 0.324468085106383 0.4881422924901186 0.32845744680851063 0.4723320158102767 0.32513297872340424 0.41106719367588934 0.21941489361702127 0.37351778656126483 0.22007978723404256 0.44664031620553357
0 0.32313829787234044 0.5711462450592886 0.3238031914893617 0.49407114624505927 0.22007978723404256 0.44664031620553357 0.2154255319148936 0.45652173913043476 0.21742021276595744 0.5296442687747036
0 0.324468085106383 0.6462450592885376 0.3271276595744681 0.5869565217391305 0.3224734042553192 0.5731225296442688 0.22007978723404256 0.5296442687747036 0.21675531914893617 0.5434782608695652 0.2154255319148936 0.5948616600790514 0.22007978723404256 0.6086956521739131
0 0.3191489361702128 0.7252964426877471 0.3211436170212766 0.6521739130434783 0.2360372340425532 0.6126482213438735 0.2127659574468085 0.6146245059288538 0.21343085106382978 0.6837944664031621
0 0.32313829787234044 0.8003952569169961 0.3224734042553192 0.7312252964426877 0.23071808510638298 0.691699604743083 0.21875 0.691699604743083 0.2154255319148936 0.7094861660079052 0.2154255319148936 0.7569169960474308 0.22007978723404256 0.7628458498023716
0 0.3151595744680851 0.8715415019762845 0.3204787234042553 0.808300395256917 0.31449468085106386 0.7984189723320159 0.22539893617021275 0.7628458498023716 0.21143617021276595 0.7727272727272727 0.21476063829787234 0.83399209486166
0 0.44148936170212766 0.2826086956521739 0.44813829787234044 0.2391304347826087 0.44481382978723405 0.2015810276679842 0.34507978723404253 0.1541501976284585 0.3351063829787234 0.16403162055335968 0.33444148936170215 0.23715415019762845
0 0.4441489361702128 0.36561264822134387 0.449468085106383 0.3102766798418972 0.4461436170212766 0.2845849802371542 0.34773936170212766 0.24110671936758893 0.33643617021276595 0.2509881422924901 0.3357712765957447 0.3201581027667984
0 0.43882978723404253 0.44466403162055335 0.4441489361702128 0.41304347826086957 0.4421542553191489 0.3675889328063241 0.3337765957446808 0.32608695652173914 0.33444148936170215 0.4031620553359684
0 0.4401595744680851 0.5276679841897233 0.4441489361702128 0.4683794466403162 0.4408244680851064 0.44664031620553357 0.33976063829787234 0.41106719367588934 0.33111702127659576 0.4209486166007905 0.331781914893617 0.49407114624505927
0 0.43617021276595747 0.6146245059288538 0.43816489361702127 0.5375494071146245 0.3271276595744681 0.5 0.3291223404255319 0.5731225296442688
0 0.4348404255319149 0.6936758893280632 0.43882978723404253 0.6620553359683794 0.43550531914893614 0.616600790513834 0.3357712765957447 0.5770750988142292 0.3271276595744681 0.5869565217391305 0.32779255319148937 0.6521739130434783
0 0.43351063829787234 0.7687747035573123 0.4328457446808511 0.6956521739130435 0.3257978723404255 0.658102766798419 0.32779255319148937 0.7312252964426877
0 0.4348404255319149 0.8517786561264822 0.4375 0.7845849802371542 0.4328457446808511 0.7747035573122529 0.3271276595744681 0.7450592885375494 0.32779255319148937 0.8142292490118577
0 0.43351063829787234 0.9229249011857708 0.4328457446808511 0.8537549407114624 0.3257978723404255 0.8201581027667985 0.324468085106383 0.8794466403162056 0.33311170212765956 0.8972332015810277
0 0.5611702127659575 0.3181818181818182 0.5631648936170213 0.24110671936758893 0.45811170212765956 0.19367588932806323 0.4507978723404255 0.2075098814229249 0.45013297872340424 0.2766798418972332
0 0.5585106382978723 0.40118577075098816 0.5625 0.3458498023715415 0.5591755319148937 0.3241106719367589 0.4621010638297872 0.28063241106719367 0.449468085106383 0.29051383399209485 0.45146276595744683 0.36363636363636365
0 0.5558510638297872 0.4841897233201581 0.557845744680851 0.4031620553359684 0.4714095744680851 0.3675889328063241 0.44813829787234044 0.37351778656126483 0.4488031914893617 0.4426877470355731
0 0.5558510638297872 0.5711462450592886 0.5611702127659575 0.5039525691699605 0.5565159574468085 0.4901185770750988 0.4554521276595745 0.44664031620553357 0.44813829787234044 0.46047430830039526 0.4454787234042553 0.5197628458498024 0.45013297872340424 0.5296442687747036
0 0.5518617021276596 0.6462450592885376 0.5538563829787234 0.5731225296442688 0.4488031914893617 0.5296442687747036 0.4441489361702128 0.5395256916996047 0.4434840425531915 0.6126482213438735
0 0.5478723404255319 0.7292490118577075 0.5531914893617021 0.6699604743083004 0.5498670212765957 0.6561264822134387 0.44148936170212766 0.6225296442687747 0.4421542553191489 0.6956521739130435
0 0.5425531914893617 0.808300395256917 0.5478723404255319 0.7806324110671937 0.5472074468085106 0.7351778656126482 0.4375 0.7015810276679841 0.43949468085106386 0.7707509881422925
0 0.5465425531914894 0.883399209486166 0.5445478723404256 0.8102766798418972 0.4488031914893617 0.7747035573122529 0.43882978723404253 0.7885375494071146 0.4375 0.8478260869565217 0.4421542553191489 0.8537549407114624
0 0.5465425531914894 0.9545454545454546 0.5478723404255319 0.8952569169960475 0.5418882978723404 0.8853754940711462 0.456781914893617 0.857707509881423 0.4375 0.8675889328063241 0.43617021276595747 0.9110671936758893 0.4421542553191489 0.932806324110672
0 0.675531914893617 0.3458498023715415 0.6788563829787234 0.26877470355731226 0.5691489361702128 0.23122529644268774 0.5651595744680851 0.2984189723320158 0.569813829787234 0.308300395256917
0 0.675531914893617 0.43280632411067194 0.6788563829787234 0.3557312252964427 0.5704787234042553 0.3221343873517787 0.5684840425531915 0.3952569169960474
0 0.6795212765957447 0.5158102766798419 0.6821808510638298 0.4525691699604743 0.6775265957446809 0.43873517786561267 0.5884308510638298 0.4031620553359684 0.5738031914893617 0.4031620553359684 0.5704787234042553 0.4209486166007905 0.5711436170212766 0.4782608695652174
0 0.6715425531914894 0.5909090909090909 0.6781914893617021 0.5395256916996047 0.6735372340425532 0.5177865612648221 0.5711436170212766 0.4782608695652174 0.5664893617021277 0.4881422924901186 0.5651595744680851 0.5474308300395256 0.569813829787234 0.5573122529644269
0 0.6648936170212766 0.6620553359683794 0.6675531914893617 0.6027667984189723 0.6628989361702128 0.5928853754940712 0.567154255319149 0.5533596837944664 0.5605053191489362 0.5533596837944664 0.5571808510638298 0.575098814229249 0.557845744680851 0.6324110671936759
0 0.6582446808510638 0.7490118577075099 0.6602393617021277 0.6758893280632411 0.5644946808510638 0.6363636363636364 0.5545212765957447 0.6462450592885376 0.5538563829787234 0.7193675889328063
0 0.6542553191489362 0.8241106719367589 0.6582446808510638 0.7569169960474308 0.6535904255319149 0.7509881422924901 0.5565159574468085 0.7193675889328063 0.5492021276595744 0.7371541501976284 0.5498670212765957 0.7984189723320159
0 0.6582446808510638 0.8992094861660079 0.660904255319149 0.8320158102766798 0.65625 0.8260869565217391 0.5631648936170213 0.7984189723320159 0.5531914893617021 0.808300395256917 0.5518617021276596 0.8675889328063241 0.5565159574468085 0.8774703557312253
0 0.6569148936170213 0.9782608695652174 0.660904255319149 0.9229249011857708 0.6496010638297872 0.9051383399209486 0.5531914893617021 0.883399209486166 0.550531914893617 0.9426877470355731 0.557845744680851 0.9565217391304348
0 0.7872340425531915 0.3893280632411067 0.7905585106382979 0.31225296442687744 0.694813829787234 0.2727272727272727 0.6821808510638298 0.2826086956521739 0.6841755319148937 0.3557312252964427
0 0.7819148936170213 0.4723320158102767 0.788563829787234 0.4209486166007905 0.7865691489361702 0.3952569169960474 0.6821808510638298 0.3616600790513834 0.6781914893617021 0.4209486166007905 0.6815159574468085 0.43873517786561267
0 0.7832446808510638 0.5513833992094862 0.788563829787234 0.49604743083003955 0.7852393617021277 0.47035573122529645 0.6821808510638298 0.44861660079051385 0.682845744680851 0.5217391304347826
0 0.7779255319148937 0.6264822134387352 0.7832446808510638 0.5711462450592886 0.7799202127659575 0.5533596837944664 0.6974734042553191 0.525691699604743 0.680186170212766 0.525691699604743 0.6781914893617021 0.5395256916996047 0.6788563829787234 0.6007905138339921
0 0.7712765957446809 0.6976284584980237 0.7732712765957447 0.6284584980237155 0.6702127659574468 0.6027667984189723 0.6695478723404256 0.6679841897233202
0 0.7672872340425532 0.7648221343873518 0.7712765957446809 0.7213438735177866 0.7679521276595744 0.6996047430830039 0.6708776595744681 0.6679841897233202 0.6648936170212766 0.6778656126482213 0.663563829787234 0.733201581027668 0.6695478723404256 0.7430830039525692
0 0.7632978723404256 0.8517786561264822 0.7672872340425532 0.7845849802371542 0.7613031914893617 0.7747035573122529 0.6735372340425532 0.7470355731225297 0.6622340425531915 0.7608695652173914 0.6628989361702128 0.8221343873517787
0 0.7593085106382979 0.9268774703557312 0.7659574468085106 0.883399209486166 0.7626329787234043 0.8537549407114624 0.6841755319148937 0.8260869565217391 0.6622340425531915 0.8320158102766798 0.6615691489361702 0.9011857707509882
0 0.7632978723404256 0.9980237154150198 0.7672872340425532 0.950592885375494 0.7639627659574468 0.9367588932806324 0.6642287234042553 0.9130434782608695 0.6582446808510638 0.9624505928853755 0.6589095744680851 0.9841897233201581 0.692154255319149 1
0 0.8882978723404256 0.4090909090909091 0.8922872340425532 0.3577075098814229 0.8889627659574468 0.3359683794466403 0.8065159574468085 0.30039525691699603 0.7958776595744681 0.30039525691699603 0.7925531914893617 0.3142292490118577 0.7945478723404256 0.3794466403162055
0 0.8843085106382979 0.4881422924901186 0.8922872340425532 0.48023715415019763 0.8922872340425532 0.4209486166007905 0.8876329787234043 0.41106719367588934 0.8011968085106383 0.3794466403162055 0.7912234042553191 0.3932806324110672 0.7918882978723404 0.45849802371541504
0 0.886968085106383 0.5592885375494071 0.8889627659574468 0.4901185770750988 0.7898936170212766 0.4683794466403162 0.7892287234042553 0.5375494071146245
0 0.8829787234042553 0.6343873517786561 0.886968085106383 0.5711462450592886 0.879654255319149 0.5612648221343873 0.7892287234042553 0.5375494071146245 0.7819148936170213 0.5988142292490118 0.7825797872340425 0.6126482213438735
0 0.8763297872340425 0.7055335968379447 0.8803191489361702 0.642292490118577 0.8663563829787234 0.6324110671936759 0.78125 0.616600790513834 0.776595744680851 0.6699604743083004 0.7865691489361702 0.6877470355731226
0 0.8736702127659575 0.7806324110671937 0.8743351063829787 0.7114624505928854 0.7779255319148937 0.6936758893280632 0.7759308510638298 0.7628458498023716
0 0.8696808510638298 0.8715415019762845 0.8736702127659575 0.808300395256917 0.867686170212766 0.7984189723320159 0.7825797872340425 0.7747035573122529 0.7726063829787234 0.7845849802371542 0.7732712765957447 0.8537549407114624
0 0.8643617021276596 0.9466403162055336 0.8723404255319149 0.8992094861660079 0.870345744680851 0.8774703557312253 0.773936170212766 0.8596837944664032 0.7732712765957447 0.9209486166007905
0 0.8670212765957447 0.9980237154150198 0.8650265957446809 0.9644268774703557 0.8038563829787234 0.9486166007905138 0.7706117021276596 0.9446640316205533 0.7672872340425532 0.9822134387351779 0.7679521276595744 1
0 0.9906914893617021 0.4367588932806324 0.9960106382978723 0.37351778656126483 0.980718085106383 0.34782608695652173 0.898936170212766 0.33794466403162055 0.8962765957446809 0.39723320158102765 0.9009308510638298 0.41106719367588934
0 0.9813829787234043 0.5079051383399209 0.988031914893617 0.45652173913043476 0.9847074468085106 0.43873517786561267 0.8922872340425532 0.41699604743083 0.8929521276595744 0.48616600790513836 0.9066153350638247 0.4984983887884909
0 0.9242021276595744 0.567193675889328 0.9754346931999266 0.5738184971522184 0.9769111867974392 0.5152736798424211 0.8982712765957447 0.48616600790513836 0.8922872340425532 0.49604743083003955 0.894281914893617 0.5612648221343873
0 0.9707446808510638 0.733201581027668 0.9773936170212766 0.6976284584980237 0.9767287234042553 0.6561264822134387 0.8982712765957447 0.6403162055335968 0.8816489361702128 0.650197628458498 0.8809840425531915 0.7154150197628458
0 0.9654255319148937 0.8043478260869565 0.9707446808510638 0.7885375494071146 0.9700797872340425 0.7351778656126482 0.8863031914893617 0.7193675889328063 0.8776595744680851 0.733201581027668 0.8783244680851063 0.7944664031620553
0 0.964095744680851 0.8873517786561265 0.9694148936170213 0.8557312252964426 0.9660904255319149 0.8102766798418972 0.8736702127659575 0.8162055335968379 0.8743351063829787 0.8774703557312253
0 0.9561170212765957 0.9545454545454546 0.9667553191489362 0.9466403162055336 0.9674202127659575 0.8893280632411067 0.8783244680851063 0.8774703557312253 0.8710106382978723 0.9308300395256917 0.8756648936170213 0.9525691699604744
0 0.9627659574468085 0.9980237154150198 0.964095744680851 0.9782608695652174 0.956781914893617 0.9565217391304348 0.8683510638297872 0.9664031620553359 0.8690159574468085 1
0 0.025118203309692666 0.6192358366271411 0.10564420803782508 0.6565656565656567 0.1034278959810875 0.7268335529205096 0.01920803782505911 0.689503732981994 0.02290189125295509 0.6192358366271412
0 0.011820330969267136 0.5643390425999122 0.009604018912529568 0.6258234519104086 0.10564420803782508 0.6653491436100132 0.10268912529550828 0.5950812472551604
0 0.8924349881796692 0.5599472990777339 0.9818262411347519 0.5819060166886254 0.9773936170212766 0.6565656565656567 0.8887411347517733 0.6302151954325868
0 0.9899527186761228 0.28765920070267903 0.9013002364066195 0.25252525252525254 0.8998226950354611 0.3381642512077295 0.9951241134751772 0.3579270970575319
0 0.7934397163120568 0.2217830478700044 0.89169621749409 0.25472112428634186 0.89169621749409 0.32059727711901626 0.7949172576832151 0.2942468159859465
0 0.6914893617021277 0.19104084321475628 0.794178486997636 0.23935002195871777 0.7897458628841608 0.31400966183574885 0.6892730496453902 0.2657004830917875
0 0.571808510638298 0.14931927975406245 0.681146572104019 0.18884497145366713 0.677452718676123 0.26350461133069847 0.571808510638298 0.22397891963109373
0 0.4580378250591017 0.11198945981554681 0.5703309692671394 0.16029863855950824 0.5666371158392435 0.2371541501976284 0.4565602836879433 0.1910408432147562
0 0.34205082742316784 0.06368028107158544 0.45286643026004725 0.11857707509881414 0.44843380614657213 0.1976284584980238 0.3405732860520094 0.14492753623188426
0 0.22310874704491726 0.030742204655248163 0.3390957446808511 0.08783487044356615 0.3324468085106383 0.16249451032059722 0.2208924349881797 0.10979358805445764
0 0.22236997635933806 0.03293807641633732 0.16400709219858156 0.0021958717610892427 0.11524822695035464 0 0.11081560283687941 0.05489679402722888 0.2179373522458629 0.1054018445322794
0 0.0184692671394799 0.03732981993851564 0.11524822695035464 0.06587615283267466 0.11303191489361705 0.14492753623188406 0.01773049645390072 0.11418533157663599
0 0 0.1339481774264384 0.1004728132387707 0.1734738691260432 0.09973404255319153 0.2569169960474309 0.0014775413711584156 0.20860781730346958 0.00443262411347519 0.13394817742643841
0 0.72621158392435 0.013175230566534952 0.8023049645390071 0.028546332894159004 0.7963947990543736 0.09881422924901187 0.7232565011820331 0.07685551163812045