0 0.3044397463002114 0.13541666666666666 0.5190274841437632 0.12083333333333333 0.5221987315010571 0.04791666666666667 0.514799154334038 0.025 0.28858350951374206 0.041666666666666664 0.28752642706131076 0.12291666666666666
0 0.5898520084566596 0.13541666666666666 0.7579281183932347 0.12083333333333333 0.758985200845666 0.035416666666666666 0.5264270613107822 0.052083333333333336 0.5295983086680761 0.1375
0 0.9894291754756871 0.13125 0.9915433403805497 0.05625 0.9820295983086681 0.0375 0.8966975286141284 0.03735632183908044 0.7909892833709994 0.04454022988505747 0.7581832762265801 0.041666666666666664 0.7610993657505285 0.11875 0.7684989429175476 0.13333333333333333
0 0.5454545454545454 0.23541666666666666 0.7642706131078224 0.22083333333333333 0.7653276955602537 0.13541666666666666 0.5295983086680761 0.14166666666666666 0.5285412262156448 0.22708333333333333
0 0.8224101479915433 0.23125 0.9799154334038055 0.225 0.9936575052854123 0.21041666666666667 0.9936575052854123 0.14791666666666667 0.9883720930232558 0.13333333333333333 0.9482029598308668 0.12916666666666668 0.7716701902748414 0.14375 0.7695560253699789 0.21041666666666667 0.781183932346723 0.23333333333333334
0 0.29809725158562367 0.23541666666666666 0.5126849894291755 0.22083333333333333 0.5137420718816068 0.13541666666666666 0.2822410147991543 0.14166666666666666 0.28118393234672306 0.23125
0 0.4312896405919662 0.3229166666666667 0.514799154334038 0.3125 0.5158562367864693 0.22708333333333333 0.28118393234672306 0.24791666666666667 0.2864693446088795 0.325
0 0.6152219873150105 0.32708333333333334 0.7536997885835095 0.31666666666666665 0.7547568710359408 0.23125 0.5200845665961945 0.23958333333333334 0.5232558139534884 0.32916666666666666
0 0.7780126849894292 0.32708333333333334 0.9778012684989429 0.32083333333333336 0.985200845665962 0.3104166666666667 0.985200845665962 0.23958333333333334 0.7600422832980972 0.2375 0.7568710359408034 0.3145833333333333 0.7621564482029598 0.32916666666666666
0 0.8076109936575053 0.41875 0.9799154334038055 0.4125 0.9873150105708245 0.39791666666666664 0.985200845665962 0.33125 0.9778012684989429 0.32083333333333336 0.758985200845666 0.33541666666666664 0.7621564482029598 0.42083333333333334
0 0.6004228329809725 0.41875 0.7536997885835095 0.4083333333333333 0.7568710359408034 0.32708333333333334 0.5221987315010571 0.33958333333333335 0.5253699788583509 0.4166666666666667
0 0.4164904862579281 0.41875 0.514799154334038 0.4041666666666667 0.5179704016913319 0.3229166666666667 0.2854122621564482 0.33125 0.2854122621564482 0.40208333333333335 0.2928118393234672 0.42083333333333334
0 0.266384778012685 0.41458333333333336 0.2769556025369979 0.39791666666666664 0.273784355179704 0.32083333333333336 0.05905081285995481 0.324712643678161 0.05686374571699349 0.41666666666666674 0.14693446088794926 0.4166666666666667
0 0.26849894291754756 0.5104166666666666 0.2832980972515856 0.50625 0.28012684989429176 0.4125 0.05905081285995481 0.4195402298850574 0.05905081285995481 0.507183908045977 0.15327695560253699 0.5125
0 0.23890063424947147 0.6145833333333334 0.28118393234672306 0.60625 0.27801268498942916 0.5166666666666667 0.05832179047896768 0.5201149425287356 0.05540570095501933 0.6091954022988505
0 0.2769556025369979 0.7145833333333333 0.2758985200845666 0.6166666666666667 0.056134723336006456 0.6192528735632183 0.053218633812058005 0.7126436781609194
0 0.5116279069767442 0.70625 0.5105708245243129 0.6125 0.2832980972515856 0.6145833333333334 0.2864693446088795 0.7041666666666667
0 0.5137420718816068 0.6104166666666667 0.5126849894291755 0.5166666666666667 0.2832980972515856 0.5270833333333333 0.28858350951374206 0.6083333333333333
0 0.4418604651162791 0.5145833333333333 0.514799154334038 0.5125 0.5179704016913319 0.41875 0.2854122621564482 0.4270833333333333 0.29069767441860467 0.5125
0 0.6617336152219874 0.5104166666666666 0.7515856236786469 0.5041666666666667 0.7547568710359408 0.41875 0.5317124735729387 0.425 0.5221987315010571 0.4395833333333333 0.5253699788583509 0.5125
0 0.9534883720930233 0.5104166666666666 0.9809725158562368 0.5020833333333333 0.9809725158562368 0.4354166666666667 0.9735729386892178 0.4166666666666667 0.7568710359408034 0.4270833333333333 0.7579281183932347 0.5083333333333333
0 0.8604651162790697 0.60625 0.9862579281183932 0.6 0.9894291754756871 0.5229166666666667 0.9799154334038055 0.5083333333333333 0.758985200845666 0.5229166666666667 0.7642706131078224 0.6041666666666666
0 0.7420718816067653 0.6104166666666667 0.7526427061310782 0.6020833333333333 0.7473572938689218 0.5125 0.5179704016913319 0.5270833333333333 0.5211416490486258 0.6125
0 0.572938689217759 0.70625 0.7452431289640592 0.6958333333333333 0.7463002114164905 0.6145833333333334 0.5179704016913319 0.6229166666666667 0.5190274841437632 0.7083333333333334
0 0.8435517970401691 0.6979166666666666 0.9778012684989429 0.6916666666666667 0.9830866807610994 0.61875 0.9799154334038055 0.6041666666666666 0.7579281183932347 0.6083333333333333 0.7505285412262156 0.6270833333333333 0.7536997885835095 0.7
0 0.8181818181818182 0.7895833333333333 0.9820295983086681 0.7791666666666667 0.985200845665962 0.7104166666666667 0.9820295983086681 0.6958333333333333 0.758985200845666 0.7104166666666667 0.7621564482029598 0.7875
0 0.5517970401691332 0.79375 0.7494714587737844 0.7875 0.7547568710359408 0.7145833333333333 0.7473572938689218 0.7 0.5253699788583509 0.7125 0.5221987315010571 0.7854166666666667
0 0.642706131078224 0.8854166666666666 0.7494714587737844 0.8791666666666667 0.7568710359408034 0.86875 0.7547568710359408 0.79375 0.5221987315010571 0.8020833333333334 0.5253699788583509 0.8875
0 0.8181818181818182 0.88125 0.9841437632135307 0.8625 0.9873150105708245 0.79375 0.9820295983086681 0.7791666666666667 0.7610993657505285 0.79375 0.7621564482029598 0.8791666666666667
0 0.9767441860465116 0.9770833333333333 0.9830866807610994 0.8979166666666667 0.9710578114748122 0.8850574712643678 0.7610993657505285 0.8895833333333333 0.7621564482029598 0.9666666666666667
0 0.6792847915295412 0.9758014268036935 0.6902748414376322 0.975 0.7579281183932347 0.9708333333333333 0.7568710359408034 0.89375 0.5243128964059197 0.8979166666666667 0.5297602417448597 0.981066087842358
0 0.4904862579281184 0.7979166666666667 0.5179704016913319 0.7895833333333333 0.514799154334038 0.7125 0.2832980972515856 0.7145833333333333 0.2864693446088795 0.7916666666666666
0 0.42283298097251587 0.89375 0.514799154334038 0.8875 0.5179704016913319 0.8020833333333334 0.28752642706131076 0.80625 0.2928118393234672 0.8916666666666667
0 0.5179704016913319 0.9979166666666667 0.5169133192389006 0.9 0.28964059196617337 0.90625 0.28964059196617337 0.9854166666666667 0.3033826638477801 1
0 0.27061310782241016 0.9979166666666667 0.28752642706131076 0.9854166666666667 0.2864693446088795 0.9 0.05759276809798059 0.8951149425287356 0.056134723336006394 0.9971264367816091
0 0.25158562367864695 0.8979166666666667 0.28964059196617337 0.8895833333333333 0.2864693446088795 0.8041666666666667 0.05394765619304517 0.8074712643678161 0.05394765619304517 0.8893678160919541
0 0.27906976744186046 0.7979166666666667 0.27801268498942916 0.7166666666666667 0.05540570095501933 0.7155172413793104 0.05176058905008384 0.793103448275862
0 0.2733313198429478 0.21577380952380956 0.05832179047896772 0.22557471264367812 0.05759276809798062 0.32183908045977017 0.272576260948354 0.30803571428571436