0 0.6033519553072626 0.33974358974358976 0.6145251396648045 0.30982905982905984 0.6131284916201117 0.25213675213675213 0.4273743016759777 0.25 0.43156424581005587 0.3333333333333333
0 0.22625698324022347 0.33547008547008544 0.23044692737430167 0.25213675213675213 0.04748603351955307 0.25854700854700857 0.051675977653631286 0.3333333333333333
0 0.41899441340782123 0.33547008547008544 0.420391061452514 0.25213675213675213 0.23743016759776536 0.24572649572649571 0.2360335195530726 0.3247863247863248
0 0.8044692737430168 0.0876068376068376 0.8072625698324022 0.010683760683760684 0.7946927374301676 0 0.6270949720670391 0 0.6229050279329609 0.014957264957264958 0.6243016759776536 0.06837606837606838
0 0.7988826815642458 0.17735042735042736 0.803072625698324 0.08974358974358974 0.6229050279329609 0.07478632478632478 0.6270949720670391 0.1581196581196581
0 1 0.1047008547008547 0.9958100558659218 0.008547008547008548 0.8100558659217877 0.002136752136752137 0.8100558659217877 0.06623931623931624 0.8254189944134078 0.0811965811965812
0 0.9972067039106145 0.1987179487179487 0.9986033519553073 0.1111111111111111 0.8170391061452514 0.0811965811965812 0.8072625698324022 0.09188034188034189 0.8142458100558659 0.1794871794871795
0 0.9916201117318436 0.28846153846153844 0.9930167597765364 0.20512820512820512 0.8184357541899442 0.1858974358974359 0.8170391061452514 0.26495726495726496
0 0.8100558659217877 0.26282051282051283 0.8058659217877095 0.1794871794871795 0.6256983240223464 0.16452991452991453 0.6270949720670391 0.24786324786324787
0 0.8016759776536313 0.3525641025641026 0.8058659217877095 0.2692307692307692 0.6229050279329609 0.25427350427350426 0.6270949720670391 0.33760683760683763
0 0.9860335195530726 0.37393162393162394 0.9902234636871509 0.2948717948717949 0.8128491620111732 0.27136752136752135 0.8114525139664804 0.3547008547008547
0 0.9776536312849162 0.4594017094017094 0.9860335195530726 0.4465811965811966 0.9818435754189944 0.3803418803418803 0.8072625698324022 0.3611111111111111 0.8058659217877095 0.44017094017094016
0 0.7988826815642458 0.4423076923076923 0.8002793296089385 0.358974358974359 0.61731843575419 0.3525641025641026 0.6159217877094972 0.43162393162393164
0 0.5977653631284916 0.4337606837606838 0.6145251396648045 0.41239316239316237 0.6131284916201117 0.3504273504273504 0.4273743016759777 0.33974358974358976 0.42877094972067037 0.4188034188034188
0 0.4134078212290503 0.42948717948717946 0.41480446927374304 0.3418803418803419 0.23184357541899442 0.33547008547008544 0.2360335195530726 0.4188034188034188
0 0.21787709497206703 0.42948717948717946 0.21927374301675978 0.3418803418803419 0.036312849162011177 0.33974358974358976 0.03770949720670391 0.4188034188034188
0 0.21508379888268156 0.5192307692307693 0.22625698324022347 0.5149572649572649 0.21927374301675978 0.4358974358974359 0.04189944134078212 0.42948717948717946 0.04329608938547486 0.5085470085470085
0 0.4106145251396648 0.5106837606837606 0.4092178770949721 0.43162393162393164 0.22625698324022347 0.4252136752136752 0.22625698324022347 0.4722222222222222 0.24162011173184358 0.5042735042735043
0 0.6061452513966481 0.5149572649572649 0.6103351955307262 0.4358974358974359 0.4245810055865922 0.42948717948717946 0.42178770949720673 0.48504273504273504 0.44553072625698326 0.5085470085470085
0 0.7932960893854749 0.5277777777777778 0.7946927374301676 0.44871794871794873 0.6145251396648045 0.43803418803418803 0.6131284916201117 0.5170940170940171
0 0.9720670391061452 0.5491452991452992 0.979050279329609 0.4658119658119658 0.8016759776536313 0.45085470085470086 0.803072625698324 0.5341880341880342
0 0.9553072625698324 0.6431623931623932 0.9664804469273743 0.6303418803418803 0.9650837988826816 0.5598290598290598 0.7877094972067039 0.5491452991452992 0.7891061452513967 0.6324786324786325
0 0.5782122905027933 0.6175213675213675 0.5824022346368715 0.5341880341880342 0.3994413407821229 0.532051282051282 0.39664804469273746 0.5833333333333334 0.4064245810055866 0.6153846153846154
0 0.7569832402234636 0.6260683760683761 0.770949720670391 0.5918803418803419 0.770949720670391 0.5491452991452992 0.7611731843575419 0.5384615384615384 0.5837988826815642 0.5363247863247863 0.590782122905028 0.6196581196581197
0 0.39106145251396646 0.6089743589743589 0.38687150837988826 0.5213675213675214 0.22486033519553073 0.5213675213675214 0.20670391061452514 0.5363247863247863 0.21089385474860337 0.6111111111111112
0 0.2011173184357542 0.6217948717948718 0.2053072625698324 0.5384615384615384 0.06005586592178771 0.5213675213675214 0.0223463687150838 0.5363247863247863 0.02653631284916201 0.6153846153846154
0 0.19832402234636873 0.7115384615384616 0.20251396648044692 0.6239316239316239 0.019553072625698324 0.6217948717948718 0.023743016759776536 0.7008547008547008
0 0.3715083798882682 0.7029914529914529 0.3994413407821229 0.6944444444444444 0.3952513966480447 0.6153846153846154 0.2122905027932961 0.6175213675213675 0.21368715083798884 0.6965811965811965
0 0.5837988826815642 0.7029914529914529 0.5796089385474861 0.6239316239316239 0.3994413407821229 0.6260683760683761 0.4092178770949721 0.7008547008547008
0 0.7625698324022346 0.7115384615384616 0.7737430167597765 0.7072649572649573 0.7723463687150838 0.6282051282051282 0.5893854748603352 0.6260683760683761 0.5893854748603352 0.7029914529914529 0.5991620111731844 0.7094017094017094
0 0.9636871508379888 0.7286324786324786 0.9622905027932961 0.6452991452991453 0.7891061452513967 0.6367521367521367 0.7849162011173184 0.6517094017094017 0.7849162011173184 0.7072649572649573 0.797486033519553 0.717948717948718
0 0.952513966480447 0.8098290598290598 0.9636871508379888 0.8055555555555556 0.9622905027932961 0.7350427350427351 0.7849162011173184 0.7286324786324786 0.7918994413407822 0.8076923076923077
0 0.776536312849162 0.7927350427350427 0.7779329608938548 0.7094017094017094 0.5949720670391061 0.7200854700854701 0.5991620111731844 0.7905982905982906
0 0.5865921787709497 0.7927350427350427 0.5949720670391061 0.7713675213675214 0.590782122905028 0.7094017094017094 0.40782122905027934 0.7072649572649573 0.41201117318435754 0.7863247863247863
0 0.39664804469273746 0.7841880341880342 0.40782122905027934 0.7585470085470085 0.4036312849162011 0.7051282051282052 0.2206703910614525 0.7072649572649573 0.22486033519553073 0.782051282051282
0 0.19553072625698323 0.7927350427350427 0.19692737430167598 0.7136752136752137 0.01675977653631285 0.7072649572649573 0.02094972067039106 0.782051282051282
0 0.20391061452513967 0.8867521367521367 0.2053072625698324 0.7991452991452992 0.06564245810055866 0.7863247863247863 0.0223463687150838 0.7970085470085471 0.023743016759776536 0.8717948717948718
0 0.18994413407821228 0.9722222222222222 0.20670391061452514 0.9508547008547008 0.2053072625698324 0.8888888888888888 0.0223463687150838 0.8910256410256411 0.029329608938547486 0.9658119658119658
0 0.39385474860335196 0.9594017094017094 0.3924581005586592 0.8846153846153846 0.20949720670391062 0.8867521367521367 0.21089385474860337 0.9487179487179487
0 0.388268156424581 0.8824786324786325 0.39664804469273746 0.8739316239316239 0.3952513966480447 0.7905982905982906 0.2122905027932961 0.7927350427350427 0.2164804469273743 0.8717948717948718
0 0.5810055865921788 0.8782051282051282 0.585195530726257 0.7948717948717948 0.4022346368715084 0.7927350427350427 0.4036312849162011 0.8717948717948718
0 0.4849426065722555 0.9678929315210333 0.5896045493558173 0.9618603366297392 0.5887287303391067 0.8794150691476572 0.44553072625698326 0.8760683760683761 0.4008626779642264 0.8740527256440013 0.3994413407821229 0.8910256410256411 0.39735935178185267 0.9658820495109839
0 0.7569832402234636 0.967948717948718 0.7611731843575419 0.8888888888888888 0.5909183112912372 0.882766505071837 0.5896045493558173 0.934378572279236 0.5917941303079479 0.9632009416827233 0.6159217877094972 0.9658119658119658
0 0.9497206703910615 0.9764957264957265 0.952513966480447 0.9038461538461539 0.9483240223463687 0.8974358974358975 0.7751396648044693 0.8931623931623932 0.770949720670391 0.9038461538461539 0.7681564245810056 0.9508547008547008 0.7751396648044693 0.9700854700854701 0.8421787709497207 0.9743589743589743 0.8449720670391061 0.9786324786324786
0 0.7681564245810056 0.8867521367521367 0.776536312849162 0.8098290598290598 0.7667597765363129 0.7991452991452992 0.5921787709497207 0.7970085470085471 0.5963687150837989 0.8760683760683761
0 0.9413407821229051 0.8952991452991453 0.9608938547486033 0.8910256410256411 0.9594972067039106 0.811965811965812 0.7821229050279329 0.8183760683760684 0.7863128491620112 0.8931623931623932
0 0.5215642458100559 0.1967094017094017 0.18782122905027931 0.09576923076923077