0 0.30210772833723654 0.10655737704918032 0.3442622950819672 0.09562841530054644 0.3430913348946136 0 0.18501170960187355 0.01366120218579235 0.1885245901639344 0.10382513661202186
0 0.3372365339578454 0.1994535519125683 0.3442622950819672 0.19398907103825136 0.3407494145199063 0.10382513661202186 0.18501170960187355 0.11748633879781421 0.19086651053864168 0.19672131147540983
0 0.4894613583138173 0.24316939890710382 0.5269320843091335 0.23224043715846995 0.5234192037470726 0.14754098360655737 0.3629976580796253 0.16120218579234974 0.3629976580796253 0.22131147540983606 0.373536299765808 0.2459016393442623
0 0.6814988290398126 0.20491803278688525 0.6885245901639344 0.1994535519125683 0.6873536299765808 0.1092896174863388 0.531615925058548 0.11748633879781421 0.5351288056206089 0.20765027322404372
0 0.8407494145199064 0.10109289617486339 0.8395784543325527 0 0.6885245901639344 0.00273224043715847 0.6920374707259953 0.09289617486338798
0 0.8407494145199064 0.1885245901639344 0.8395784543325527 0.09836065573770492 0.7060889929742389 0.09289617486338798 0.6885245901639344 0.11202185792349727 0.6943793911007026 0.1912568306010929
0 0.29508196721311475 0.42349726775956287 0.3255269320843091 0.412568306010929 0.32201405152224827 0.31693989071038253 0.16627634660421545 0.33060109289617484 0.16978922716627634 0.4207650273224044
0 0.15690866510538642 0.412568306010929 0.1557377049180328 0.3224043715846995 0.00234192037470726 0.33060109289617484 0.00234192037470726 0.38524590163934425 0.01522248243559719 0.4098360655737705
0 0.7427400468384074 0.33759562841530055 0.15060889929742388 0.09595628415300546
0 0.9063231850117096 0.5 0.9800936768149883 0.4918032786885246 0.9812646370023419 0.4016393442622951 0.8243559718969555 0.40710382513661203 0.8220140515222483 0.4726775956284153 0.8302107728337237 0.4972677595628415
0 0.9133489461358314 0.5765027322404371 0.9754098360655737 0.5737704918032787 0.9789227166276346 0.5 0.8266978922716628 0.5 0.8243559718969555 0.5655737704918032 0.832552693208431 0.5792349726775956
0 0.8899297423887588 0.6639344262295082 0.9730679156908665 0.6612021857923497 0.9789227166276346 0.5819672131147541 0.8243559718969555 0.587431693989071 0.8255269320843092 0.6557377049180327
0 0.9648711943793911 0.7295081967213115 0.9660421545667447 0.6612021857923497 0.8173302107728337 0.6584699453551912 0.8185011709601874 0.73224043715847
0 0.9672131147540983 0.8169398907103825 0.9660421545667447 0.73224043715847 0.8173302107728337 0.7349726775956285 0.8149882903981265 0.7950819672131147 0.8255269320843092 0.819672131147541
0 0.8032786885245902 0.8169398907103825 0.8044496487119438 0.73224043715847 0.6557377049180327 0.7404371584699454 0.6569086651053864 0.819672131147541
0 0.65807962529274 0.7349726775956285 0.8067915690866511 0.73224043715847 0.8079625292740047 0.6584699453551912 0.6569086651053864 0.639344262295082
0 0.8147890898102882 0.6356211849440385 0.8169154472359454 0.5632909532866905 0.8160041379532023 0.5590362449159896 0.8091334894613583 0.5573770491803278 0.6662763466042154 0.5519125683060109 0.6627634660421545 0.5765027322404371 0.6627634660421545 0.6256830601092896 0.6662763466042154 0.639344262295082
0 0.8126463700234192 0.4726775956284153 0.8173302107728337 0.4672131147540984 0.819672131147541 0.4180327868852459 0.819672131147541 0.39617486338797814 0.8161592505854801 0.3879781420765027 0.6709601873536299 0.3825136612021858 0.6686929544339318 0.39466654347057817 0.6681309811341576 0.42265310140309165 0.6670070488261839 0.4397074094916042 0.66588311651821 0.46157190917960617 0.6662763466042154 0.4644808743169399
0 0.5878220140515222 0.4562841530054645 0.6569086651053864 0.44808743169398907 0.6651053864168618 0.38524590163934425 0.5117096018735363 0.37158469945355194 0.5058548009367682 0.3907103825136612 0.509367681498829 0.45901639344262296
0 0.6463700234192038 0.5218579234972678 0.65807962529274 0.505464480874317 0.6545667447306791 0.453551912568306 0.5035128805620609 0.46174863387978143 0.5046838407494145 0.5191256830601093
0 0.6182669789227166 0.6038251366120219 0.6569086651053864 0.5956284153005464 0.65807962529274 0.5218579234972678 0.5011709601873536 0.5273224043715847 0.5023419203747073 0.6065573770491803
0 0.6463700234192038 0.8770491803278688 0.6428571428571429 0.8032786885245902 0.49414519906323184 0.8060109289617486 0.4953161592505855 0.8797814207650273
0 0.639344262295082 0.9644808743169399 0.6463700234192038 0.9590163934426229 0.6451990632318502 0.8852459016393442 0.49303434375195565 0.8877481693804854 0.4918032786885246 0.953551912568306 0.5 0.9672131147540983
0 0.45433255269320844 0.953551912568306 0.4894613583138173 0.9426229508196722 0.4859484777517564 0.8633879781420765 0.33489461358313816 0.8825136612021858 0.3407494145199063 0.9562841530054644
0 0.39344262295081966 0.8661202185792349 0.48360655737704916 0.8633879781420765 0.48711943793911006 0.7950819672131147 0.3325526932084309 0.7950819672131147 0.33840749414519905 0.8688524590163934
0 0.43559718969555034 0.7896174863387978 0.4929742388758782 0.7868852459016393 0.4918032786885246 0.7076502732240437 0.3372365339578454 0.7076502732240437 0.33840749414519905 0.7868852459016393
0 0.44730679156908665 0.7021857923497268 0.49063231850117095 0.6994535519125683 0.4918032786885246 0.6256830601092896 0.3372365339578454 0.6256830601092896 0.3407494145199063 0.6994535519125683
0 0.4519906323185012 0.6202185792349727 0.4929742388758782 0.6174863387978142 0.49414519906323184 0.5327868852459017 0.3372365339578454 0.5382513661202186 0.33840749414519905 0.6174863387978142
0 0.44028103044496486 0.5327868852459017 0.4929742388758782 0.5300546448087432 0.4964871194379391 0.4562841530054645 0.3372365339578454 0.4562841530054645 0.3407494145199063 0.5355191256830601
0 0.41451990632318503 0.46174863387978143 0.4953161592505855 0.453551912568306 0.4964871194379391 0.36885245901639346 0.3372365339578454 0.36885245901639346 0.33840749414519905 0.453551912568306
0 0.3255269320843091 0.5327868852459017 0.32201405152224827 0.43169398907103823 0.17447306791569087 0.43169398907103823 0.16627634660421545 0.45081967213114754 0.16978922716627634 0.5355191256830601
0 0.3231850117096019 0.6256830601092896 0.32435597189695553 0.5409836065573771 0.1686182669789227 0.5437158469945356 0.1721311475409836 0.6229508196721312
0 0.24355971896955503 0.7786885245901639 0.32669789227166274 0.7704918032786885 0.32786885245901637 0.6857923497267759 0.1756440281030445 0.6857923497267759 0.17681498829039813 0.7704918032786885
0 0.31381733021077285 0.8715846994535519 0.3255269320843091 0.855191256830601 0.32201405152224827 0.7759562841530054 0.17096018735362997 0.7841530054644809 0.1721311475409836 0.8743169398907104
0 0.27400468384074944 0.9590163934426229 0.32669789227166274 0.9562841530054644 0.32786885245901637 0.8715846994535519 0.17330210772833723 0.8770491803278688 0.17681498829039813 0.9562841530054644
0 0.16159250585480095 0.5273224043715847 0.1557377049180328 0.4207650273224044 0.01288056206088993 0.41530054644808745 0.00702576112412178 0.4344262295081967 0.01053864168618267 0.5191256830601093
0 0.07259953161592506 0.6092896174863388 0.16276346604215455 0.6065573770491803 0.16393442622950818 0.5437158469945356 0.0117096018735363 0.5327868852459017 0.01756440281030445 0.6120218579234973
0 0.16627634660421545 0.7185792349726776 0.16276346604215455 0.6120218579234973 0.01405152224824356 0.6256830601092896 0.01405152224824356 0.7021857923497268 0.02224824355971897 0.7103825136612022
0 0.1686182669789227 0.8060109289617486 0.16510538641686182 0.7213114754098361 0.01405152224824356 0.7131147540983607 0.01756440281030445 0.8032786885245902
0 0.16627634660421545 0.8934426229508197 0.16627634660421545 0.8169398907103825 0.1557377049180328 0.8087431693989071 0.01405152224824356 0.8060109289617486 0.01756440281030445 0.8797814207650273
0 0.16627634660421545 0.9754098360655737 0.16744730679156908 0.8961748633879781 0.01873536299765808 0.8879781420765027 0.02459016393442623 0.9672131147540983
0 0.9677502275912134 0.24984749490712901 1 0.24863387978142076 1 0.15698716409052826 0.8825718899664281 0.15698716409052824 0.8458198238967293 0.15799650002726498 0.846252194547055 0.2084640669380591 0.8488464514367746 0.2478287845299576
0 0.5734192037470726 0.6747540983606558 0.1518735362997658 0.10431693989071038
0 0.5737704918032787 0.7625683060109291 0.1497423887587822 0.07453551912568307
0 0.5833489461358314 0.32371584699453554 0.15613583138173304 0.09437158469945355
0 0.4428337236533958 0.10846994535519126 0.1618032786885246 0.08775956284153005
0 0.07592505854800938 0.2707650273224044 0.1518735362997658 0.10098360655737705
0 0.24306791569086653 0.2765573770491803 0.1568384074941452 0.09273224043715847
0 0.4140983606557377 0.3137704918032787 0.16393442622950818 0.0910928961748634
0 0.9005854800936769 0.34857923497267757 0.14903981264637003 0.09770491803278689
0 0.6042857142857142 0.06295081967213115 0.16110070257611242 0.08939890710382513
0 0.2459016393442623 0.6590710382513661 0.152576112412178 0.06295081967213115
0 0.8907259953161591 0.9536065573770491 0.1481967213114754 0.06398907103825137
0 0.8892271662763466 0.8619125683060108 0.13782201405152225 0.07437158469945356
0 0.7258313817330211 0.9492349726775957 0.15634660421545668 0.08300546448087431
0 0.7276814988290399 0.8636612021857925 0.15264637002341921 0.09857923497267759
0 0.7417330210772834 0.5080327868852459 0.15430913348946135 0.09278688524590165
0 0.9220608899297424 0.09983606557377049 0.14976580796252928 0.07989071038251366