0 0.12343297974927676 0.869140625 0.13500482160077146 0.853515625 0.13355834136933462 0.6875 0.05689488910318226 0.689453125 0.05400192864030858 0.833984375 0.05834136933461909 0.85546875
0 0.21407907425265188 0.869140625 0.21456123432979748 0.703125 0.1359691417550627 0.697265625 0.1374156219864995 0.859375
0 0.2719382835101254 0.876953125 0.3008678881388621 0.869140625 0.2974927675988428 0.7109375 0.218900675024108 0.712890625 0.2232401157184185 0.87109375
0 0.21504339440694312 0.693359375 0.21745419479267117 0.50390625 0.20877531340405014 0.51953125 0.1359691417550627 0.521484375 0.13837994214079075 0.6796875
0 0.3857280617164899 0.380859375 0.38813886210221793 0.21875 0.3095467695274831 0.201171875 0.304725168756027 0.337890625 0.31002892960462874 0.3671875
0 0.381870781099325 0.552734375 0.3857280617164899 0.529296875 0.38524590163934425 0.390625 0.319672131147541 0.3671875 0.30665380906460943 0.376953125 0.3052073288331726 0.53125
0 0.3780135004821601 0.728515625 0.38138862102217935 0.5625 0.31388621022179364 0.54296875 0.3008678881388621 0.552734375 0.3013500482160077 0.703125
0 0.3837994214079074 0.896484375 0.3833172613307618 0.73046875 0.31774349083895853 0.71484375 0.3037608486017358 0.724609375 0.3042430086788814 0.87890625
0 0.46673095467695275 0.900390625 0.4662487945998071 0.73828125 0.3857280617164899 0.732421875 0.3871745419479267 0.8984375
0 0.46962391513982643 0.732421875 0.4734811957569913 0.716796875 0.4720347155255545 0.5625 0.39344262295081966 0.544921875 0.3900675024108004 0.703125
0 0.4686595949855352 0.552734375 0.4710703953712633 0.38671875 0.4016393442622951 0.3671875 0.390549662487946 0.376953125 0.38910318225650914 0.53125
0 0.4725168756027001 0.384765625 0.47540983606557374 0.376953125 0.47782063645130185 0.21484375 0.41513982642237224 0.1953125 0.40356798457087756 0.1796875 0.39922854387656703 0.189453125 0.3944069431051109 0.255859375 0.3948891031822565 0.359375
0 0.5602700096432015 0.380859375 0.5670202507232401 0.373046875 0.5646094503375121 0.2109375 0.485053037608486 0.208984375 0.4845708775313404 0.37109375
0 0.5583413693346191 0.564453125 0.559787849566056 0.39453125 0.48264223722275795 0.37109375 0.4783027965284474 0.380859375 0.47878495660559306 0.54296875
0 0.5544840887174542 0.732421875 0.5583413693346191 0.669921875 0.5568948891031823 0.5703125 0.48649951783992285 0.546875 0.47540983606557374 0.556640625 0.4768563162970106 0.71484375
0 0.5573770491803278 0.900390625 0.562198649951784 0.755859375 0.559787849566056 0.73828125 0.4802314368370299 0.728515625 0.476374156219865 0.822265625 0.47878495660559306 0.8828125
0 0.6325940212150434 0.916015625 0.6451301832208293 0.904296875 0.6446480231436837 0.74609375 0.5631629701060752 0.748046875 0.562198649951784 0.892578125 0.5655737704918032 0.91015625
0 0.6403085824493732 0.740234375 0.6441658630665381 0.587890625 0.6398264223722275 0.5703125 0.5684667309546769 0.546875 0.562198649951784 0.556640625 0.5593056894889104 0.708984375 0.5626808100289296 0.72265625
0 0.6374156219864995 0.564453125 0.6422372227579557 0.552734375 0.6427193828351012 0.39453125 0.5675024108003858 0.3828125 0.562198649951784 0.396484375 0.5636451301832208 0.546875
0 0.6113789778206364 0.376953125 0.6509161041465766 0.365234375 0.6485053037608486 0.20703125 0.5689488910318226 0.208984375 0.5694310511089682 0.375
0 0.7319189971070396 0.416015625 0.7357762777242044 0.369140625 0.73625843780135 0.25390625 0.6538090646094503 0.224609375 0.654291224686596 0.39453125
0 0.7280617164898746 0.583984375 0.7328833172613307 0.541015625 0.7343297974927676 0.41796875 0.6562198649951784 0.39453125 0.6518804243008679 0.404296875 0.6470588235294118 0.517578125 0.6494696239151398 0.5625
0 0.7242044358727098 0.759765625 0.7280617164898746 0.724609375 0.7285438765670202 0.59375 0.648023143683703 0.572265625 0.6451301832208293 0.689453125 0.6475409836065574 0.7265625
0 0.7251687560270009 0.923828125 0.7280617164898746 0.841796875 0.7256509161041466 0.765625 0.6513982642237223 0.734375 0.648023143683703 0.744140625 0.6475409836065574 0.90625
0 0.8052073288331726 0.943359375 0.8085824493731919 0.78125 0.7290260366441659 0.771484375 0.7295081967213115 0.9296875
0 0.8582449373191899 0.978515625 0.8910318225650916 0.966796875 0.8895853423336548 0.8203125 0.8452266152362584 0.80859375 0.8100289296046287 0.818359375 0.8090646094503375 0.947265625 0.8124397299903569 0.9765625
0 0.9681774349083896 0.994140625 0.9729990356798457 0.958984375 0.9725168756027001 0.8359375 0.9069431051108968 0.81640625 0.8958534233365477 0.833984375 0.8919961427193829 0.951171875 0.8944069431051109 0.98046875
0 0.9758919961427194 0.833984375 0.9797492767598843 0.810546875 0.982642237222758 0.693359375 0.9792671166827387 0.6640625 0.9117647058823529 0.64453125 0.9006750241080038 0.654296875 0.896817743490839 0.783203125 0.9011571841851495 0.8125
0 0.9758919961427194 0.658203125 0.9797492767598843 0.642578125 0.982642237222758 0.544921875 0.9802314368370298 0.4921875 0.9194792671166827 0.47265625 0.9059787849566056 0.4765625 0.9035679845708775 0.490234375 0.8997107039537127 0.611328125 0.9030858244937319 0.640625
0 0.9016393442622951 0.470703125 0.9083895853423336 0.361328125 0.9059787849566056 0.3046875 0.8273866923818708 0.275390625 0.8259402121504339 0.4375
0 0.8948891031822566 0.630859375 0.8987463837994214 0.607421875 0.899228543876567 0.4765625 0.8240115718418515 0.4375 0.8216007714561234 0.447265625 0.8177434908389586 0.580078125 0.8201542912246866 0.60546875
0 0.8910318225650916 0.818359375 0.896817743490839 0.728515625 0.8963355834136933 0.64453125 0.8297974927675988 0.61328125 0.8158148505303761 0.619140625 0.8129218900675024 0.759765625 0.8153326904532304 0.78125 0.8635486981677917 0.81640625
0 0.8100289296046287 0.767578125 0.8095467695274832 0.6015625 0.7319189971070396 0.591796875 0.7324011571841852 0.76171875
0 0.8129218900675024 0.595703125 0.8177434908389586 0.568359375 0.8182256509161041 0.44140625 0.7396335583413693 0.416015625 0.7348119575699132 0.537109375 0.7372227579556413 0.578125
0 0.8177434908389586 0.435546875 0.8216007714561234 0.416015625 0.8244937319189971 0.322265625 0.8220829315332691 0.265625 0.7536162005785921 0.23828125 0.7434908389585342 0.248046875 0.7386692381870781 0.369140625 0.7410800385728061 0.40234375
0 0.169122468659595 0.435703125 0.07863066538090646 0.162265625
0 0.09235294117647058 0.591953125 0.07788813886210222 0.14421875
0 0.9116534381722424 0.13221153846153844 0.9887990505155405 0.1592548076923077 0.9806394184407683 0.321514423076923 0.9109116534381725 0.282451923076923
0 0.8916252503523476 0.15024038461538458 0.8315406868926638 0.1111778846153845 0.8278317632223129 0.264423076923077 0.9049773755656109 0.2974759615384617 0.9086862992359617 0.15625000000000006
0 0.7447518730064535 0.06610576923076927 0.8233810548178918 0.1081730769230771 0.8167049922112603 0.2554086538461539 0.7403011646020324 0.22836538461538483
0 0.6549959201839626 0.060096153846153855 0.7388175951338921 0.07812499999999996 0.7336251019954008 0.2463942307692307 0.6587048438543134 0.2283653846153847
0 0.5704324604999629 0.027043269230769273 0.6498034270454713 0.03906250000000011 0.6527705659817521 0.1983173076923076 0.5719160299681033 0.1923076923076924
0 0.4866107855500334 0.012019230769230838 0.5659817520955419 0.03605769230769229 0.5674653215636823 0.2013221153846153 0.4888361397522439 0.1742788461538461
0 0.4079816037385951 0.012019230769230838 0.4821600771456123 0.06310096153846165 0.4821600771456123 0.22235576923076933 0.3975966174616127 0.17728365384615394
0 0.2203100660188413 0.3124999999999999 0.21734292708256067 0.48978365384615385 0.2996810325643498 0.5048076923076921 0.3041317409687709 0.3395432692307691
0 0.01854461835175433 0.3936298076923076 0.05192493138491208 0.43269230769230765 0.0378310214375788 0.7542067307692306 0 0.6941105769230771
0 0.2174009017871959 0.525089571557391 0.2987809184989805 0.5392175420925676 0.2970370609980136 0.71346251202641 0.2185634734545071 0.696979879735371
0 0.9089615470114831 0.3034619004070145 0.9866505681235758 0.3371798893411272 0.9811013523298547 0.5012741021538092 0.9056320175352505 0.45631678357499206 0.9034123312177621 0.4383338561434653