0 0.12246865959498554 0.4541864139020537 0.1253616200578592 0.4510268562401264 0.1253616200578592 0.42417061611374407 0.12198649951783992 0.3854660347551343 0.04966248794599807 0.3854660347551343 0.044358727097396335 0.39257503949447076 0.04628736740597879 0.4415481832543444 0.05062680810028929 0.4549763033175355
0 0.12439729990356799 0.5252764612954186 0.12921890067502412 0.5157977883096366 0.12584378013500483 0.4549763033175355 0.04918032786885246 0.45734597156398105 0.05159112825458052 0.5181674565560821
0 0.12825458052073288 0.5932069510268563 0.13404050144648022 0.5853080568720379 0.13355834136933462 0.5260663507109005 0.06316297010607522 0.5213270142180095 0.055930568948891035 0.5252764612954186 0.054966248794599805 0.5789889415481833 0.05930568948891032 0.5876777251184834
0 0.11668273866923819 0.6674565560821485 0.12632594021215043 0.6642969984202212 0.12487945998071359 0.5987361769352291 0.07569913211186113 0.5924170616113744 0.05159112825458052 0.5924170616113744 0.048216007714561235 0.5979462875197472 0.05062680810028929 0.6587677725118484
0 0.12054001928640308 0.7417061611374408 0.12729026036644167 0.7306477093206951 0.12584378013500483 0.669826224328594 0.04918032786885246 0.6627172195892576 0.04966248794599807 0.7266982622432859
0 0.12632594021215043 0.8001579778830964 0.13114754098360656 0.7969984202211691 0.12777242044358728 0.740916271721959 0.054966248794599805 0.7338072669826224 0.05400192864030858 0.7796208530805687 0.05737704918032787 0.7914691943127962
0 0.12825458052073288 0.8649289099526066 0.12777242044358728 0.8025276461295419 0.06027000964320154 0.7930489731437599 0.05110896817743491 0.7985781990521327 0.05737704918032787 0.8609794628751974
0 0.12632594021215043 0.9391785150078988 0.13114754098360656 0.9328593996840442 0.12873674059787849 0.8688783570300158 0.06027000964320154 0.8609794628751974 0.054966248794599805 0.8649289099526066 0.052073288331726135 0.9218009478672986 0.05544840887174542 0.9304897314375987
0 0.4532304725168756 0.9549763033175356 0.4537126325940212 0.8925750394944708 0.3820375947286802 0.886643069704042 0.38375848479502567 0.9557138334806683
0 0.4561234329797493 0.8902053712480252 0.45998071359691417 0.863349131121643 0.4575699132111861 0.8262243285939969 0.38547937486137107 0.8189819133514283 0.38289803976185294 0.8810046400079908
0 0.45515911282545807 0.8238546603475514 0.4575699132111861 0.7598736176935229 0.40742526518804245 0.7535545023696683 0.3863398198945437 0.7527303644228274 0.3872002649277164 0.8119338762313644
0 0.5409836065573771 0.9533965244865719 0.5448408871745419 0.9218009478672986 0.5424300867888139 0.8909952606635071 0.46576663452266154 0.8886255924170616 0.46287367405978785 0.9407582938388626 0.4662487945998071 0.9478672985781991
0 0.5390549662487946 0.8886255924170616 0.5419479267116682 0.8759873617693523 0.5395371263259402 0.8293838862559242 0.4609450337512054 0.8238546603475514 0.4623915139826422 0.8830963665086888
0 0.5409836065573771 0.8270142180094787 0.5433944069431051 0.7614533965244866 0.4681774349083896 0.7535545023696683 0.46383799421407906 0.7575039494470774 0.4633558341369335 0.8199052132701422
0 0.5390549662487946 0.7575039494470774 0.5486981677917069 0.7511848341232228 0.54725168756027 0.693522906793049 0.47058823529411764 0.6895734597156398 0.46769527483124396 0.7385466034755134 0.470106075216972 0.7535545023696683
0 0.5458052073288332 0.6911532385466035 0.549662487945998 0.6879936808846762 0.5491803278688525 0.6240126382306477 0.46962391513982643 0.6216429699842022 0.4710703953712633 0.6856240126382307
0 0.5477338476374156 0.6153238546603476 0.5544840887174542 0.6090047393364929 0.5530376084860174 0.5481832543443917 0.4734811957569913 0.5442338072669827 0.47396335583413696 0.6113744075829384
0 0.5409836065573771 0.5458135860979463 0.5506268081002893 0.5394944707740916 0.54725168756027 0.4786729857819905 0.47492767598842817 0.47235387045813587 0.46962391513982643 0.476303317535545 0.4691417550626808 0.5387045813586098
0 0.5467695274831244 0.476303317535545 0.5482160077145612 0.41232227488151657 0.4725168756027001 0.4067930489731438 0.46962391513982643 0.4541864139020537 0.4720347155255545 0.4707740916271722
0 0.549662487945998 0.4099526066350711 0.5511089681774349 0.3412322274881517 0.4990356798457088 0.3333333333333333 0.46962391513982643 0.33570300157977884 0.47396335583413696 0.40126382306477093
0 0.7280617164898746 0.25829383886255924 0.733847637415622 0.25039494470774093 0.733847637415622 0.1966824644549763 0.7304725168756027 0.1895734597156398 0.6571841851494696 0.18325434439178515 0.6499517839922855 0.1872037914691943 0.6513982642237223 0.2527646129541864 0.6841851494696239 0.25908372827804105
0 0.8167791706846673 0.27567140600315954 0.8225650916104147 0.26145339652448657 0.8220829315332691 0.20853080568720378 0.7709739633558341 0.19589257503949448 0.7386692381870781 0.1966824644549763 0.7357762777242044 0.2519747235387046 0.7410800385728061 0.26224328593996843
0 0.8167791706846673 0.27567140600315954 0.8225650916104147 0.26145339652448657 0.8220829315332691 0.20853080568720378 0.7594021215043394 0.1943127962085308 0.7410800385728061 0.1943127962085308 0.7377049180327869 0.19984202211690363 0.7357762777242044 0.25039494470774093 0.7410800385728061 0.26224328593996843
0 0.9006750241080038 0.28515007898894157 0.9045323047251688 0.2804107424960506 0.9074252651880425 0.2330173775671406 0.9030858244937319 0.21484992101105846 0.8365477338476374 0.20853080568720378 0.8254580520732884 0.21248025276461296 0.8225650916104147 0.2725118483412322 0.8269045323047252 0.2796208530805687
0 0.9845708775313404 0.14454976303317535 0.9884281581485053 0.11611374407582939 0.9860173577627772 0.08056872037914692 0.90549662487946 0.07187993680884676 0.9059787849566056 0.14218009478672985
0 0.9855351976856316 0.07819905213270142 0.9903567984570878 0.03238546603475513 0.9879459980713597 0.01263823064770932 0.9551591128254581 0 0.9122468659594986 0.0039494470774091624 0.9083895853423336 0.06556082148499211 0.9127290260366442 0.07109004739336493
0 0.71648987463838 0.34360189573459715 0.7213114754098361 0.28672985781990523 0.7179363548698168 0.27330173775671407 0.650433944069431 0.26540284360189575 0.6374156219864995 0.27093206951026855 0.6378977820636451 0.33649289099526064
0 0.8081002892960463 0.35624012638230645 0.8138862102217936 0.29936808846761453 0.8114754098360656 0.2890995260663507 0.7251687560270009 0.2693522906793049 0.7232401157184185 0.3278041074249605 0.7285438765670202 0.33965244865718797
0 0.8871745419479267 0.36255924170616116 0.8919961427193829 0.3499210110584518 0.8915139826422372 0.29541864139020535 0.8211186113789778 0.28751974723538704 0.8138862102217936 0.2930489731437599 0.8124397299903569 0.3570300157977883
0 0.9633558341369335 0.3704581358609795 0.9710703953712633 0.3609794628751975 0.9720347155255545 0.3104265402843602 0.9686595949855352 0.3033175355450237 0.9011571841851495 0.29541864139020535 0.8939247830279653 0.29936808846761453 0.8910318225650916 0.35624012638230645 0.8934426229508197 0.36492890995260663
0 0.8833172613307618 0.4320695102685624 0.8900675024108003 0.37993680884676145 0.8876567020250723 0.36808846761453395 0.8211186113789778 0.36018957345971564 0.8100289296046287 0.3641390205371248 0.8061716489874639 0.41311216429699843 0.8085824493731919 0.4265402843601896
0 0.973963355834137 0.4462875197472354 0.9797492767598843 0.3830963665086888 0.9725168756027001 0.37282780410742494 0.892960462873674 0.3736176935229068 0.8934426229508197 0.43285939968404424
0 0.712632594021215 0.41311216429699843 0.7213114754098361 0.40837282780410744 0.7217936354869817 0.3459715639810427 0.6764705882352942 0.3412322274881517 0.6422372227579557 0.3451816745655608 0.6436837029893925 0.4075829383886256
0 0.8023143683702989 0.42575039494470773 0.8052073288331726 0.42101105845181674 0.8066538090646095 0.3617693522906793 0.7459016393442623 0.34913112164297 0.7270973963355835 0.35308056872037913 0.7251687560270009 0.4067930489731438 0.7295081967213115 0.4154818325434439
0 0.5891996142719382 0.4099526066350711 0.636933461909354 0.40916271721958924 0.6383799421407907 0.34360189573459715 0.5578592092574735 0.3412322274881517 0.5564127290260367 0.4067930489731438
0 0.6335583413693346 0.4794628751974723 0.639344262295082 0.4731437598736177 0.636933461909354 0.4107424960505529 0.5564127290260367 0.41153238546603477 0.5588235294117647 0.47709320695102686
0 0.6335583413693346 0.5521327014218009 0.6350048216007714 0.48657187993680884 0.5588235294117647 0.4786729857819905 0.5544840887174542 0.4826224328593997 0.553519768563163 0.542654028436019 0.5568948891031823 0.5481832543443917
0 0.6297010607521697 0.6216429699842022 0.6374156219864995 0.6121642969984202 0.6359691417550627 0.5545023696682464 0.5607521697203471 0.5497630331753555 0.5564127290260367 0.5552922590837283 0.5568948891031823 0.6161137440758294
0 0.6248794599807136 0.6974723538704581 0.6321118611378977 0.6966824644549763 0.6335583413693346 0.6911532385466035 0.6321118611378977 0.6303317535545023 0.5525554484088717 0.6279620853080569 0.5530376084860174 0.6919431279620853
0 0.6239151398264223 0.7622432859399684 0.630665380906461 0.7527646129541864 0.6301832208293153 0.6998420221169036 0.5515911282545806 0.6974723538704581 0.5501446480231437 0.7567140600315956
0 0.6219864995178399 0.8270142180094787 0.6253616200578592 0.764612954186414 0.559787849566056 0.7598736176935229 0.5458052073288332 0.7638230647709321 0.5453230472516876 0.8199052132701422
0 0.6219864995178399 0.8949447077409163 0.6258437801350049 0.8554502369668247 0.6224686595949855 0.8309636650868878 0.5458052073288332 0.8238546603475514 0.5443587270973963 0.8862559241706162 0.5694310511089682 0.8941548183254344
0 0.6200578592092575 0.9612954186413902 0.626808100289296 0.9581358609794629 0.6263259402121505 0.8973143759873617 0.5467695274831244 0.8981042654028436 0.5458052073288332 0.9439178515007899 0.5491803278688525 0.9589257503949447
0 0.7020250723240116 0.9644549763033176 0.7058823529411765 0.9581358609794629 0.7054001928640309 0.9036334913112164 0.6350048216007714 0.8941548183254344 0.6287367405978785 0.8981042654028436 0.6292189006750241 0.957345971563981
0 0.7049180327868853 0.8996840442338072 0.7073288331726133 0.8388625592417062 0.6287367405978785 0.834913112164297 0.6258437801350049 0.8791469194312796 0.6282545805207329 0.8909952606635071
0 0.7058823529411765 0.834913112164297 0.7107039537126326 0.8096366508688784 0.710221793635487 0.7725118483412322 0.630665380906461 0.768562401263823 0.6258437801350049 0.8206951026856241 0.6282545805207329 0.8293838862559242
0 0.7078109932497589 0.7717219589257504 0.7116682738669238 0.7669826224328594 0.7111861137897783 0.7061611374407583 0.6417550626808101 0.69826224328594 0.6325940212150434 0.7022116903633492 0.6321118611378977 0.764612954186414
0 0.712632594021215 0.7022116903633492 0.71648987463838 0.6642969984202212 0.7140790742526519 0.636650868878357 0.6364513018322083 0.6327014218009479 0.6359691417550627 0.6966824644549763
0 0.7184185149469624 0.6263823064770933 0.7222757955641272 0.6232227488151659 0.7242044358727098 0.5947867298578199 0.7242044358727098 0.5647709320695102 0.7208293153326905 0.5592417061611374 0.6432015429122468 0.556872037914692 0.6417550626808101 0.6192733017377567
0 0.7107039537126326 0.5537124802527646 0.71648987463838 0.5505529225908373 0.7184185149469624 0.5379146919431279 0.7169720347155255 0.4881516587677725 0.6427193828351012 0.4834123222748815 0.6383799421407907 0.48894154818325436 0.6378977820636451 0.5513428120063191
0 0.7193828351012537 0.48578199052132703 0.7232401157184185 0.4826224328593997 0.7242044358727098 0.46998420221169035 0.7237222757955641 0.41706161137440756 0.6451301832208293 0.41311216429699843 0.6403085824493732 0.46998420221169035 0.6427193828351012 0.4755134281200632
0 0.7974927675988428 0.4968404423380727 0.8052073288331726 0.4873617693522907 0.8090646094503375 0.4431279620853081 0.8066538090646095 0.43285939968404424 0.7290260366441659 0.42101105845181674 0.7251687560270009 0.46524486571879936 0.727579556412729 0.4849921011058452
0 0.7994214079074252 0.5679304897314376 0.8052073288331726 0.523696682464455 0.8052073288331726 0.5078988941548184 0.8018322082931534 0.5023696682464455 0.7372227579556413 0.4881516587677725 0.7261330761812922 0.4921011058451817 0.7208293153326905 0.5497630331753555 0.7642237222757956 0.5639810426540285
0 0.7974927675988428 0.6358609794628752 0.8013500482160077 0.6311216429699842 0.8042430086788814 0.6074249605055292 0.8037608486017358 0.5718799368088467 0.7261330761812922 0.5631911532385466 0.7232401157184185 0.6105845181674565 0.7256509161041466 0.627172195892575
0 0.7859209257473481 0.7085308056872038 0.7955641272902604 0.6958925750394944 0.7994214079074252 0.6658767772511849 0.796046287367406 0.6477093206951027 0.7478302796528448 0.6350710900473934 0.7193828351012537 0.6374407582938388 0.7169720347155255 0.69826224328594
0 0.7945998071359691 0.7748815165876777 0.7994214079074252 0.7211690363349131 0.796046287367406 0.7093206951026856 0.7304725168756027 0.7030015797788309 0.7203471552555448 0.7069510268562401 0.7155255544840887 0.7527646129541864 0.7179363548698168 0.7661927330173776
0 0.7907425265188043 0.834913112164297 0.7941176470588235 0.7788309636650869 0.7227579556412729 0.7677725118483413 0.71648987463838 0.7717219589257504 0.7140790742526519 0.8309636650868878
0 0.7868852459016393 0.9028436018957346 0.7888138862102217 0.84913112164297 0.7854387656702025 0.8372827804107424 0.7097396335583414 0.8380726698262243 0.7111861137897783 0.9020537124802528
0 0.7830279652844745 0.9676145339652449 0.7868852459016393 0.9218009478672986 0.7844744455159113 0.9067930489731437 0.7087753134040502 0.9044233807266983 0.7058823529411765 0.9581358609794629 0.7082931533269046 0.9652448657187994
0 0.9421407907425265 0.9849921011058452 0.9459980713596914 0.9786729857819905 0.9488910318225651 0.9360189573459715 0.946480231436837 0.9225908372827805 0.8789778206364514 0.919431279620853 0.8698167791706847 0.9312796208530806 0.8678881388621023 0.9770932069510269 0.8712632594021215 0.981042654028436
0 0.81099324975892 0.9818325434439179 0.8654773384763742 0.9794628751974723 0.8659594985535197 0.9233807266982622 0.7892960462873674 0.9178515007898894 0.7878495660559306 0.9770932069510269
0 0.8640308582449373 0.9202211690363349 0.8678881388621023 0.9170616113744076 0.8707810993249759 0.8981042654028436 0.8702989392478303 0.8530805687203792 0.7926711668273867 0.8459715639810427 0.7921890067502411 0.909952606635071 0.8404050144648023 0.9210110584518167
0 0.9459980713596914 0.9218009478672986 0.9517839922854388 0.915481832543444 0.9537126325940212 0.8902053712480252 0.9546769527483124 0.8617693522906793 0.950337512054002 0.8530805687203792 0.8746383799421408 0.8570300157977883 0.8741562198649951 0.9162717219589257
0 0.9450337512054002 0.8554502369668247 0.950337512054002 0.8530805687203792 0.9537126325940212 0.8428120063191153 0.9541947926711668 0.7930489731437599 0.899228543876567 0.7883096366508688 0.8775313404050145 0.792259083728278 0.8736740597878495 0.839652448657188 0.8770491803278688 0.8515007898894155
0 0.8678881388621023 0.8459715639810427 0.8717454194792671 0.8380726698262243 0.8712632594021215 0.7883096366508688 0.7965284474445516 0.7812006319115324 0.7950819672131147 0.8388625592417062 0.8336547733847638 0.8467614533965245
0 0.8746383799421408 0.7859399684044234 0.8804243008678881 0.7369668246445498 0.8780135004821601 0.721958925750395 0.8023143683702989 0.7148499210110585 0.7989392478302797 0.7756714060031595 0.8384763741562199 0.7851500789889415
0 0.9537126325940212 0.7906793048973144 0.9604628736740598 0.7464454976303317 0.9604628736740598 0.7290679304897314 0.9570877531340405 0.7235387045813586 0.950337512054002 0.7282780410742496 0.8972999035679846 0.721958925750395 0.8833172613307618 0.7259083728278041 0.8784956605593057 0.7701421800947867 0.8818707810993249 0.7835703001579779
0 0.95274831243973 0.7259083728278041 0.9585342333654774 0.6974723538704581 0.9580520732883318 0.6619273301737757 0.9069431051108968 0.6524486571879937 0.8823529411764706 0.6548183254344392 0.8789778206364514 0.7187993680884676
0 0.8727097396335584 0.7180094786729858 0.8765670202507232 0.7148499210110585 0.8813886210221794 0.6737756714060031 0.8780135004821601 0.6540284360189573 0.8269045323047252 0.6461295418641391 0.8023143683702989 0.6484992101105845 0.8008678881388621 0.7109004739336493
0 0.8794599807135969 0.6421800947867299 0.8833172613307618 0.6374407582938388 0.8862102217936355 0.590047393364929 0.8837994214079075 0.5766192733017378 0.8081002892960463 0.5742496050552922 0.8056894889103182 0.6350710900473934
0 0.9623915139826422 0.6484992101105845 0.9681774349083896 0.6437598736176935 0.9691417550626809 0.6358609794628752 0.9720347155255545 0.5932069510268563 0.9686595949855352 0.584518167456556 0.8891031822565092 0.5789889415481833 0.8852459016393442 0.6216429699842022 0.8886210221793636 0.6398104265402843
0 0.9623915139826422 0.5837282780410743 0.9662487945998072 0.5821484992101106 0.9691417550626809 0.5679304897314376 0.9686595949855352 0.5213270142180095 0.9011571841851495 0.5071090047393365 0.892960462873674 0.5110584518167457 0.8881388621022179 0.566350710900474 0.890549662487946 0.5718799368088467
0 0.8833172613307618 0.5742496050552922 0.8881388621022179 0.5616113744075829 0.8886210221793636 0.5102685624012638 0.8423336547733847 0.5039494470774092 0.8090646094503375 0.5063191153238547 0.8061716489874639 0.5616113744075829 0.8095467695274832 0.5687203791469194
0 0.8891031822565092 0.5078988941548184 0.8948891031822566 0.46050552922590837 0.8924783027965284 0.44075829383886256 0.8211186113789778 0.4312796208530806 0.8148505303760849 0.4352290679304897 0.8100289296046287 0.47472353870458134 0.813404050144648 0.4976303317535545
0 0.9681774349083896 0.5205371248025277 0.9720347155255545 0.5173775671406003 0.9758919961427194 0.471563981042654 0.9725168756027001 0.4518167456556082 0.9648023143683703 0.4439178515007899 0.8977820636451301 0.4415481832543444 0.8939247830279653 0.4873617693522907 0.8963355834136933 0.5023696682464455
0 0.38633981989454375 0.6864788154942264 0.4628736740597878 0.6979750107712192 0.4602437100026298 0.7582938388625592 0.38806070996088915 0.748501542150789
0 0.43920399754536693 0.6218583943702427 0.466380292802665 0.6333476949590692 0.4655036381169457 0.687921872755996 0.3906420450604072 0.6808403857981754 0.39236293512675274 0.6216368739896383
0 0.21597170332634855 0.44825516083606587 0.21769259339269384 0.38764204160351606 0.12873674059787849 0.3744075829383886 0.12632594021215043 0.4415481832543444
0 0.16682738669238187 0.523696682464455 0.2237157086249028 0.5271931765807817 0.22199481855855746 0.459532020228168 0.13452266152362585 0.4549763033175355 0.13404050144648022 0.5157977883096366 0.1403085824493732 0.5229067930489731
0 0.226297043724421 0.5892159032373443 0.22199481855855746 0.5314219988528202 0.13934426229508196 0.5244865718799369 0.1398264223722276 0.5853080568720379 0.17208900663454066 0.590625510661357
0 0.16200578592092574 0.6721958925750395 0.22629704372442094 0.6766115635261369 0.22715748875759367 0.6117696220215489 0.14513018322082932 0.5987361769352291 0.13066538090646093 0.6003159557661928 0.12825458052073288 0.6642969984202212
0 0.22715748875759367 0.7372246827586868 0.22715748875759367 0.6836596006462009 0.1298049358732882 0.669826224328594 0.12835845564185136 0.7274881516587678
0 0.14754098360655737 0.8033175355450237 0.2219948185585574 0.8062954465353134 0.22887837882393908 0.7456823273027635 0.1325940212150434 0.7345971563981043 0.13114754098360656 0.7985781990521327
0 0.8187954764618217 0.0631911532385466 0.8179188217761023 0.12925463162429984 0.900324362233716 0.14218009478672985 0.900324362233716 0.07468045382737327
0 0.9125975278337862 0.1522332328019532 0.9897431401770842 0.1522332328019532 0.9906197948628035 0.2211690363349131 0.9099675637766282 0.21398822346689642
0 0.9134741825195054 0.22260519890851643 0.9888664854913648 0.2355306620709464 0.9844832120627683 0.3044664656039064 0.9099675637766285 0.2857963521470631
0 0.894187779433681 0.14505241993393653 0.8924344700622423 0.2154243860404998 0.817918821776102 0.20393508545167313 0.8170421670903827 0.13643544449231654
0 0.8100289296046288 0.1349992819187132 0.7320066625756115 0.1263823064770932 0.7302533532041726 0.19388194743644974 0.8091522749189095 0.19819043515725981
0 0.6487244674322784 0.11489300588826654 0.6487244674322783 0.1780841591268131 0.7267467344612956 0.1867011345684331 0.7267467344612957 0.12207381875628318
0 0.564565617603226 0.17377567140600317 0.5575523801174717 0.24127531236535973 0.6425878846322433 0.25563693810139304 0.6460945033751204 0.1938819474364498
0 0.5522924520031559 0.26569007611661644 0.6311913737178924 0.2699985638374264 0.6311913737178924 0.3346258796495763 0.5566757254317524 0.3346258796495763
0 0.5514157973174366 0.2714347264110297 0.46813360217410366 0.26281775096940974 0.4698869115455422 0.3317535545023696 0.5514157973174365 0.3360620422231797
0 0.03769615148592967 0.23696682464454977 0.11308845445778903 0.24271147493896303 0.10607521697203467 0.311647278471923 0.04207942491452612 0.298721815309493
0 0.045586043657403326 0.3173919287663364 0.12536162005785914 0.3130834410455264 0.1236083106864206 0.3820192445784863 0.047339353028841916 0.380583082004883
0 0.21683214835952125 0.3101136332828128 0.23059926889028443 0.24527169177822467 0.15091610414657666 0.2211690363349131 0.13355834136933462 0.2132701421800948 0.12729026036644167 0.2772511848341232 0.13934426229508196 0.2859399684044234
0 0.2176925933926939 0.3791843970594393 0.22199481855855743 0.3242097075229406 0.13851144034364862 0.3059026281775097 0.12729026036644167 0.3135860979462875 0.12632594021215043 0.36729857819905215
0 0.13886210221793635 0.868088467614534 0.21597170332634857 0.8711373880399014 0.2211343735253847 0.8119338762313644 0.14609450337512053 0.8025276461295419 0.1325940212150434 0.8009478672985783 0.12921890067502412 0.8048973143759873 0.13018322082931533 0.8617693522906793
0 0.14271938283510124 0.9375987361769352 0.21425081326000303 0.9402081518165278 0.21339036822683036 0.8838238548560163 0.1325940212150434 0.8704581358609794 0.13114754098360656 0.9344391785150079
0 0.029893924783027964 0.8870458135860979 0.052073288331726135 0.834913112164297 0.05014464802314368 0.7969984202211691 0.05400192864030858 0.7733017377567141 0.05084597177171914 0.7740916271721957 0.04383273428596477 0.7654746517305758 0.021039712457263108 0.7511130259945424 0.015429122468659595 0.7496050552922591 0 0.8459715639810427 0.0014464802314368371 0.8704581358609794
0 0.46383799421407906 0.6121642969984202 0.46576663452266154 0.54739336492891 0.461427193828351 0.5434439178515008 0.4561234329797493 0.54739336492891 0.39236293512675274 0.538470035972884 0.3906420450604073 0.6117696220215489