0 0.23002421307506055 0.14237668161434977 0.4539951573849879 0.13228699551569506 0.46973365617433416 0.12219730941704036 0.46731234866828086 0.08408071748878924 0.4491525423728814 0.07847533632286996 0.21428571428571427 0.09192825112107623 0.2009685230024213 0.1132286995515695 0.19854721549636803 0.14013452914798205
0 0.7360774818401937 0.13340807174887892 0.7433414043583535 0.1109865470852018 0.7372881355932204 0.08520179372197309 0.4721549636803874 0.08408071748878924 0.4721549636803874 0.11547085201793722 0.49031476997578693 0.13004484304932734
0 1 0.1446188340807175 1 0.10650224215246637 0.9745762711864406 0.08968609865470852 0.7433414043583535 0.08856502242152467 0.7469733656174334 0.13452914798206278
0 0.9878934624697336 0.19394618834080718 0.986682808716707 0.14798206278026907 0.7663438256658596 0.1367713004484305 0.738498789346247 0.14237668161434977 0.7421307506053268 0.1860986547085202
0 0.7312348668280871 0.1827354260089686 0.7300242130750605 0.13452914798206278 0.4648910411622276 0.13565022421524664 0.47094430992736075 0.18161434977578475
0 0.23728813559322035 0.19394618834080718 0.4539951573849879 0.18834080717488788 0.46246973365617433 0.1827354260089686 0.46246973365617433 0.14013452914798205 0.4467312348668281 0.13452914798206278 0.1973365617433414 0.14573991031390135 0.19854721549636803 0.18946188340807174
0 0.22518159806295399 0.24327354260089687 0.45641646489104115 0.23766816143497757 0.4600484261501211 0.1961883408071749 0.19491525423728814 0.19506726457399104 0.19128329297820823 0.24103139013452915
0 0.33171912832929784 0.29260089686098656 0.45883777239709445 0.289237668161435 0.4600484261501211 0.24327354260089687 0.19128329297820823 0.24775784753363228 0.1973365617433414 0.2937219730941704
0 0.6634382566585957 0.2858744394618834 0.7276029055690073 0.2825112107623318 0.7288135593220338 0.24103139013452915 0.46246973365617433 0.24103139013452915 0.4661016949152542 0.28475336322869954
0 0.9878934624697336 0.29035874439461884 0.986682808716707 0.24663677130044842 0.7360774818401937 0.24103139013452915 0.7397094430992736 0.28475336322869954
0 0.9903147699757869 0.24327354260089687 0.9891041162227603 0.19730941704035873 0.7360774818401937 0.18946188340807174 0.7372881355932204 0.23542600896860988
0 0.5084745762711864 0.2365470852017937 0.7276029055690073 0.23542600896860988 0.7336561743341404 0.19394618834080718 0.7276029055690073 0.1860986547085202 0.4661016949152542 0.1860986547085202 0.46246973365617433 0.2320627802690583
0 0.4043583535108959 0.34641255605381166 0.45883777239709445 0.3452914798206278 0.4600484261501211 0.29932735426008966 0.19612590799031476 0.3015695067264574 0.19854721549636803 0.3396860986547085 0.20702179176755447 0.3452914798206278
0 0.549636803874092 0.34417040358744394 0.7300242130750605 0.33856502242152464 0.7360774818401937 0.2948430493273543 0.635593220338983 0.289237668161435 0.46731234866828086 0.297085201793722 0.47336561743341404 0.3452914798206278
0 0.9878934624697336 0.34417040358744394 0.9975786924939467 0.32847533632286996 0.9975786924939467 0.3038116591928251 0.9891041162227603 0.29596412556053814 0.7445520581113801 0.28699551569506726 0.738498789346247 0.297085201793722 0.7397094430992736 0.336322869955157
0 0.9685230024213075 0.39349775784753366 0.9721549636803875 0.3475336322869955 0.7663438256658596 0.33856502242152464 0.7167070217917676 0.34641255605381166 0.7179176755447942 0.38789237668161436
0 0.5278450363196125 0.39349775784753366 0.7082324455205811 0.38789237668161436 0.7142857142857143 0.34641255605381166 0.4685230024213075 0.3452914798206278 0.4552058111380145 0.35538116591928254 0.4539951573849879 0.39461883408071746
0 0.44552058111380144 0.3957399103139013 0.44188861985472155 0.3475336322869955 0.18159806295399517 0.3508968609865471 0.18523002421307505 0.39461883408071746
0 0.324455205811138 0.44730941704035876 0.43946731234866826 0.4439461883408072 0.4430992736077482 0.4024663677130045 0.19975786924939468 0.3968609865470852 0.18159806295399517 0.43385650224215244 0.18765133171912832 0.4484304932735426
0 0.5932203389830508 0.4405829596412556 0.7082324455205811 0.437219730941704 0.7142857142857143 0.39125560538116594 0.44794188861985473 0.40022421524663676 0.4515738498789346 0.44170403587443946
0 0.9297820823244553 0.4405829596412556 0.9757869249394673 0.43609865470852016 0.9721549636803875 0.39461883408071746 0.7215496368038741 0.3957399103139013 0.725181598062954 0.437219730941704
0 0.9564164648910412 0.4876681614349776 0.9685230024213075 0.48318385650224216 0.9648910411622276 0.44170403587443946 0.7142857142857143 0.4428251121076233 0.7179176755447942 0.48654708520179374
0 0.5714285714285714 0.4899103139013453 0.7058111380145279 0.48878923766816146 0.7094430992736077 0.44730941704035876 0.44794188861985473 0.44730941704035876 0.4515738498789346 0.4910313901345291
0 0.3728813559322034 0.4943946188340807 0.43946731234866826 0.4910313901345291 0.4430992736077482 0.44730941704035876 0.18159806295399517 0.4517937219730942 0.1900726392251816 0.49551569506726456
0 0.22518159806295399 0.5459641255605381 0.4346246973365617 0.5448430493273543 0.44552058111380144 0.5392376681614349 0.44552058111380144 0.5033632286995515 0.44188861985472155 0.49551569506726456 0.18765133171912832 0.5 0.18886198547215496 0.5437219730941704
0 0.6368038740920097 0.5392376681614349 0.7082324455205811 0.5358744394618834 0.711864406779661 0.4943946188340807 0.4539951573849879 0.4910313901345291 0.44552058111380144 0.49887892376681614 0.4539951573849879 0.5403587443946188
0 0.9612590799031477 0.5347533632286996 0.9733656174334141 0.5257847533632287 0.9673123486682809 0.48878923766816146 0.7227602905569007 0.48654708520179374 0.7167070217917676 0.5011210762331838 0.7203389830508474 0.5336322869955157
0 0.7554479418886199 0.5908071748878924 0.9576271186440678 0.5852017937219731 0.9661016949152542 0.5751121076233184 0.9636803874092009 0.5414798206278026 0.715496368038741 0.5426008968609866 0.711864406779661 0.5885650224215246
0 0.5399515738498789 0.5952914798206278 0.7058111380145279 0.5896860986547086 0.7094430992736077 0.5459641255605381 0.4612590799031477 0.5448430493273543 0.44794188861985473 0.5571748878923767 0.4515738498789346 0.5964125560538116
0 0.25181598062953997 0.5975336322869955 0.44188861985472155 0.594170403587444 0.44552058111380144 0.5482062780269058 0.2627118644067797 0.547085201793722 0.1864406779661017 0.554932735426009 0.1900726392251816 0.5986547085201793
0 0.22760290556900725 0.6468609865470852 0.4346246973365617 0.6434977578475336 0.43825665859564167 0.602017937219731 0.2966101694915254 0.5964125560538116 0.17675544794188863 0.6042600896860987 0.18523002421307505 0.647982062780269
0 0.47699757869249393 0.6468609865470852 0.7106537530266344 0.6367713004484304 0.7142857142857143 0.5952914798206278 0.6937046004842615 0.5896860986547086 0.4539951573849879 0.5986547085201793 0.45278450363196127 0.6423766816143498
0 0.7530266343825666 0.6401345291479821 0.9552058111380145 0.6300448430493274 0.9661016949152542 0.6199551569506726 0.9661016949152542 0.5885650224215246 0.7227602905569007 0.594170403587444 0.7191283292978208 0.6311659192825112
0 0.7506053268765133 0.6849775784753364 0.9527845036319612 0.6748878923766816 0.9564164648910412 0.6356502242152466 0.7082324455205811 0.6434977578475336 0.7070217917675545 0.6804932735426009
0 0.4891041162227603 0.6917040358744395 0.7009685230024213 0.6838565022421524 0.7021791767554479 0.6446188340807175 0.4491525423728814 0.647982062780269 0.44552058111380144 0.6894618834080718
0 0.3559322033898305 0.6894618834080718 0.43946731234866826 0.6860986547085202 0.43825665859564167 0.6468609865470852 0.18401937046004843 0.6513452914798207 0.18765133171912832 0.6905829596412556
0 0.3704600484261501 0.7365470852017937 0.43946731234866826 0.7309417040358744 0.4430992736077482 0.6917040358744395 0.1864406779661017 0.6939461883408071 0.18886198547215496 0.7298206278026906 0.1973365617433414 0.7376681614349776
0 0.4915254237288136 0.7365470852017937 0.7009685230024213 0.726457399103139 0.7046004842615012 0.6894618834080718 0.698547215496368 0.6838565022421524 0.4491525423728814 0.695067264573991 0.44794188861985473 0.7320627802690582
0 0.7675544794188862 0.7298206278026906 0.950363196125908 0.7219730941704036 0.9588377723970944 0.7141255605381166 0.9588377723970944 0.6827354260089686 0.8728813559322034 0.679372197309417 0.7094430992736077 0.6894618834080718 0.7130750605326877 0.7309417040358744
0 0.7917675544794189 0.7724215246636771 0.9479418886198547 0.7645739910313901 0.9515738498789347 0.7298206278026906 0.8995157384987893 0.7242152466367713 0.7070217917675545 0.7365470852017937 0.7130750605326877 0.773542600896861
0 0.5399515738498789 0.7791479820627802 0.6961259079903148 0.773542600896861 0.7021791767554479 0.734304932735426 0.6815980629539952 0.7286995515695067 0.47094430992736075 0.7376681614349776 0.44794188861985473 0.7455156950672646 0.4515738498789346 0.7802690582959642
0 0.4939467312348668 0.82847533632287 0.6937046004842615 0.8228699551569507 0.6997578692493946 0.7858744394618834 0.6937046004842615 0.7757847533632287 0.44552058111380144 0.7858744394618834 0.4491525423728814 0.8295964125560538
0 0.7990314769975787 0.8172645739910314 0.950363196125908 0.8116591928251121 0.9564164648910412 0.7724215246636771 0.923728813559322 0.7668161434977578 0.7094430992736077 0.7769058295964125 0.7106537530266344 0.8183856502242153
0 0.7395337963006495 0.8625733183446131 0.9334140435835351 0.8542600896860987 0.954585141394565 0.8503142844727886 0.952806045178816 0.8124044513464627 0.9116222760290557 0.8139013452914798 0.7017274248365375 0.8197187687988994 0.7021791767554479 0.8621076233183856
0 0.4721549636803874 0.8733183856502242 0.6864406779661016 0.8654708520179372 0.6949152542372882 0.8621076233183856 0.6949152542372882 0.8262331838565022 0.4467312348668281 0.8318385650224215 0.44552058111380144 0.8710762331838565
0 0.35108958837772397 0.8733183856502242 0.43946731234866826 0.8721973094170403 0.4406779661016949 0.8329596412556054 0.18886198547215496 0.8329596412556054 0.19491525423728814 0.8721973094170403
0 0.36803874092009686 0.9159192825112108 0.44188861985472155 0.9147982062780269 0.4430992736077482 0.875560538116592 0.19128329297820823 0.8778026905829597 0.1973365617433414 0.9103139013452914
0 0.5447941888619855 0.9114349775784754 0.7009685230024213 0.905829596412556 0.7021791767554479 0.8733183856502242 0.6791767554479419 0.8654708520179372 0.45036319612590797 0.8778026905829597 0.4539951573849879 0.9125560538116592
0 0.7536897525603544 0.903695071368571 0.9544205081103885 0.8941377384055601 0.9544205081103885 0.8781646611899153 0.9544205081103885 0.8499045942897524 0.7064105151670869 0.8667992051059651 0.7077367768190002 0.9055032179250835
0 0.7602905569007264 0.945067264573991 0.9430992736077481 0.9327354260089686 0.9539951573849879 0.922645739910314 0.9539951573849879 0.8957399103139013 0.711864406779661 0.9069506726457399 0.7130750605326877 0.9461883408071748
0 0.5326876513317191 0.9540358744394619 0.7009685230024213 0.9461883408071748 0.7046004842615012 0.9114349775784754 0.6380145278450363 0.905829596412556 0.45036319612590797 0.9159192825112108 0.4539951573849879 0.9551569506726457
0 0.937046004842615 0.9831838565022422 0.9491525423728814 0.9742152466367713 0.9455205811138014 0.9439461883408071 0.9019370460048426 0.9394618834080718 0.7094430992736077 0.9517937219730942 0.7130750605326877 0.9798206278026906 0.7142482624568987 0.9877073072809706 0.788135593220339 0.984304932735426
0 0.6973365617433414 0.9988789237668162 0.711864406779661 0.9786995515695067 0.7009685230024213 0.9506726457399103 0.45278450363196127 0.9607623318385651 0.4539951573849879 1
0 0.45036319612590797 0.9988789237668162 0.45278450363196127 0.9742152466367713 0.44188861985472155 0.9596412556053812 0.2009685230024213 0.9652466367713004 0.2046004842615012 1
0 0.3365617433414044 0.9585201793721974 0.4443099273607748 0.9551569506726457 0.44794188861985473 0.9181614349775785 0.19612590799031476 0.9204035874439462 0.20217917675544794 0.9573991031390134
0 0.34624697336561744 0.82847533632287 0.43946731234866826 0.827354260089686 0.4430992736077482 0.7858744394618834 0.18886198547215496 0.7858744394618834 0.19491525423728814 0.827354260089686
0 0.38256658595641646 0.781390134529148 0.44188861985472155 0.7802690582959642 0.4430992736077482 0.7365470852017937 0.18886198547215496 0.7410313901345291 0.19249394673123488 0.7802690582959642
0 0.18886198547215496 0.24551569506726456 0.18765133171912832 0.19506726457399104 0 0.19147851504396157 0 0.24369992823776926
0 0.15254237288135594 0.2948430493273543 0.19128329297820823 0.29260089686098656 0.18523002421307505 0.24663677130044842 0.12832929782082325 0.25 0 0.24779572535100908 0 0.28875369648340726
0 0.15980629539951574 0.3486547085201794 0.1694915254237288 0.34641255605381166 0.1694915254237288 0.3015695067264574 0.13196125907990314 0.2982062780269058 0 0.2928494935966471 0 0.3358553632856653
0 0.16033607706611333 0.39626837070595256 0.18245139804074953 0.3921725735927127 0.18159806295399517 0.3486547085201794 0 0.34302300823383486 0 0.38090913153130324
0 0.16707021791767554 0.6872197309417041 0.18159806295399517 0.6804932735426009 0.1791767554479419 0.6513452914798207 0.1682808716707022 0.6434977578475336 0 0.6399682989437219 0 0.6799023207978101
0 0.16707021791767554 0.7365470852017937 0.18159806295399517 0.7230941704035875 0.1791767554479419 0.6917040358744395 0 0.6819502193544298 0 0.724956089043448
0 0.1864406779661017 0.7791479820627802 0.18765133171912832 0.7376681614349776 0 0.7321237339916178 0 0.7720577558457061
0 0.17675544794188863 0.82847533632287 0.1864406779661017 0.8262331838565022 0.18280871670702178 0.7825112107623319 0 0.7782014515155657 0 0.8232552197612035
0 0.18886198547215496 0.875560538116592 0.18523002421307505 0.8318385650224215 0.005528830243659058 0.8273510168744436 0.0055288302436591105 0.8703568865634617
0 0.18159806295399517 0.9114349775784754 0.18886198547215496 0.9091928251121076 0.18765133171912832 0.8766816143497758 0.004423064194927275 0.8744526836767014 0 0.90721906058262
0 0.1864406779661017 0.9585201793721974 0.19854721549636803 0.9540358744394619 0.19249394673123488 0.9147982062780269 0 0.9133627562524798 0 0.9502249302716381
0 0.19854721549636803 0.9988789237668162 0.19491525423728814 0.9596412556053812 0.0033172981461954388 0.9543207273848779 0.008846128389854567 0.9809434086209368 0.009951894438586368 0.9860631550124866 0.014374958633513643 0.9932307999606562
0 0.18886198547215496 0.19170403587443946 0.19019176038187235 0.14335289896339368 0 0.1382331525718439 1.720442459467555e-17 0.19045456576565162
0 0.7482919906574242 0.0798583885491149 1 0.08600134151443145 1 0.03317194601270929 0.7509455083547913 0.024571811861266137
0 0.46569235588786506 0.029486174233519357 0.736351161019274 0.035629127198835896 0.7323708844732241 0.08354416032830483 0.4603853204931318 0.0749440261768617
0 0.44313745546024774 0.031943355419645963 0.18972651536172294 0.03808630838496249 0.1883997565130396 0.09337288507281127 0.44579097315761457 0.07740120736298829