0 0.9810066476733144 0.48823529411764705 0.9876543209876543 0.3862745098039216 0.9862298195631529 0.32941176470588235 0.9264007597340931 0.29411764705882354 0.912630579297246 0.30392156862745096 0.9093067426400759 0.45098039215686275
0 0.9753086419753086 0.6568627450980392 0.98005698005698 0.6215686274509804 0.9814814814814815 0.49411764705882355 0.9292497625830959 0.4745098039215686 0.9050332383665717 0.4843137254901961 0.902659069325736 0.6352941176470588
0 0.9772079772079773 0.8333333333333334 0.9829059829059829 0.7 0.9795821462488129 0.6627450980392157 0.9031339031339032 0.6450980392156863 0.8983855650522318 0.7666666666666667 0.9007597340930674 0.807843137254902
0 0.9696106362773029 0.9941176470588236 0.97340930674264 0.9549019607843138 0.9748338081671415 0.8392156862745098 0.9112060778727445 0.8156862745098039 0.8955365622032289 0.8294117647058824 0.896011396011396 0.9803921568627451
0 0.8584995251661919 0.9784313725490196 0.8926875593542261 0.9627450980392157 0.8922127255460589 0.8196078431372549 0.8209876543209876 0.803921568627451 0.8138651471984806 0.8137254901960784 0.811965811965812 0.9588235294117647 0.8152896486229819 0.9764705882352941
0 0.8926875593542261 0.8137254901960784 0.8974358974358975 0.7666666666666667 0.8979107312440646 0.6431372549019608 0.8195631528964862 0.6137254901960785 0.8181386514719848 0.7803921568627451 0.8608736942070275 0.8117647058823529
0 0.8974358974358975 0.6254901960784314 0.9007597340930674 0.4745098039215686 0.8243114909781576 0.44509803921568625 0.8205128205128205 0.5705882352941176 0.8228869895536562 0.6039215686274509 0.8684710351377019 0.6274509803921569
0 0.9031339031339032 0.46862745098039216 0.9097815764482431 0.36666666666666664 0.9083570750237417 0.30196078431372547 0.8309591642924976 0.2725490196078431 0.8276353276353277 0.43137254901960786 0.8618233618233618 0.4588235294117647
0 0.8205128205128205 0.43333333333333335 0.8262108262108262 0.35490196078431374 0.8247863247863247 0.2627450980392157 0.758309591642925 0.23529411764705882 0.7473884140550807 0.24509803921568626 0.741690408357075 0.37450980392156863 0.7450142450142451 0.4
0 0.8148148148148148 0.5941176470588235 0.8205128205128205 0.5705882352941176 0.8219373219373219 0.4392156862745098 0.7497625830959165 0.40784313725490196 0.7426400759734093 0.4176470588235294 0.7388414055080722 0.5470588235294118 0.7421652421652422 0.5764705882352941
0 0.8129154795821463 0.7666666666666667 0.8133903133903134 0.6 0.7359924026590693 0.5901960784313726 0.7355175688509021 0.7568627450980392
0 0.8091168091168092 0.9392156862745098 0.8129154795821463 0.8019607843137255 0.8105413105413105 0.7764705882352941 0.7331433998100665 0.7705882352941177 0.7336182336182336 0.9294117647058824
0 0.7274453941120608 0.9274509803921569 0.7302943969610636 0.9196078431372549 0.7321937321937322 0.8333333333333334 0.7298195631528965 0.7647058823529411 0.6533713200379867 0.7392156862745098 0.6528964862298196 0.9058823529411765
0 0.7302943969610636 0.7549019607843137 0.7336182336182336 0.592156862745098 0.654320987654321 0.5666666666666667 0.6519468186134852 0.7215686274509804 0.6927825261158594 0.7490196078431373
0 0.7350427350427351 0.5784313725490197 0.738366571699905 0.41568627450980394 0.6614434947768281 0.39215686274509803 0.6571699905033238 0.4019607843137255 0.6524216524216524 0.515686274509804 0.6547958214624882 0.5607843137254902
0 0.7369420702754036 0.4137254901960784 0.741690408357075 0.28431372549019607 0.7393162393162394 0.24705882352941178 0.6590693257359924 0.22156862745098038 0.6595441595441596 0.39215686274509803
0 0.6172839506172839 0.37450980392156863 0.6562203228869895 0.3627450980392157 0.6538461538461539 0.20392156862745098 0.5745489078822412 0.20980392156862746 0.5769230769230769 0.37254901960784315
0 0.6448243114909782 0.5588235294117647 0.6486229819563153 0.5352941176470588 0.6481481481481481 0.39215686274509803 0.6215574548907882 0.3803921568627451 0.5688509021842355 0.39019607843137255 0.570275403608737 0.5450980392156862
0 0.6457739791073125 0.7392156862745098 0.6495726495726496 0.6333333333333333 0.6471984805318138 0.5725490196078431 0.5759734093067427 0.5450980392156862 0.5688509021842355 0.5549019607843138 0.567426400759734 0.7176470588235294 0.5968660968660968 0.7372549019607844
0 0.6381766381766382 0.9156862745098039 0.6505223171889839 0.9 0.6500474833808167 0.7450980392156863 0.5698005698005698 0.7470588235294118 0.5712250712250713 0.9058823529411765
0 0.5650522317188984 0.9 0.5688509021842355 0.7627450980392156 0.5664767331433999 0.7333333333333333 0.4881291547958215 0.7274509803921568 0.4843304843304843 0.8098039215686275 0.48670465337132 0.8823529411764706
0 0.5612535612535613 0.7313725490196078 0.5650522317188984 0.6725490196078432 0.5626780626780626 0.5647058823529412 0.48670465337132 0.5411764705882353 0.48338081671415006 0.5509803921568628 0.4829059829059829 0.7098039215686275
0 0.5650522317188984 0.5588235294117647 0.567426400759734 0.39215686274509803 0.48717948717948717 0.37450980392156863 0.48575498575498577 0.5411764705882353
0 0.5679012345679012 0.3784313725490196 0.5735992402659069 0.37058823529411766 0.5721747388414055 0.20784313725490197 0.4928774928774929 0.20588235294117646 0.49335232668566004 0.3686274509803922
0 0.5698005698005698 0.19019607843137254 0.5745489078822412 0.1784313725490196 0.5745489078822412 0.025490196078431372 0.5657305657305658 0.028011204481793034 0.49382716049382713 0.00196078431372549 0.4943019943019943 0.17647058823529413
0 0.48717948717948717 0.20980392156862746 0.4928774928774929 0.07647058823529412 0.4965404965404967 0.0672268907563024 0.48975715642382306 0.05042016806722657 0.4131054131054131 0.00196078431372549 0.4074074074074074 0.11960784313725491 0.4097815764482431 0.17647058823529413
0 0.4805318138651472 0.38235294117647056 0.48338081671415006 0.37450980392156863 0.48670465337132 0.21176470588235294 0.4097815764482431 0.17647058823529413 0.40645773979107314 0.18627450980392157 0.4017094017094017 0.32745098039215687 0.40408357075023743 0.3568627450980392
0 0.4748338081671415 0.5509803921568628 0.47863247863247865 0.5431372549019607 0.47910731244064575 0.3843137254901961 0.4069325735992403 0.3607843137254902 0.3998100664767331 0.37450980392156863 0.3983855650522317 0.5294117647058824
0 0.47863247863247865 0.7313725490196078 0.48148148148148145 0.711764705882353 0.48100664767331436 0.5607843137254902 0.4154795821462488 0.5372549019607843 0.4017094017094017 0.5470588235294118 0.399335232668566 0.7019607843137254
0 0.4757834757834758 0.9 0.4734093067426401 0.7333333333333333 0.40408357075023743 0.7215686274509804 0.39411206077872746 0.7352941176470589 0.3950617283950617 0.8921568627450981 0.3983855650522317 0.9019607843137255
0 0.39316239316239315 0.8960784313725491 0.392687559354226 0.7333333333333333 0.3224121557454891 0.7098039215686275 0.3143399810066477 0.7235294117647059 0.3148148148148148 0.8784313725490196
0 0.38746438746438744 0.7235294117647059 0.3903133903133903 0.707843137254902 0.39078822412155745 0.5607843137254902 0.33000949667616336 0.5411764705882353 0.3114909781576448 0.5509803921568628 0.31196581196581197 0.7019607843137254
0 0.3912630579297246 0.5509803921568628 0.3950617283950617 0.5392156862745098 0.3945868945868946 0.3843137254901961 0.3328584995251662 0.36470588235294116 0.31718898385565053 0.37450980392156863 0.3148148148148148 0.5254901960784314 0.35565052231718897 0.5490196078431373
0 0.12630579297245964 0.8686274509803922 0.1429249762583096 0.8666666666666667 0.14814814814814814 0.8529411764705882 0.14577397910731243 0.6823529411764706 0.0731244064577398 0.6803921568627451 0.06932573599240266 0.711764705882353 0.07075023741690409 0.8470588235294118
0 0.22602089268755934 0.8686274509803922 0.2288698955365622 0.8333333333333334 0.22744539411206077 0.7019607843137254 0.19420702754036087 0.6901960784313725 0.14909781576448244 0.7 0.15147198480531815 0.8588235294117647
0 0.22697056030389365 0.692156862745098 0.22839506172839505 0.5058823529411764 0.21889838556505223 0.5176470588235295 0.14909781576448244 0.5196078431372549 0.15147198480531815 0.6784313725490196
0 0.30484330484330485 0.8725490196078431 0.3124406457739791 0.8529411764705882 0.31054131054131057 0.7235294117647059 0.30721747388414056 0.7058823529411765 0.23076923076923078 0.711764705882353 0.23599240265906932 0.8705882352941177
0 0.9124114252319379 0.12066365007541491 0.9920374022938124 0.16892911010558065 0.9847322667835489 0.34087481146304677 0.9094893710278324 0.2805429864253394
0 0.8327854481700634 0.11161387631975864 0.829863393965958 0.2805429864253393 0.9072978303747536 0.29562594268476633 0.9116809116809117 0.13876319758672723
0 0.7516984440061362 0.0603318250377074 0.8247497991087734 0.11764705882352952 0.8240192855577472 0.26546003016591274 0.7465848491489517 0.21719457013574658
0 0.6633063043319453 0.06334841628959278 0.6640368178829718 0.2171945701357466 0.7407407407407407 0.2383107088989441 0.7407407407407406 0.0784313725490196
0 0.6596537365768134 0.04223227752639519 0.5771057053108336 0.03318250377073903 0.5792972459639125 0.19306184012066382 0.6611147636788662 0.2021116138763196 0.6596537365768135 0.057315233785821915
0 0.3206954489005771 0.1990950226244343 0.39593834465629335 0.21719457013574658 0.3944773175542406 0.3740573152337857 0.3199649353495507 0.36500754147812964
0 0.31119877273723434 0.3408748114630468 0.23303382277741255 0.31372549019607837 0.2344948498794653 0.4766214177978883 0.3141208269413397 0.5037707390648567
0 0.2249981737161224 0.3559577677224735 0.14318065600116883 0.3559577677224735 0.14902476440937978 0.5098039215686272 0.22280663306304332 0.5218702865761687
0 0.2330338227774125 0.5248868778280543 0.3111987727372343 0.5429864253393667 0.30608517788004974 0.6938159879336352 0.23011176857330698 0.6968325791855203
0 0.14318065600116886 0.5007541478129717 0.06793776024545256 0.5218702865761687 0.07378186865366355 0.6817496229260934 0.14610271020527432 0.6696832579185521
0 0.03506465044926584 0.383107088989442 0.07012930089853167 0.43740573152337864 0.05332748922492513 0.7360482654600303 0.01826283877565931 0.7028657616892908