0 0.8731182795698925 0.9818652849740933 0.9903225806451613 0.9740932642487047 0.9935483870967742 0.8937823834196891 0.8419354838709677 0.8963730569948186 0.8387096774193549 0.961139896373057 0.8483870967741935 0.9844559585492227
0 0.7419354838709677 0.9818652849740933 0.8311827956989247 0.9740932642487047 0.8365591397849462 0.8937823834196891 0.6709677419354839 0.8937823834196891 0.6688172043010753 0.9300518134715026 0.6806451612903226 0.9844559585492227
0 0.7913978494623656 0.8886010362694301 0.8365591397849462 0.8782383419689119 0.8333333333333334 0.7823834196891192 0.6752688172043011 0.7953367875647669 0.6806451612903226 0.8911917098445595
0 0.8494623655913979 0.8937823834196891 0.9903225806451613 0.8860103626943006 0.9935483870967742 0.8005181347150259 0.9774193548387097 0.7668393782383419 0.8397849462365592 0.772020725388601 0.8387096774193549 0.883419689119171
0 0.978494623655914 0.7590673575129534 0.9817204301075269 0.6735751295336787 0.8376344086021505 0.6735751295336787 0.8344086021505376 0.6968911917098446 0.8376344086021505 0.7616580310880829
0 0.9806451612903225 0.6658031088082902 0.9817204301075269 0.5803108808290155 0.8365591397849462 0.5932642487046632 0.8376344086021505 0.6683937823834197
0 0.946236559139785 0.5777202072538861 0.9817204301075269 0.5751295336787565 0.9849462365591398 0.5051813471502591 0.8365591397849462 0.5 0.8419354838709677 0.5803108808290155
0 0.9806451612903225 0.4896373056994819 0.9806451612903225 0.4119170984455959 0.9666666666666667 0.38860103626943004 0.8365591397849462 0.4015544041450777 0.8376344086021505 0.49222797927461137
0 0.9827956989247312 0.38082901554404147 0.986021505376344 0.29015544041450775 0.8365591397849462 0.2979274611398964 0.8365591397849462 0.36528497409326427 0.8569892473118279 0.38341968911917096
0 0.9591397849462365 0.2927461139896373 0.989247311827957 0.28756476683937826 0.9881720430107527 0.20207253886010362 0.8419354838709677 0.19689119170984457 0.8365591397849462 0.21502590673575128 0.8397849462365592 0.29015544041450775
0 0.7225806451612903 0.3860103626943005 0.8333333333333334 0.38341968911917096 0.8344086021505376 0.2927461139896373 0.6774193548387096 0.30310880829015546 0.6806451612903226 0.38860103626943004
0 0.12473118279569892 0.5051813471502591 0.17311827956989248 0.5025906735751295 0.18064516129032257 0.4844559585492228 0.17849462365591398 0.4170984455958549 0.023655913978494623 0.4170984455958549 0.023655913978494623 0.4948186528497409 0.03118279569892473 0.5077720207253886
0 0.33763440860215055 0.5103626943005182 0.33978494623655914 0.4378238341968912 0.3301075268817204 0.42487046632124353 0.18494623655913978 0.4274611398963731 0.1924731182795699 0.5129533678756477
0 0.4043010752688172 0.5155440414507773 0.5021505376344086 0.5129533678756477 0.5032258064516129 0.422279792746114 0.34623655913978496 0.4274611398963731 0.34946236559139787 0.5181347150259067
0 0.6731182795698925 0.5414507772020726 0.6720430107526881 0.45595854922279794 0.5075268817204301 0.4533678756476684 0.5129032258064516 0.5440414507772021
0 0.7397849462365591 0.5 0.8333333333333334 0.49740932642487046 0.8344086021505376 0.4015544041450777 0.6795698924731183 0.4015544041450777 0.6806451612903226 0.49740932642487046
0 0.7784946236559139 0.5932642487046632 0.8333333333333334 0.5906735751295337 0.8344086021505376 0.5 0.6795698924731183 0.5051813471502591 0.6827956989247311 0.5958549222797928
0 0.8301075268817204 0.6917098445595855 0.8354838709677419 0.5958549222797928 0.6774193548387096 0.6036269430051814 0.6806451612903226 0.694300518134715
0 0.6881720430107527 0.7849740932642487 0.8311827956989247 0.7772020725388601 0.8344086021505376 0.7072538860103627 0.6806451612903226 0.694300518134715 0.6752688172043011 0.7746113989637305
0 0.6731182795698925 0.6398963730569949 0.6720430107526881 0.5440414507772021 0.5096774193548387 0.5518134715025906 0.5150537634408602 0.6424870466321243
0 0.6709677419354839 0.7331606217616581 0.6720430107526881 0.6424870466321243 0.5623655913978495 0.6373056994818653 0.5118279569892473 0.655440414507772 0.5172043010752688 0.7357512953367875
0 0.5591397849462365 0.8160621761658031 0.6591397849462366 0.8134715025906736 0.6666666666666666 0.805699481865285 0.6688172043010753 0.7435233160621761 0.5118279569892473 0.7383419689119171 0.5129032258064516 0.8134715025906736
0 0.546236559139785 0.9093264248704663 0.6655913978494624 0.9015544041450777 0.6675186119951675 0.8128588996469536 0.5150537634408602 0.8186528497409327 0.513978494623656 0.9041450777202072
0 0.43010752688172044 0.9093264248704663 0.5064516129032258 0.9067357512953368 0.5075268817204301 0.8160621761658031 0.35268817204301073 0.8212435233160622 0.35376344086021505 0.9067357512953368
0 0.5010752688172043 0.8160621761658031 0.5075268817204301 0.810880829015544 0.5064516129032258 0.7305699481865285 0.35268817204301073 0.7383419689119171 0.3580645161290323 0.8134715025906736
0 0.46236559139784944 0.727979274611399 0.5064516129032258 0.7253886010362695 0.5075268817204301 0.6347150259067358 0.3548387096774194 0.6450777202072538 0.3580645161290323 0.7305699481865285
0 0.35913978494623655 0.6347150259067358 0.5043010752688172 0.6321243523316062 0.5075268817204301 0.5414507772020726 0.5021505376344086 0.5181347150259067 0.35161290322580646 0.5233160621761658 0.35053763440860214 0.6295336787564767
0 0.34623655913978496 0.6295336787564767 0.34301075268817205 0.5181347150259067 0.1924731182795699 0.5181347150259067 0.1870967741935484 0.5414507772020726 0.18587810376565375 0.6300437268468198 0.2053763440860215 0.6321243523316062
0 0.34408602150537637 0.727979274611399 0.34516129032258064 0.6373056994818653 0.18924731182795698 0.6295336787564767 0.1924731182795699 0.7305699481865285
0 0.17419354838709677 0.6191709844559585 0.17311827956989248 0.5077720207253886 0.03333333333333333 0.5129533678756477 0.020693940356298277 0.5358090720445503 0.02225774387702039 0.6206202613665928
0 0.17634408602150536 0.7124352331606217 0.17311827956989248 0.6217616580310881 0.02903225806451613 0.6217616580310881 0.023655913978494623 0.6450777202072538 0.024731182795698924 0.7150259067357513
0 0.1913978494623656 0.8782383419689119 0.19032258064516128 0.7927461139896373 0.04086021505376344 0.7953367875647669 0.043010752688172046 0.8678756476683938 0.054838709677419356 0.8808290155440415
0 0.27956989247311825 0.9093264248704663 0.34516129032258064 0.9067357512953368 0.34838709677419355 0.8264248704663213 0.1935483870967742 0.8212435233160622 0.1967741935483871 0.9119170984455959
0 0.34408602150537637 0.8160621761658031 0.34516129032258064 0.7305699481865285 0.1913978494623656 0.7383419689119171 0.1967741935483871 0.8134715025906736
0 0.7533978494623655 0.2444041450777202 0.1576989247311828 0.0949740932642487
0 0.9154193548387097 0.14419689119170984 0.15053763440860216 0.10191709844559586
0 0.9139784946236559 0.05528497409326425 0.15053763440860216 0.09326424870466321
0 0.589247311827957 0.3963730569948187 0.1576989247311828 0.10533678756476683
0 0.42509677419354835 0.3799481865284974 0.1576989247311828 0.10015544041450776
0 0.2605806451612903 0.3765284974093264 0.15843010752688172 0.09326424870466321
0 0.09462365591397849 0.36875647668393785 0.14767741935483872 0.08808290155440414
0 0.11468817204301075 0.7573575129533678 0.14479569892473118 0.08461139896373056