0 0.21826923076923077 0.696078431372549 0.21971153846153846 0.5176470588235295 0.14038461538461539 0.5196078431372549 0.14182692307692307 0.6823529411764706
0 0.1346153846153846 0.8725490196078431 0.13846153846153847 0.8568627450980392 0.13701923076923078 0.6901960784313725 0.06394230769230769 0.6784313725490196 0.06057692307692308 0.692156862745098 0.057692307692307696 0.8333333333333334 0.06298076923076923 0.8588235294117647
0 0.21634615384615385 0.8725490196078431 0.2201923076923077 0.8372549019607843 0.21778846153846154 0.7058823529411765 0.13942307692307693 0.7 0.14086538461538461 0.8627450980392157
0 0.3019230769230769 0.8764705882352941 0.30480769230769234 0.8450980392156863 0.3038461538461538 0.7431372549019608 0.29951923076923076 0.7098039215686275 0.2221153846153846 0.7196078431372549 0.2264423076923077 0.8745098039215686
0 0.38653846153846155 0.38235294117647056 0.39134615384615384 0.3431372549019608 0.3918269230769231 0.2196078431372549 0.3524038461538462 0.20392156862745098 0.3105769230769231 0.20980392156862746 0.3076923076923077 0.3352941176470588 0.3110576923076923 0.36470588235294116
0 0.38461538461538464 0.5549019607843138 0.38846153846153847 0.5313725490196078 0.3889423076923077 0.39215686274509803 0.3235576923076923 0.3686274509803922 0.3096153846153846 0.3784313725490196 0.3072115384615385 0.5294117647058824
0 0.3778846153846154 0.7313725490196078 0.3836538461538462 0.707843137254902 0.3841346153846154 0.5647058823529412 0.3038461538461538 0.5509803921568628 0.3019230769230769 0.6843137254901961 0.30625 0.7098039215686275
0 0.38653846153846155 0.9 0.38509615384615387 0.7333333333333333 0.3139423076923077 0.7137254901960784 0.30673076923076925 0.7274509803921568 0.30480769230769234 0.8647058823529412 0.30817307692307694 0.8823529411764706
0 0.5605769230769231 0.19411764705882353 0.5701923076923077 0.18627450980392157 0.5701923076923077 0.025490196078431372 0.5628698224852072 0.02714932126696848 0.48846153846153845 0.0058823529411764705 0.4889423076923077 0.1803921568627451
0 0.47596153846153844 0.38235294117647056 0.48173076923076924 0.2411764705882353 0.4793269230769231 0.21568627450980393 0.40192307692307694 0.19019607843137254 0.39807692307692305 0.22549019607843138 0.39663461538461536 0.3607843137254902
0 0.4721153846153846 0.5509803921568628 0.47596153846153844 0.4019607843137255 0.4735576923076923 0.38823529411764707 0.4043269230769231 0.3686274509803922 0.39326923076923076 0.3784313725490196 0.3918269230769231 0.5333333333333333
0 0.4721153846153846 0.7352941176470589 0.47596153846153844 0.7196078431372549 0.47451923076923075 0.5647058823529412 0.40721153846153846 0.5411764705882353 0.3951923076923077 0.5509803921568628 0.39278846153846153 0.7058823529411765
0 0.46923076923076923 0.903921568627451 0.46778846153846154 0.7372549019607844 0.3918269230769231 0.7294117647058823 0.3875 0.7470588235294118 0.3908653846153846 0.9019607843137255
0 0.5596153846153846 0.903921568627451 0.5644230769230769 0.7784313725490196 0.5620192307692308 0.7372549019607844 0.4826923076923077 0.7313725490196078 0.47884615384615387 0.8215686274509804 0.48125 0.8862745098039215
0 0.5576923076923077 0.7313725490196078 0.5591346153846154 0.5725490196078431 0.47884615384615387 0.5509803921568628 0.47836538461538464 0.7137254901960784
0 0.5596153846153846 0.5666666666666667 0.5629807692307692 0.396078431372549 0.4879807692307692 0.37254901960784315 0.4807692307692308 0.38235294117647056 0.48125 0.5450980392156862
0 0.5634615384615385 0.38235294117647056 0.5692307692307692 0.37450980392156863 0.5668269230769231 0.21176470588235294 0.49182692307692305 0.2 0.4875 0.20980392156862746 0.4879807692307692 0.37254901960784315
0 0.614423076923077 0.3784313725490196 0.6528846153846154 0.3627450980392157 0.6495192307692308 0.20784313725490197 0.5701923076923077 0.21764705882352942 0.5725961538461538 0.3764705882352941
0 0.6403846153846153 0.5666666666666667 0.6451923076923077 0.5313725490196078 0.6447115384615385 0.396078431372549 0.6004807692307692 0.3843137254901961 0.5653846153846154 0.3941176470588235 0.5625 0.5313725490196078 0.5658653846153846 0.5490196078431373
0 0.6413461538461539 0.7431372549019608 0.6461538461538462 0.6333333333333333 0.6427884615384616 0.5725490196078431 0.5697115384615384 0.5490196078431373 0.5644230769230769 0.5588235294117647 0.5629807692307692 0.7215686274509804 0.5956730769230769 0.7411764705882353
0 0.6451923076923077 0.9156862745098039 0.6480769230769231 0.8960784313725491 0.6466346153846154 0.7490196078431373 0.5653846153846154 0.7509803921568627 0.5644230769230769 0.8725490196078431 0.5677884615384615 0.9137254901960784
0 0.7269230769230769 0.9274509803921569 0.7298076923076923 0.8098039215686275 0.7274038461538461 0.7686274509803922 0.6629807692307692 0.7411764705882353 0.6490384615384616 0.7509803921568627 0.6495192307692308 0.9098039215686274
0 0.7278846153846154 0.7588235294117647 0.7302884615384615 0.596078431372549 0.65 0.5745098039215686 0.6475961538461539 0.7254901960784313
0 0.7317307692307692 0.5823529411764706 0.7360576923076924 0.4196078431372549 0.6591346153846154 0.396078431372549 0.6528846153846154 0.40980392156862744 0.6480769230769231 0.5274509803921569 0.6514423076923077 0.5647058823529412
0 0.7326923076923076 0.4176470588235294 0.7365384615384616 0.4019607843137255 0.739423076923077 0.2803921568627451 0.7360576923076924 0.25098039215686274 0.6548076923076923 0.22549019607843138 0.65625 0.396078431372549
0 0.9807692307692307 0.492156862745098 0.9855769230769231 0.46078431372549017 0.989423076923077 0.37058823529411766 0.9850961538461539 0.32941176470588235 0.9264423076923077 0.2980392156862745 0.9125 0.307843137254902 0.9076923076923077 0.40980392156862744 0.9091346153846154 0.4549019607843137
0 0.975 0.6607843137254902 0.9798076923076923 0.6529411764705882 0.9817307692307692 0.6254901960784314 0.9822115384615384 0.4980392156862745 0.9274038461538462 0.47843137254901963 0.9048076923076923 0.48823529411764705 0.9024038461538462 0.6392156862745098
0 0.9778846153846154 0.8372549019607843 0.9836538461538461 0.696078431372549 0.9802884615384615 0.6627450980392157 0.9028846153846154 0.6529411764705882 0.8980769230769231 0.7627450980392156 0.9004807692307693 0.8117647058823529
0 0.9711538461538461 0.9941176470588236 0.9769230769230769 0.8686274509803922 0.9745192307692307 0.8392156862745098 0.9110576923076923 0.8196078431372549 0.8971153846153846 0.8372549019607843 0.8947115384615385 0.9803921568627451 0.9158653846153846 0.996078431372549
0 0.8557692307692307 0.9823529411764705 0.8923076923076924 0.9666666666666667 0.8908653846153847 0.8235294117647058 0.8389423076923077 0.807843137254902 0.8115384615384615 0.8215686274509804 0.8105769230769231 0.9549019607843138 0.8149038461538461 0.9803921568627451
0 0.8048076923076923 0.9470588235294117 0.8086538461538462 0.9392156862745098 0.8096153846153846 0.9117647058823529 0.8091346153846154 0.7803921568627451 0.7341346153846153 0.7647058823529411 0.7307692307692307 0.7745098039215687 0.73125 0.9333333333333333
0 0.8115384615384615 0.7705882352941177 0.8110576923076923 0.6039215686274509 0.7336538461538461 0.5941176470588235 0.7322115384615384 0.7607843137254902
0 0.8125 0.5980392156862745 0.8192307692307692 0.5784313725490197 0.8197115384615384 0.4392156862745098 0.7413461538461539 0.4176470588235294 0.7370192307692308 0.5725490196078431 0.7649038461538461 0.592156862745098
0 0.8201923076923077 0.4372549019607843 0.8259615384615384 0.3235294117647059 0.8235576923076923 0.26666666666666666 0.7552884615384615 0.23921568627450981 0.7485576923076923 0.23921568627450981 0.7442307692307693 0.2568627450980392 0.7403846153846154 0.36666666666666664 0.7427884615384616 0.403921568627451
0 0.9028846153846154 0.4725490196078431 0.9096153846153846 0.36666666666666664 0.9081730769230769 0.3058823529411765 0.8288461538461539 0.27647058823529413 0.825 0.4176470588235294 0.8274038461538461 0.4392156862745098
0 0.8971153846153846 0.6294117647058823 0.9004807692307693 0.47843137254901963 0.8274038461538461 0.4392156862745098 0.823076923076923 0.44901960784313727 0.8192307692307692 0.5784313725490197 0.8216346153846154 0.6078431372549019 0.8649038461538462 0.6313725490196078
0 0.8913461538461539 0.8215686274509804 0.8971153846153846 0.7705882352941177 0.8975961538461539 0.6470588235294118 0.8206730769230769 0.611764705882353 0.8163461538461538 0.6254901960784314 0.8144230769230769 0.7705882352941177 0.8177884615384615 0.7843137254901961 0.8581730769230769 0.8156862745098039
0 0.9119822485207101 0.13574660633484162 0.9889053254437871 0.16591251885369537 0.9844674556213018 0.3318250377073908 0.907544378698225 0.29562594268476633
0 0.8298816568047336 0.10859728506787336 0.9082840236686389 0.1447963800904979 0.9060650887573966 0.2956259426847661 0.8298816568047337 0.2745098039215686
0 0.746301775147929 0.06938159879336356 0.8224852071005917 0.11463046757164412 0.8165680473372781 0.2684766214177981 0.7426035502958579 0.2292609351432881
0 0.6582840236686389 0.06636500754147817 0.7411242603550295 0.08748114630467582 0.7300295857988166 0.24434389140271487 0.6605029585798816 0.2171945701357466 0.658284023668639 0.042232277526395134
0 0.654585798816568 0.04826546003016596 0.5717455621301775 0.030165912518853782 0.5739644970414202 0.1900452488687784 0.6538461538461539 0.1990950226244343
0 0.4060650887573964 0.012066365007541546 0.48520710059171596 0.0723981900452488 0.4800295857988165 0.21116138763197587 0.4001479289940828 0.1930618401206638
0 0.22485207100591711 0.3227752639517345 0.30547337278106507 0.3469079939668176 0.30251479289940825 0.4886877828054299 0.22559171597633132 0.4766214177978882
0 0.2226331360946745 0.5339366515837104 0.2995562130177515 0.5520361990950227 0.2988165680473373 0.7119155354449472 0.22115384615384615 0.6938159879336354
0 0.1346153846153846 0.3619909502262443 0.21597633136094674 0.3559577677224734 0.21671597633136097 0.5248868778280543 0.13979289940828407 0.515837104072398
0 0.05695266272189348 0.5158371040723981 0.1331360946745562 0.5128205128205127 0.1383136094674556 0.678733031674208 0.06508875739644975 0.6726998491704373
0 0.021449704142011833 0.3921568627450979 0.05843195266272189 0.4434389140271493 0.03846153846153845 0.7541478129713425 0.0044378698224852185 0.7028657616892908