0 0.9742574257425742 0.17530487804878048 1 0.1722560975609756 0.999009900990099 0.11280487804878049 0.8752475247524752 0.11128048780487805 0.8742574257425743 0.17073170731707318
0 0.8613861386138614 0.18140243902439024 0.8712871287128713 0.13871951219512196 0.8663366336633663 0.11890243902439024 0.7346534653465346 0.11128048780487805 0.7356435643564356 0.17378048780487804
0 0.7207920792079208 0.1722560975609756 0.7306930693069307 0.16615853658536586 0.7297029702970297 0.10975609756097561 0.600990099009901 0.10060975609756098 0.594059405940594 0.11128048780487805 0.599009900990099 0.1676829268292683
0 0.592079207920792 0.16615853658536586 0.594059405940594 0.11432926829268293 0.5851485148514851 0.10060975609756098 0.4643564356435644 0.09451219512195122 0.45544554455445546 0.10518292682926829 0.45643564356435645 0.15853658536585366
0 0.4415841584158416 0.16615853658536586 0.4495049504950495 0.15091463414634146 0.44653465346534654 0.10365853658536585 0.31287128712871287 0.09908536585365854 0.31584158415841584 0.16463414634146342
0 0.29306930693069305 0.1600609756097561 0.29207920792079206 0.0975609756097561 0.15841584158415842 0.09603658536585366 0.1613861386138614 0.15548780487804878
0 0.15247524752475247 0.1600609756097561 0.15148514851485148 0.0975609756097561 0.054455445544554455 0.08536585365853659 0.027722772277227723 0.09298780487804878 0.032673267326732675 0.14939024390243902
0 0.14257425742574256 0.22408536585365854 0.15841584158415842 0.2149390243902439 0.15346534653465346 0.16158536585365854 0.023762376237623763 0.15396341463414634 0.023762376237623763 0.20579268292682926 0.034653465346534656 0.21951219512195122
0 0.26534653465346536 0.22408536585365854 0.297029702970297 0.21798780487804878 0.29207920792079206 0.16463414634146342 0.1603960396039604 0.16615853658536586 0.16237623762376238 0.21798780487804878 0.16930693069306932 0.22560975609756098
0 0.43564356435643564 0.2301829268292683 0.43267326732673267 0.1676829268292683 0.299009900990099 0.1722560975609756 0.30396039603960395 0.22865853658536586
0 0.5742574257425742 0.23628048780487804 0.5782178217821782 0.17835365853658536 0.5712871287128712 0.17378048780487804 0.4485148514851485 0.16463414634146342 0.4415841584158416 0.17530487804878048 0.44455445544554456 0.22865853658536586
0 0.7108910891089109 0.23628048780487804 0.7188118811881188 0.2301829268292683 0.7188118811881188 0.18140243902439024 0.7099009900990099 0.17378048780487804 0.5801980198019802 0.17530487804878048 0.5831683168316831 0.2347560975609756
0 0.8574257425742574 0.2423780487804878 0.8564356435643564 0.18292682926829268 0.7247524752475247 0.18140243902439024 0.7277227722772277 0.23780487804878048
0 0.9900990099009901 0.2423780487804878 0.996039603960396 0.18445121951219512 0.9891089108910891 0.17682926829268292 0.8801980198019802 0.17682926829268292 0.8653465346534653 0.1875 0.8702970297029703 0.24085365853658536
0 0.9920792079207921 0.3094512195121951 0.998019801980198 0.2576219512195122 0.9851485148514851 0.24390243902439024 0.8653465346534653 0.24847560975609756 0.8653465346534653 0.2972560975609756 0.8722772277227723 0.3048780487804878
0 0.8613861386138614 0.3094512195121951 0.8603960396039604 0.24390243902439024 0.7287128712871287 0.2423780487804878 0.7297029702970297 0.3048780487804878
0 0.689108910891089 0.30335365853658536 0.7227722772277227 0.2972560975609756 0.7198019801980198 0.23780487804878048 0.5881188118811881 0.24542682926829268 0.5891089108910891 0.3018292682926829
0 0.5762376237623762 0.30335365853658536 0.5861386138613861 0.2972560975609756 0.5831683168316831 0.24085365853658536 0.4495049504950495 0.2423780487804878 0.4495049504950495 0.28810975609756095 0.45841584158415843 0.29878048780487804
0 0.4415841584158416 0.2972560975609756 0.4425742574257426 0.2347560975609756 0.3089108910891089 0.23628048780487804 0.31386138613861386 0.29878048780487804
0 0.300990099009901 0.2972560975609756 0.30297029702970296 0.23323170731707318 0.296039603960396 0.22560975609756098 0.16831683168316833 0.23323170731707318 0.17326732673267325 0.29573170731707316
0 0.1485148514851485 0.2972560975609756 0.15841584158415842 0.2850609756097561 0.15544554455445544 0.22560975609756098 0.028712871287128714 0.21951219512195122 0.02178217821782178 0.23323170731707318 0.028712871287128714 0.2865853658536585
0 0.1603960396039604 0.3673780487804878 0.15742574257425743 0.3018292682926829 0.05643564356435644 0.2926829268292683 0.031683168316831684 0.3003048780487805 0.034653465346534656 0.3628048780487805
0 0.297029702970297 0.3673780487804878 0.296039603960396 0.3048780487804878 0.16633663366336635 0.30335365853658536 0.16633663366336635 0.35823170731707316 0.17326732673267325 0.3628048780487805
0 0.4297029702970297 0.3704268292682927 0.43564356435643564 0.3643292682926829 0.4306930693069307 0.3048780487804878 0.300990099009901 0.3125 0.30396039603960395 0.3719512195121951
0 0.5702970297029702 0.3704268292682927 0.5732673267326732 0.3079268292682927 0.4415841584158416 0.30335365853658536 0.44455445544554456 0.3597560975609756
0 0.6851485148514852 0.37652439024390244 0.7148514851485148 0.37347560975609756 0.7118811881188118 0.31402439024390244 0.5801980198019802 0.3155487804878049 0.5831683168316831 0.375
0 0.80990099009901 0.37652439024390244 0.8465346534653465 0.375 0.8495049504950495 0.31859756097560976 0.7168316831683168 0.3155487804878049 0.7198019801980198 0.375
0 0.8732673267326733 0.3795731707317073 0.9792079207920792 0.3780487804878049 0.9841584158415841 0.31859756097560976 0.8564356435643564 0.3170731707317073 0.8534653465346534 0.37652439024390244
0 0.9603960396039604 0.4405487804878049 0.9920792079207921 0.4375 0.9910891089108911 0.38109756097560976 0.8633663366336634 0.38871951219512196 0.8643564356435643 0.43902439024390244
0 0.8514851485148515 0.4405487804878049 0.8524752475247525 0.38109756097560976 0.7247524752475247 0.3826219512195122 0.7277227722772277 0.4420731707317073
0 0.7188118811881188 0.44359756097560976 0.7178217821782178 0.38414634146341464 0.5861386138613861 0.3826219512195122 0.5871287128712871 0.43902439024390244
0 0.5782178217821782 0.4405487804878049 0.5772277227722772 0.38109756097560976 0.44752475247524753 0.37347560975609756 0.44554455445544555 0.42835365853658536 0.4524752475247525 0.43597560975609756
0 0.4396039603960396 0.4405487804878049 0.44554455445544555 0.43140243902439024 0.4405940594059406 0.3719512195121951 0.3089108910891089 0.3795731707317073 0.3118811881188119 0.43597560975609756
0 0.299009900990099 0.4375 0.300990099009901 0.3795731707317073 0.29405940594059404 0.3719512195121951 0.16831683168316833 0.37347560975609756 0.1712871287128713 0.4298780487804878
0 0.15841584158415842 0.43140243902439024 0.15742574257425743 0.3719512195121951 0.031683168316831684 0.3704268292682927 0.031683168316831684 0.4222560975609756 0.03861386138613861 0.4298780487804878
0 0.15841584158415842 0.4923780487804878 0.1594059405940594 0.43597560975609756 0.031683168316831684 0.4344512195121951 0.03663366336633663 0.4878048780487805
0 0.15643564356435644 0.5533536585365854 0.15742574257425743 0.4969512195121951 0.032673267326732675 0.4878048780487805 0.0297029702970297 0.49847560975609756 0.03663366336633663 0.5487804878048781
0 0.1603960396039604 0.6112804878048781 0.15742574257425743 0.5548780487804879 0.033663366336633666 0.5533536585365854 0.04257425742574258 0.6097560975609756
0 0.16435643564356436 0.6722560975609756 0.1613861386138614 0.6158536585365854 0.039603960396039604 0.6173780487804879 0.048514851485148516 0.6737804878048781
0 0.16831683168316833 0.7454268292682927 0.16534653465346535 0.6798780487804879 0.04554455445544554 0.6814024390243902 0.04554455445544554 0.7240853658536586 0.05247524752475247 0.7347560975609756
0 0.1702970297029703 0.8064024390243902 0.16930693069306932 0.75 0.047524752475247525 0.7423780487804879 0.054455445544554455 0.7926829268292683
0 0.17425742574257425 0.8612804878048781 0.1712871287128713 0.8079268292682927 0.053465346534653464 0.8003048780487805 0.053465346534653464 0.8246951219512195 0.06435643564356436 0.850609756097561
0 0.17425742574257425 0.9253048780487805 0.18217821782178217 0.8887195121951219 0.17524752475247524 0.8689024390243902 0.061386138613861385 0.8551829268292683 0.06435643564356436 0.9054878048780488
0 0.18217821782178217 0.9771341463414634 0.18316831683168316 0.926829268292683 0.06336633663366337 0.913109756097561 0.06336633663366337 0.9588414634146342 0.0702970297029703 0.9664634146341463
0 0.31485148514851485 0.9771341463414634 0.3118811881188119 0.926829268292683 0.1900990099009901 0.9222560975609756 0.19306930693069307 0.9725609756097561
0 0.300990099009901 0.9222560975609756 0.3108910891089109 0.9161585365853658 0.3079207920792079 0.8689024390243902 0.18613861386138614 0.8612804878048781 0.18712871287128713 0.9115853658536586
0 0.3069306930693069 0.864329268292683 0.3089108910891089 0.8216463414634146 0.30198019801980197 0.8079268292682927 0.18217821782178217 0.8033536585365854 0.18514851485148515 0.8567073170731707
0 0.30495049504950494 0.8064024390243902 0.30198019801980197 0.7560975609756098 0.19900990099009902 0.7378048780487805 0.17623762376237623 0.7454268292682927 0.17623762376237623 0.788109756097561 0.18316831683168316 0.7957317073170732
0 0.299009900990099 0.7515243902439024 0.296039603960396 0.6920731707317073 0.17425742574257425 0.6814024390243902 0.17722772277227722 0.7347560975609756
0 0.29108910891089107 0.6844512195121951 0.297029702970297 0.6570121951219512 0.29207920792079206 0.625 0.16633663366336635 0.6173780487804879 0.17326732673267325 0.6737804878048781
0 0.29504950495049503 0.6204268292682927 0.29207920792079206 0.5640243902439024 0.16633663366336635 0.5564024390243902 0.16930693069306932 0.6097560975609756
0 0.29306930693069305 0.5625 0.300990099009901 0.5533536585365854 0.298019801980198 0.5030487804878049 0.1702970297029703 0.4954268292682927 0.1712871287128713 0.551829268292683
0 0.29504950495049503 0.49847560975609756 0.29207920792079206 0.43902439024390244 0.16435643564356436 0.4344512195121951 0.16930693069306932 0.4878048780487805
0 0.43564356435643564 0.5015243902439024 0.43267326732673267 0.4420731707317073 0.30297029702970296 0.44664634146341464 0.30594059405940593 0.4969512195121951
0 0.4297029702970297 0.5685975609756098 0.4396039603960396 0.5625 0.43663366336633663 0.5060975609756098 0.30297029702970296 0.5045731707317073 0.30594059405940593 0.5609756097560976
0 0.4277227722772277 0.6326219512195121 0.4287128712871287 0.573170731707317 0.3415841584158416 0.5640243902439024 0.297029702970297 0.5716463414634146 0.30198019801980197 0.6189024390243902
0 0.4297029702970297 0.6905487804878049 0.4306930693069307 0.6341463414634146 0.30396039603960395 0.6189024390243902 0.299009900990099 0.6265243902439024 0.30396039603960395 0.6798780487804879
0 0.43366336633663366 0.7576219512195121 0.4306930693069307 0.6951219512195121 0.30297029702970296 0.6905487804878049 0.3079207920792079 0.7469512195121951
0 0.43366336633663366 0.8155487804878049 0.4396039603960396 0.7759146341463414 0.43465346534653465 0.7591463414634146 0.3069306930693069 0.7545731707317073 0.3118811881188119 0.8079268292682927
0 0.43366336633663366 0.8734756097560976 0.43267326732673267 0.8170731707317073 0.31386138613861386 0.8109756097560976 0.3108910891089109 0.8216463414634146 0.31584158415841584 0.8658536585365854
0 0.4376237623762376 0.9283536585365854 0.4396039603960396 0.8826219512195121 0.43267326732673267 0.875 0.31287128712871287 0.8734756097560976 0.3178217821782178 0.9298780487804879
0 0.44356435643564357 0.9801829268292683 0.44554455445544555 0.9375 0.4386138613861386 0.9298780487804879 0.31683168316831684 0.9314024390243902 0.3178217821782178 0.9786585365853658
0 0.5762376237623762 0.5015243902439024 0.5762376237623762 0.44664634146341464 0.5673267326732673 0.4420731707317073 0.4485148514851485 0.43902439024390244 0.4396039603960396 0.4496951219512195 0.4415841584158416 0.49847560975609756 0.4504950495049505 0.5030487804878049
0 0.5782178217821782 0.5655487804878049 0.5821782178217821 0.5137195121951219 0.5752475247524752 0.5060975609756098 0.44752475247524753 0.5076219512195121 0.4504950495049505 0.5640243902439024
0 0.5782178217821782 0.6265243902439024 0.5792079207920792 0.5701219512195121 0.44752475247524753 0.5685975609756098 0.4504950495049505 0.6219512195121951
0 0.5722772277227722 0.6875 0.5801980198019802 0.6814024390243902 0.5772277227722772 0.6310975609756098 0.44752475247524753 0.6265243902439024 0.4485148514851485 0.6798780487804879
0 0.504950495049505 0.7576219512195121 0.5693069306930693 0.7560975609756098 0.5742574257425742 0.6966463414634146 0.44356435643564357 0.6875 0.4425742574257426 0.7530487804878049
0 0.5722772277227722 0.8155487804878049 0.5712871287128712 0.7591463414634146 0.44356435643564357 0.760670731707317 0.44653465346534654 0.8140243902439024
0 0.5702970297029702 0.8704268292682927 0.5693069306930693 0.8201219512195121 0.4415841584158416 0.8216463414634146 0.4415841584158416 0.864329268292683 0.4504950495049505 0.8719512195121951
0 0.5702970297029702 0.9283536585365854 0.5693069306930693 0.8719512195121951 0.44356435643564357 0.8765243902439024 0.44653465346534654 0.9298780487804879
0 0.5683168316831683 0.9801829268292683 0.5762376237623762 0.9771341463414634 0.5732673267326732 0.9329268292682927 0.44752475247524753 0.9344512195121951 0.44752475247524753 0.9740853658536586 0.45445544554455447 0.9817073170731707
0 0.700990099009901 0.9801829268292683 0.7 0.9329268292682927 0.5762376237623762 0.9344512195121951 0.5792079207920792 0.9786585365853658
0 0.697029702970297 0.8704268292682927 0.7049504950495049 0.864329268292683 0.7019801980198019 0.8170731707317073 0.5742574257425742 0.8216463414634146 0.5772277227722772 0.8719512195121951
0 0.700990099009901 0.9283536585365854 0.7 0.875 0.5742574257425742 0.8765243902439024 0.5772277227722772 0.926829268292683
0 0.7029702970297029 0.7545731707317073 0.7049504950495049 0.6966463414634146 0.698019801980198 0.6920731707317073 0.5871287128712871 0.6920731707317073 0.5762376237623762 0.7027439024390244 0.5772277227722772 0.7560975609756098
0 0.7029702970297029 0.8125 0.7059405940594059 0.7560975609756098 0.5762376237623762 0.760670731707317 0.5792079207920792 0.8140243902439024
0 0.7128712871287128 0.6265243902439024 0.7138613861386138 0.5701219512195121 0.5841584158415841 0.5716463414634146 0.5851485148514851 0.6219512195121951
0 0.6415841584158416 0.6875 0.7099009900990099 0.6859756097560976 0.7128712871287128 0.6326219512195121 0.5821782178217821 0.6295731707317073 0.5851485148514851 0.6829268292682927
0 0.7049504950495049 0.5655487804878049 0.7168316831683168 0.5594512195121951 0.7138613861386138 0.5030487804878049 0.5841584158415841 0.5045731707317073 0.5851485148514851 0.5640243902439024
0 0.7148514851485148 0.5015243902439024 0.7158415841584158 0.4481707317073171 0.5861386138613861 0.44359756097560976 0.5841584158415841 0.4923780487804878 0.5910891089108911 0.5
0 0.8495049504950495 0.5045731707317073 0.8485148514851485 0.4451219512195122 0.7227722772277227 0.44664634146341464 0.7237623762376237 0.5
0 0.8435643564356435 0.5655487804878049 0.8495049504950495 0.5594512195121951 0.8504950495049505 0.5091463414634146 0.7188118811881188 0.5076219512195121 0.7217821782178218 0.5609756097560976
0 0.8534653465346534 0.6234756097560976 0.8544554455445544 0.5670731707317073 0.7247524752475247 0.5685975609756098 0.7227722772277227 0.614329268292683 0.7316831683168317 0.625
0 0.8336633663366336 0.6844512195121951 0.8435643564356435 0.6692073170731707 0.8425742574257425 0.6280487804878049 0.7168316831683168 0.6295731707317073 0.7178217821782178 0.6829268292682927
0 0.8415841584158416 0.7545731707317073 0.8405940594059406 0.6951219512195121 0.7178217821782178 0.6920731707317073 0.7128712871287128 0.7027439024390244 0.7138613861386138 0.75
0 0.8198019801980198 0.8125 0.8415841584158416 0.8064024390243902 0.8405940594059406 0.7560975609756098 0.7128712871287128 0.7576219512195121 0.7158415841584158 0.8109756097560976
0 0.8336633663366336 0.8734756097560976 0.8356435643564356 0.8246951219512195 0.8287128712871287 0.8170731707317073 0.7118811881188118 0.8140243902439024 0.7089108910891089 0.8246951219512195 0.7099009900990099 0.8689024390243902
0 0.8297029702970297 0.9283536585365854 0.8326732673267326 0.8780487804878049 0.7069306930693069 0.8765243902439024 0.7099009900990099 0.926829268292683
0 0.7960396039603961 0.9801829268292683 0.8326732673267326 0.975609756097561 0.8336633663366336 0.9314024390243902 0.7178217821782178 0.926829268292683 0.7069306930693069 0.9375 0.7069306930693069 0.9771341463414634 0.7138613861386138 0.9817073170731707
0 0.8891089108910891 0.9771341463414634 0.9534653465346534 0.975609756097561 0.9584158415841584 0.9314024390243902 0.8356435643564356 0.9283536585365854 0.8366336633663366 0.975609756097561
0 0.9564356435643564 0.9222560975609756 0.9594059405940594 0.8719512195121951 0.8396039603960396 0.8765243902439024 0.8425742574257425 0.9237804878048781
0 0.8792079207920792 0.8704268292682927 0.9653465346534653 0.8628048780487805 0.9702970297029703 0.8185975609756098 0.8485148514851485 0.8170731707317073 0.8455445544554455 0.8673780487804879
0 0.8752475247524752 0.8125 0.9653465346534653 0.8109756097560976 0.9722772277227723 0.7576219512195121 0.8485148514851485 0.7530487804878049 0.8455445544554455 0.8094512195121951
0 0.9742574257425742 0.7515243902439024 0.9821782178217822 0.7027439024390244 0.9732673267326732 0.6859756097560976 0.8514851485148515 0.6935975609756098 0.8544554455445544 0.75
0 0.9663366336633663 0.6875 0.9742574257425742 0.6570121951219512 0.9693069306930693 0.6341463414634146 0.8475247524752475 0.6326219512195121 0.8465346534653465 0.6859756097560976
0 0.9782178217821782 0.6326219512195121 0.9811881188118812 0.573170731707317 0.8594059405940594 0.5685975609756098 0.8584158415841584 0.625
0 0.9841584158415841 0.5716463414634146 0.9851485148514851 0.5121951219512195 0.8594059405940594 0.5076219512195121 0.8603960396039604 0.5609756097560976
0 0.9742574257425742 0.510670731707317 0.9871287128712871 0.5091463414634146 0.9900990099009901 0.4954268292682927 0.9920792079207921 0.4496951219512195 0.9851485148514851 0.43902439024390244 0.8613861386138614 0.44664634146341464 0.8643564356435643 0.5030487804878049
0 0.5153267326732673 0.0638719512195122 0.13485148514851483 0.06676829268292682
0 0.08392079207920793 0.05807926829268293 0.1301188118811881 0.0696951219512195
0 0.2234851485148515 0.058810975609756094 0.13201980198019803 0.06823170731707316
0 0.9391881188118812 0.06896341463414635 0.1206930693069307 0.0711280487804878
0 0.801029702970297 0.0747560975609756 0.13295049504950496 0.06823170731707316
0 0.6591287128712872 0.06899390243902438 0.13578217821782176 0.06817073170731708
0 0.30363036303630364 0.027584204413472695 0.43658651579443647 0.04790940766550521 0.43752946723243746 0.10017421602787457 0.30268741159830265 0.08855981416957029