0 0.5471311475409836 0.3613861386138614 0.548155737704918 0.15841584158415842 0.4077868852459016 0.15346534653465346 0.4088114754098361 0.3564356435643564
0 0.9795081967213115 0.5 0.9877049180327869 0.4801980198019802 0.9866803278688525 0.297029702970297 0.8504098360655737 0.2623762376237624 0.8493852459016393 0.4752475247524752
0 0.9200819672131147 0.7277227722772277 0.9969262295081968 0.7128712871287128 1 0.5495049504950495 0.980741702147996 0.5305982856828676 0.8545081967213115 0.5198019801980198 0.8545081967213115 0.6782178217821783 0.8637295081967213 0.7227722772277227
0 0.8452783807211939 0.6935984918908811 0.8452783807211939 0.478540852313033 0.7008196721311475 0.4603960396039604 0.7038934426229508 0.6633663366336634
0 0.8442622950819673 0.9455445544554455 0.8483606557377049 0.7475247524752475 0.8411885245901639 0.7227722772277227 0.7038934426229508 0.7227722772277227 0.6987704918032787 0.7673267326732673 0.6967213114754098 0.8564356435643564 0.7079918032786885 0.9405940594059405
0 0.8688524590163934 0.9752475247524752 0.9846311475409836 0.9702970297029703 0.9877049180327869 0.7970297029702971 0.9736107639355773 0.7855610982837256 0.8495324390394905 0.7327309659430077 0.8466800637545231 0.9785059294411318
0 0.6762295081967213 0.9653465346534653 0.6905737704918032 0.9554455445544554 0.694672131147541 0.8267326732673267 0.6855208601538586 0.746512739597108 0.5471311475409836 0.7376237623762376 0.5522540983606558 0.9702970297029703
0 0.6823770491803278 0.6782178217821783 0.694672131147541 0.6287128712871287 0.6936475409836066 0.46534653465346537 0.647964585568453 0.45939245513668164 0.5491803278688525 0.4504950495049505 0.5543032786885246 0.6732673267326733 0.6527185443767323 0.6867917204293391
0 0.5409836065573771 0.6881188118811881 0.543377491786311 0.48465904016919914 0.5234108647915383 0.48236207789351576 0.41359441632028915 0.4731742287907821 0.39959016393442626 0.4801980198019802 0.4047131147540984 0.693069306930693
0 0.5368852459016393 0.9455445544554455 0.5379098360655737 0.7029702970297029 0.39344262295081966 0.7277227722772277 0.3985655737704918 0.9405940594059405
0 0.38524590163934425 0.9653465346534653 0.38641686182669793 0.7390381895332392 0.275175644028103 0.7602545968882601 0.2546838407494145 0.7602545968882601 0.24385245901639344 0.7673267326732673 0.2530737704918033 0.9603960396039604
0 0.3709016393442623 0.6683168316831684 0.3975409836065574 0.6485148514851485 0.3944672131147541 0.44554455445544555 0.25443187215851526 0.4747678254170565 0.25677336802601347 0.6671878793240821
0 0.25 0.6782178217821783 0.25175644028103045 0.4667609618104667 0.10685011709601873 0.45968882602545985 0.10685011709601873 0.45615275813295636 0.10392271662763468 0.6612446958981615 0.1403688524590164 0.6831683168316832
0 0.2336065573770492 0.9455445544554455 0.24180327868852458 0.8762376237623762 0.23668032786885246 0.7029702970297029 0.10758196721311475 0.6966053748231967 0.10538641686182676 0.7991513437057992 0.10538641686182673 0.9193776520509194
0 0.2415105386416862 0.2015558698727016 0.1119730679156909 0.18387553041018395 0.10758196721311472 0.3925035360678926 0.24224238875878223 0.40664780763790676 0.2422423887587822 0.19448373408769445
0 0.2561475409836066 0.21570014144271563 0.39812646370023425 0.20862800565770873 0.39666276346604223 0.3925035360678924 0.2561475409836066 0.41018387553041036
0 0.5554742388758783 0.21570014144271563 0.6901346604215457 0.21923620933521926 0.6908665105386418 0.41371994342291407 0.5554742388758783 0.40311173974540343
0 0.70038056206089 0.23691654879773708 0.8445550351288058 0.27227722772277246 0.8452868852459017 0.449080622347949 0.702576112412178 0.44200848656294206
0 0.856264637002342 0.02828854314002833 0.85480093676815 0.21216407355021247 0.9938524590163934 0.23691654879773708 0.9938524590163935 0.04596888260254607