0 0.9979633401221996 0.12190812720848057 0.994908350305499 0.05653710247349823 0.869653767820774 0.044169611307420496 0.8706720977596741 0.11307420494699646
0 0.9898167006109979 0.19964664310954064 0.9938900203665988 0.1431095406360424 0.9867617107942973 0.13427561837455831 0.8635437881873728 0.12190812720848057 0.8625254582484725 0.1872791519434629
0 0.2892057026476578 0.3480565371024735 0.29022403258655805 0.2756183745583039 0.15885947046843177 0.28091872791519434 0.16191446028513237 0.3462897526501767
0 0.14867617107942974 0.3586572438162544 0.14969450101832993 0.2862190812720848 0.045824847250509164 0.2756183745583039 0.020366598778004074 0.284452296819788 0.020366598778004074 0.34452296819787986 0.0274949083503055 0.35335689045936397
0 0.4256619144602851 0.3480565371024735 0.43380855397148677 0.3409893992932862 0.4287169042769857 0.2756183745583039 0.2953156822810591 0.27385159010600707 0.2983706720977597 0.34275618374558303
0 0.48879837067209775 0.3409893992932862 0.5773930753564155 0.3392226148409894 0.5784114052953157 0.2773851590106007 0.439918533604888 0.2773851590106007 0.4429735234215886 0.34275618374558303
0 0.714867617107943 0.3480565371024735 0.7158859470468432 0.2826855123674912 0.6120162932790224 0.26855123674911663 0.5875763747454175 0.26855123674911663 0.5804480651731161 0.28091872791519434 0.5835030549898167 0.3392226148409894
0 0.8553971486761711 0.3480565371024735 0.8523421588594705 0.2791519434628975 0.7230142566191446 0.284452296819788 0.7209775967413442 0.3374558303886926 0.7281059063136456 0.3462897526501767
0 0.9877800407331976 0.3586572438162544 0.9867617107942973 0.28975265017667845 0.8594704684317719 0.2950530035335689 0.8625254582484725 0.36042402826855124
0 0.9898167006109979 0.43286219081272087 0.9959266802443992 0.39045936395759717 0.9908350305498982 0.36395759717314485 0.8655804480651731 0.36925795053003535 0.8665987780040734 0.43109540636042404
0 0.8615071283095723 0.4293286219081272 0.8635437881873728 0.36925795053003535 0.8564154786150713 0.36042402826855124 0.7291242362525459 0.35159010600706714 0.730142566191446 0.4134275618374558
0 0.7189409368635438 0.41872791519434627 0.7179226069246436 0.3498233215547703 0.5865580448065173 0.34452296819787986 0.5875763747454175 0.4098939929328622
0 0.5804480651731161 0.411660777385159 0.5794297352342159 0.34275618374558303 0.4460285132382892 0.35159010600706714 0.4511201629327902 0.4134275618374558
0 0.4256619144602851 0.41519434628975266 0.43584521384928715 0.411660777385159 0.43279022403258655 0.3498233215547703 0.29938900203665986 0.35159010600706714 0.3024439918533605 0.4134275618374558
0 0.2973523421588595 0.41872791519434627 0.29429735234215887 0.3498233215547703 0.1629327902240326 0.35159010600706714 0.1680244399185336 0.4134275618374558
0 0.15682281059063136 0.42226148409893993 0.15376782077393075 0.36042402826855124 0.026476578411405296 0.3586572438162544 0.029531568228105907 0.4169611307420495
0 0.15682281059063136 0.4929328621908127 0.15580448065173116 0.4275618374558304 0.031568228105906315 0.4204946996466431 0.028513238289205704 0.43286219081272087 0.031568228105906315 0.4876325088339223
0 0.15682281059063136 0.5671378091872792 0.15580448065173116 0.49823321554770317 0.035641547861507125 0.4876325088339223 0.028513238289205704 0.49646643109540634 0.028513238289205704 0.5459363957597173 0.035641547861507125 0.558303886925795
0 0.164969450101833 0.6342756183745583 0.16191446028513237 0.568904593639576 0.034623217922606926 0.5636042402826855 0.034623217922606926 0.6201413427561837 0.04378818737270876 0.6289752650176679
0 0.15682281059063136 0.7190812720848057 0.1670061099796334 0.7084805653710248 0.16395112016293278 0.6466431095406361 0.045824847250509164 0.6325088339222615 0.03665987780040733 0.6484098939929329 0.03971486761710794 0.7102473498233216
0 0.1690427698574338 0.7862190812720848 0.1659877800407332 0.7173144876325088 0.04276985743380855 0.715547703180212 0.04276985743380855 0.765017667844523 0.051934826883910386 0.7809187279151943
0 0.15478615071283094 0.8568904593639576 0.17311608961303462 0.8533568904593639 0.1680244399185336 0.7915194346289752 0.04480651731160896 0.7826855123674912 0.04786150712830957 0.8480565371024735
0 0.14663951120162932 0.9240282685512368 0.17718940936863545 0.9169611307420494 0.17209775967413443 0.8586572438162544 0.04684317718940937 0.8533568904593639 0.04786150712830957 0.911660777385159
0 0.18126272912423624 0.991166077738516 0.18228105906313646 0.9257950530035336 0.05702647657841141 0.9204946996466431 0.06008146639511202 0.9823321554770318
0 0.31568228105906315 0.9982332155477032 0.31466395112016293 0.9293286219081273 0.18737270875763748 0.931095406360424 0.19042769857433808 0.9929328621908127
0 0.31160896130346233 0.9275618374558304 0.3105906313645621 0.8621908127208481 0.18329938900203666 0.8604240282685512 0.18635437881873726 0.9222614840989399
0 0.3034623217922607 0.8568904593639576 0.3044806517311609 0.7950530035335689 0.17515274949083504 0.7968197879858657 0.18228105906313646 0.8551236749116607
0 0.29938900203665986 0.7932862190812721 0.3054989816700611 0.7897526501766784 0.3024439918533605 0.7279151943462897 0.17311608961303462 0.726148409893993 0.17515274949083504 0.7826855123674912 0.18228105906313646 0.7879858657243817
0 0.2973523421588595 0.726148409893993 0.3004073319755601 0.6501766784452296 0.1690427698574338 0.6519434628975265 0.17617107942973523 0.7208480565371025
0 0.28105906313645623 0.6378091872791519 0.3014256619144603 0.6342756183745583 0.2983706720977597 0.5653710247349824 0.1690427698574338 0.5671378091872792 0.17209775967413443 0.6325088339222615
0 0.2892057026476578 0.5671378091872792 0.2973523421588595 0.5636042402826855 0.29633401221995925 0.5017667844522968 0.17209775967413443 0.4876325088339223 0.1629327902240326 0.49646643109540634 0.1659877800407332 0.558303886925795
0 0.2953156822810591 0.49646643109540634 0.29633401221995925 0.4275618374558304 0.1629327902240326 0.42226148409893993 0.1659877800407332 0.4840989399293286
0 0.4378818737270876 0.48586572438162545 0.43686354378818737 0.4169611307420495 0.3034623217922607 0.42226148409893993 0.3065173116089613 0.4876325088339223
0 0.43380855397148677 0.5600706713780919 0.43279022403258655 0.4911660777385159 0.29938900203665986 0.4929328621908127 0.3024439918533605 0.558303886925795
0 0.4378818737270876 0.6342756183745583 0.43686354378818737 0.5653710247349824 0.3034623217922607 0.5636042402826855 0.3065173116089613 0.6289752650176679
0 0.4460285132382892 0.7190812720848057 0.45010183299389 0.6590106007067138 0.4409368635437882 0.6466431095406361 0.31568228105906315 0.6484098939929329 0.32077393075356414 0.7137809187279152
0 0.4378818737270876 0.7897526501766784 0.4409368635437882 0.7243816254416962 0.3095723014256619 0.715547703180212 0.31262729124236255 0.7809187279151943
0 0.42769857433808556 0.8568904593639576 0.439918533604888 0.8533568904593639 0.43890020366598775 0.7915194346289752 0.31873727087576376 0.7809187279151943 0.3075356415478615 0.7897526501766784 0.3075356415478615 0.842756183745583 0.31466395112016293 0.8480565371024735
0 0.439918533604888 0.9275618374558304 0.4480651731160896 0.9204946996466431 0.4470468431771894 0.8621908127208481 0.31568228105906315 0.8604240282685512 0.31568228105906315 0.9063604240282686 0.3228105906313646 0.9222614840989399
0 0.39307535641547864 0.9982332155477032 0.4511201629327902 0.9929328621908127 0.45213849287169044 0.9346289752650176 0.32179226069246436 0.9346289752650176 0.3228105906313646 0.9964664310954063
0 0.5824847250509165 0.991166077738516 0.5835030549898167 0.9293286219081273 0.45417515274949083 0.9346289752650176 0.45723014256619143 0.9929328621908127
0 0.5804480651731161 0.9240282685512368 0.5794297352342159 0.8586572438162544 0.45010183299389 0.8639575971731449 0.45519348268839105 0.9257950530035336
0 0.570264765784114 0.8568904593639576 0.5763747454175153 0.8533568904593639 0.5733197556008147 0.7879858657243817 0.4439918533604888 0.7897526501766784 0.4470468431771894 0.8551236749116607
0 0.5743380855397149 0.7862190812720848 0.5824847250509165 0.765017667844523 0.5794297352342159 0.7173144876325088 0.4531568228105906 0.7137809187279152 0.4480651731160896 0.726148409893993 0.44908350305498984 0.7809187279151943
0 0.5458248472505092 0.715547703180212 0.5824847250509165 0.7084805653710248 0.5794297352342159 0.6431095406360424 0.45010183299389 0.6448763250883393 0.45519348268839105 0.7137809187279152
0 0.570264765784114 0.6342756183745583 0.5763747454175153 0.6236749116607774 0.5733197556008147 0.568904593639576 0.4419551934826884 0.5706713780918727 0.4419551934826884 0.6166077738515902 0.4511201629327902 0.6360424028268551
0 0.5743380855397149 0.5636042402826855 0.5712830957230143 0.49469964664310956 0.445010183299389 0.4876325088339223 0.4419551934826884 0.5 0.445010183299389 0.558303886925795
0 0.5763747454175153 0.4929328621908127 0.5773930753564155 0.42402826855123676 0.4439918533604888 0.41872791519434627 0.445010183299389 0.4840989399293286
0 0.714867617107943 0.48939929328621906 0.7158859470468432 0.42402826855123676 0.5845213849287169 0.41519434628975266 0.5855397148676171 0.48056537102473496
0 0.8492871690427699 0.5035335689045937 0.8553971486761711 0.44346289752650175 0.8482688391038696 0.43462897526501765 0.7281059063136456 0.4134275618374558 0.7209775967413442 0.42579505300353354 0.7189409368635438 0.4787985865724382 0.7260692464358453 0.4876325088339223
0 0.9918533604887984 0.5035335689045937 0.994908350305499 0.4381625441696113 0.8615071283095723 0.44346289752650175 0.8594704684317719 0.4929328621908127 0.8665987780040734 0.5017667844522968
0 0.9857433808553971 0.5706713780918727 0.9887983706720977 0.508833922261484 0.8574338085539714 0.5070671378091873 0.8584521384928717 0.568904593639576
0 0.8472505091649695 0.5706713780918727 0.8482688391038696 0.5053003533568905 0.7189409368635438 0.49646643109540634 0.719959266802444 0.5618374558303887
0 0.7128309572301426 0.5636042402826855 0.7138492871690427 0.49469964664310956 0.5804480651731161 0.49646643109540634 0.5855397148676171 0.5653710247349824
0 0.7046843177189409 0.6342756183745583 0.7107942973523421 0.6307420494699647 0.709775967413442 0.568904593639576 0.5784114052953157 0.5706713780918727 0.5784114052953157 0.6307420494699647 0.5855397148676171 0.6360424028268551
0 0.8472505091649695 0.6413427561837456 0.8441955193482689 0.5759717314487632 0.7169042769857433 0.5742049469964664 0.7179226069246436 0.6360424028268551
0 0.9796334012219959 0.6448763250883393 0.9857433808553971 0.5954063604240283 0.9806517311608961 0.5759717314487632 0.8533604887983707 0.5777385159010601 0.8584521384928717 0.6395759717314488
0 0.9714867617107943 0.7190812720848057 0.9857433808553971 0.7120141342756183 0.984725050916497 0.6501766784452296 0.8594704684317719 0.6554770318021201 0.8625254582484725 0.7173144876325088
0 0.8533604887983707 0.715547703180212 0.8564154786150713 0.6501766784452296 0.7270875763747454 0.6448763250883393 0.730142566191446 0.7031802120141343
0 0.714867617107943 0.7120141342756183 0.725050916496945 0.6908127208480566 0.7219959266802444 0.6431095406360424 0.5957230142566191 0.6360424028268551 0.5906313645621182 0.6519434628975265 0.5957230142566191 0.7031802120141343
0 0.714867617107943 0.7862190812720848 0.7138492871690427 0.7173144876325088 0.5845213849287169 0.715547703180212 0.5855397148676171 0.7809187279151943
0 0.7006109979633401 0.8568904593639576 0.7107942973523421 0.8533568904593639 0.7118126272912424 0.7915194346289752 0.5804480651731161 0.7897526501766784 0.5814663951120163 0.8515901060070671
0 0.6843177189409368 0.9240282685512368 0.7169042769857433 0.9204946996466431 0.7138492871690427 0.8551236749116607 0.5865580448065173 0.8604240282685512 0.5875763747454175 0.9187279151943463
0 0.7107942973523421 0.991166077738516 0.7189409368635438 0.980565371024735 0.7179226069246436 0.9293286219081273 0.5885947046843177 0.931095406360424 0.5916496945010183 0.9893992932862191
0 0.8431771894093686 0.980565371024735 0.8513238289205702 0.9664310954063604 0.8482688391038696 0.9222614840989399 0.7209775967413442 0.9240282685512368 0.7219959266802444 0.9823321554770318
0 0.845213849287169 0.9204946996466431 0.8482688391038696 0.8586572438162544 0.7209775967413442 0.8498233215547704 0.7189409368635438 0.8992932862190812 0.7281059063136456 0.911660777385159
0 0.8513238289205702 0.8498233215547704 0.8523421588594705 0.7879858657243817 0.7209775967413442 0.7826855123674912 0.7189409368635438 0.8250883392226148 0.7321792260692465 0.8445229681978799
0 0.8533604887983707 0.7826855123674912 0.8553971486761711 0.7226148409893993 0.8482688391038696 0.7173144876325088 0.7464358452138493 0.7067137809187279 0.725050916496945 0.715547703180212 0.7260692464358453 0.7773851590106007
0 0.8615071283095723 0.7897526501766784 0.9806517311608961 0.7879858657243817 0.9877800407331976 0.7296819787985865 0.860488798370672 0.7208480565371025 0.8553971486761711 0.7862190812720848
0 0.9226069246435845 0.8568904593639576 0.9786150712830958 0.8551236749116607 0.9816700610997964 0.7932862190812721 0.8574338085539714 0.7968197879858657 0.860488798370672 0.8586572438162544
0 0.90020366598778 0.9275618374558304 0.9725050916496945 0.9257950530035336 0.9816700610997964 0.9063604240282686 0.9816700610997964 0.8639575971731449 0.8533604887983707 0.8674911660777385 0.8564154786150713 0.9293286219081273
0 0.8716904276985743 0.9946996466431095 0.9745417515274949 0.9858657243816255 0.9796334012219959 0.9275618374558304 0.8543788187372708 0.9328621908127208 0.8513238289205702 0.991166077738516
0 0.37 0.23261484098939927 0.13238289205702647 0.06477031802120141
0 0.510020366598778 0.2274558303886926 0.12560081466395112 0.08098939929328622
0 0.6559674134419552 0.22893992932862192 0.12898167006109978 0.08392226148409894
0 0.7964154786150713 0.23409893992932862 0.13323828920570266 0.0736042402826855
0 0.9351731160896131 0.25395759717314487 0.12898167006109978 0.06332155477031803
0 0.6555600814663951 0.12144876325088338 0.14511201629327902 0.07215547703180213
0 0.22488798370672097 0.23409893992932862 0.13238289205702647 0.0706713780918728
0 0.08824847250509164 0.23558303886925797 0.13238289205702647 0.07657243816254418
0 0.7315003394433129 0.10011778563015312 0.8570943652410048 0.12514723203769143 0.8579429735234216 0.1884570082449941 0.730651731160896 0.1663722025912838
0 0.731500339443313 0.008833922261484073 0.8638832315003395 0.026501766784452287 0.860488798370672 0.09422850412249706 0.7323489477257298 0.07656065959952882