0 0.25338491295938104 0.9409722222222222 0.2553191489361702 0.7881944444444444 0.24854932301740812 0.7708333333333334 0.041586073500967116 0.7361111111111112 0.015473887814313346 0.7534722222222222 0.02127659574468085 0.8645833333333334 0.035783365570599614 0.9097222222222222
0 0.4758220502901354 0.7743055555555556 0.49709864603481624 0.7534722222222222 0.49032882011605416 0.5902777777777778 0.24758220502901354 0.59375 0.2524177949709865 0.7708333333333334
0 0.36750483558994196 0.96875 0.5 0.9583333333333334 0.5029013539651838 0.8020833333333334 0.3239845261121857 0.7916666666666666 0.26305609284332687 0.8159722222222222 0.26305609284332687 0.9340277777777778 0.269825918762089 0.9652777777777778
0 0.7021276595744681 0.9548611111111112 0.7485493230174082 0.9409722222222222 0.7475822050290135 0.7777777777777778 0.49709864603481624 0.7951388888888888 0.4990328820116054 0.9201388888888888 0.5077369439071566 0.9583333333333334
0 0.7620889748549323 0.9756944444444444 0.9835589941972921 0.9583333333333334 0.988394584139265 0.8090277777777778 0.7489151801233479 0.8111321912770476 0.7504835589941973 0.9618055555555556
0 0.9806576402321083 0.7881944444444444 0.9816247582205029 0.6180555555555556 0.7446808510638298 0.5798611111111112 0.7475822050290135 0.7708333333333334
0 0.574468085106383 0.4270833333333333 0.741779497098646 0.4027777777777778 0.7485493230174082 0.3854166666666667 0.7485493230174082 0.2534722222222222 0.7011605415860735 0.2361111111111111 0.5029013539651838 0.2673611111111111 0.5058027079303675 0.4305555555555556
0 0.5918762088974855 0.6076388888888888 0.7379110251450677 0.5763888888888888 0.7446808510638298 0.5590277777777778 0.7427466150870407 0.4131944444444444 0.5 0.4305555555555556 0.4951644100580271 0.4548611111111111 0.5 0.6111111111111112
0 0.7195357833655706 0.78125 0.7427466150870407 0.7673611111111112 0.7379110251450677 0.5902777777777778 0.4990328820116054 0.6215277777777778 0.5038684719535783 0.7847222222222222
0 0.010029371731499388 0.5555555555555557 0.2414213052510925 0.6069958847736624 0.23998853786087831 0.7638888888888888 0.009312988036392323 0.7355967078189303
0 0.3717988394584139 0.2675 0.24787234042553194 0.17493055555555556
0 0.367137330754352 0.49638888888888894 0.24286266924564798 0.16972222222222222
0 0.8739845261121857 0.5143749999999999 0.24214700193423597 0.20576388888888889
0 0.7636650189841678 0.18518518518518523 0.9556558492728706 0.2829218106995885 0.9993552546744038 0.2880658436213993 0.997206103589082 0.4655349794238685 0.821692098287843 0.3858024691358025 0.7543520309477757 0.3472222222222224
0 0.7722616233254531 0.018004115226337367 0.7679633211548104 0.18518518518518526 1 0.2391975308641975 1 0.07201646090534981
0 0.4986030517945411 0.07716049382716052 0.7479045776918117 0.06172839506172835 0.7507701124722401 0.2314814814814815 0.577405258256322 0.24434156378600827 0.5007522028798624 0.24434156378600833