0 0.4028520499108734 0.6367521367521367 0.40730837789661317 0.42735042735042733 0.3342245989304813 0.4017094017094017 0.3172905525846702 0.4230769230769231 0.31996434937611407 0.6153846153846154
0 0.40463458110516937 0.8504273504273504 0.4037433155080214 0.6410256410256411 0.31907308377896615 0.6282051282051282 0.32174688057041 0.8205128205128205
0 0.49732620320855614 0.8675213675213675 0.5 0.6324786324786325 0.4117647058823529 0.6367521367521367 0.4144385026737968 0.8547008547008547
0 0.5882352941176471 0.9358974358974359 0.589126559714795 0.7008547008547008 0.5026737967914439 0.6965811965811965 0.5035650623885918 0.9145299145299145
0 0.5953654188948306 0.6794871794871795 0.5962566844919787 0.46153846153846156 0.5098039215686274 0.44017094017094016 0.5089126559714795 0.6495726495726496
0 0.9607843137254902 0.5427350427350427 0.9696969696969697 0.5 0.9688057040998217 0.3247863247863248 0.8859180035650623 0.2948717948717949 0.8832442067736186 0.5042735042735043
0 0.8805704099821747 0.5 0.8814616755793226 0.2905982905982906 0.8065953654188949 0.26495726495726496 0.7932263814616756 0.2863247863247863 0.7923351158645277 0.48717948717948717
0 0.7825311942959001 0.4829059829059829 0.785204991087344 0.26495726495726496 0.7023172905525846 0.23504273504273504 0.696078431372549 0.4358974358974359
0 0.6898395721925134 0.6965811965811965 0.6871657754010695 0.47863247863247865 0.6007130124777184 0.47435897435897434 0.6033868092691622 0.6923076923076923
0 0.7807486631016043 0.7051282051282052 0.7798573975044564 0.48717948717948717 0.6934046345811051 0.47435897435897434 0.6942959001782532 0.6837606837606838
0 0.8698752228163993 0.7564102564102564 0.8770053475935828 0.5769230769230769 0.8725490196078431 0.5470085470085471 0.7878787878787878 0.5170940170940171 0.7905525846702317 0.7435897435897436
0 0.7807486631016043 0.7051282051282052 0.7798573975044564 0.48717948717948717 0.6934046345811051 0.47435897435897434 0.6942959001782532 0.6837606837606838
0 0.9607843137254902 0.7905982905982906 0.966131907308378 0.6025641025641025 0.9563279857397504 0.5470085470085471 0.8787878787878788 0.5512820512820513 0.8778966131907309 0.7606837606837606
0 0.9607843137254902 0.9957264957264957 0.9598930481283422 0.8034188034188035 0.875222816399287 0.7735042735042735 0.8734402852049911 0.9615384615384616 0.8796791443850267 1
0 0.8413547237076648 0.9786324786324786 0.8716577540106952 0.9700854700854701 0.8689839572192514 0.7692307692307693 0.7843137254901961 0.7564102564102564 0.785204991087344 0.9658119658119658
0 0.7771836007130125 0.9444444444444444 0.7825311942959001 0.9188034188034188 0.7798573975044564 0.7264957264957265 0.6951871657754011 0.7136752136752137 0.696078431372549 0.9316239316239316
0 0.6898395721925134 0.9188034188034188 0.6907308377896613 0.7094017094017094 0.6024955436720143 0.6965811965811965 0.6016042780748663 0.905982905982906
0 0.2303030303030303 0.5846153846153845 0.3137254901960785 0.6017094017094018 0.3151515151515151 0.8136752136752136 0.23458110516934044 0.7931623931623932
0 0.1875222816399287 0.7230769230769231 0.0855614973262032 0.2222222222222222
0 0.09982174688057041 0.6803418803418803 0.08128342245989305 0.21196581196581196
0 0.02602495543672014 0.6649572649572649 0.05204991087344028 0.19487179487179487
0 0.4541889483065954 0.5025641025641026 0.0855614973262032 0.2188034188034188
0 0.5532976827094473 0.3435897435897436 0.0912655971479501 0.22905982905982908
0 0.645632798573975 0.3418803418803419 0.08342245989304813 0.23931623931623933
0 0.7461675579322639 0.13675213675213677 0.08484848484848485 0.23247863247863249
0 0.8459893048128343 0.15042735042735045 0.08199643493761141 0.22564102564102562
0 0.9398039215686275 0.1941025641025641 0.08707664884135473 0.2270940170940171