0 0.29454545454545455 0.06836461126005362 0.31272727272727274 0.06032171581769437 0.3138755980861244 0.00705517144066598 0.18181818181818182 0.004021447721179625 0.18636363636363637 0.064343163538874
0 0.4509090909090909 0.06836461126005362 0.4516746411483254 0.009877240016932387 0.4526315789473684 0.00705517144066598 0.31866028708133975 0.008466205728799107 0.31636363636363635 0.012064343163538873 0.3190909090909091 0.064343163538874
0 0.9981818181818182 0.14611260053619302 1 0.09249329758713137 0.9936363636363637 0.08847184986595175 0.8772727272727273 0.08310991957104558 0.8727272727272727 0.09249329758713137 0.8754545454545455 0.1447721179624665
0 0.8672727272727273 0.14075067024128687 0.8727272727272727 0.10053619302949061 0.8681818181818182 0.08042895442359249 0.7363636363636363 0.0871313672922252 0.7345454545454545 0.12734584450402145 0.740909090909091 0.13941018766756033
0 0.72 0.14343163538873996 0.7272727272727273 0.11126005361930295 0.7272727272727273 0.0871313672922252 0.7209090909090909 0.08042895442359249 0.5909090909090909 0.08445040214477212 0.5936363636363636 0.13672922252010725
0 0.5854545454545454 0.1353887399463807 0.5881818181818181 0.0777479892761394 0.45454545454545453 0.07104557640750671 0.45545454545454545 0.1260053619302949
0 0.43636363636363634 0.13002680965147453 0.44545454545454544 0.12466487935656836 0.44272727272727275 0.07238605898123325 0.3190909090909091 0.064343163538874 0.3109090909090909 0.07640750670241286 0.31363636363636366 0.12332439678284182
0 0.3 0.13270777479892762 0.3054545454545455 0.12198391420911528 0.3009090909090909 0.07238605898123325 0.17272727272727273 0.06836461126005362 0.17545454545454545 0.12332439678284182
0 0.07818181818181819 0.19168900804289543 0.17363636363636364 0.18498659517426275 0.17454545454545456 0.1353887399463807 0.04090909090909091 0.13404825737265416 0.045454545454545456 0.18900804289544235
0 0.30727272727272725 0.19436997319034852 0.31272727272727274 0.1863270777479893 0.31 0.13136729222520108 0.18 0.13270777479892762 0.18454545454545454 0.18498659517426275
0 0.4490909090909091 0.19168900804289543 0.45 0.13136729222520108 0.3181818181818182 0.13002680965147453 0.3190909090909091 0.18498659517426275
0 0.5854545454545454 0.19436997319034852 0.5845454545454546 0.13672922252010725 0.4772727272727273 0.128686327077748 0.45454545454545453 0.1353887399463807 0.45454545454545453 0.1863270777479893 0.46090909090909093 0.1903485254691689
0 0.7218181818181818 0.20509383378016086 0.7209090909090909 0.1447721179624665 0.5909090909090909 0.14075067024128687 0.5936363636363636 0.19839142091152814
0 0.8581818181818182 0.20509383378016086 0.8618181818181818 0.15415549597855227 0.8554545454545455 0.14745308310991956 0.7290909090909091 0.14343163538873996 0.7272727272727273 0.19436997319034852 0.7354545454545455 0.2037533512064343
0 0.9618181818181818 0.20777479892761394 0.9945454545454545 0.20241286863270777 0.9954545454545455 0.15013404825737264 0.8654545454545455 0.15147453083109919 0.8681818181818182 0.2037533512064343
0 0.990909090909091 0.26943699731903487 0.9963636363636363 0.23994638069705093 0.9918181818181818 0.2064343163538874 0.8690909090909091 0.20777479892761394 0.87 0.26273458445040215
0 0.8327272727272728 0.2667560321715818 0.8654545454545455 0.2613941018766756 0.8627272727272727 0.2064343163538874 0.7345454545454545 0.21045576407506703 0.7354545454545455 0.26273458445040215
0 0.7247446674900065 0.26127105799971456 0.726181790010846 0.20985854861408418 0.5927272727272728 0.20241286863270777 0.5936363636363636 0.2546916890080429
0 0.5672727272727273 0.25603217158176944 0.5890909090909091 0.25335120643431636 0.5909090909090909 0.21045576407506703 0.5845454545454546 0.19571045576407506 0.45636363636363636 0.1970509383378016 0.4590909090909091 0.2520107238605898
0 0.4501889772546073 0.2518573086943492 0.4501889772546073 0.19508827514849655 0.3181818181818182 0.18900804289544235 0.3209090909090909 0.24664879356568364
0 0.30727272727272725 0.25603217158176944 0.3145454545454546 0.25335120643431636 0.3118181818181818 0.19571045576407506 0.21727272727272728 0.1876675603217158 0.18181818181818182 0.19436997319034852 0.18636363636363637 0.24664879356568364
0 0.3181818181818182 0.31233243967828417 0.31727272727272726 0.2546916890080429 0.19090909090909092 0.25335120643431636 0.19363636363636363 0.30563002680965146
0 0.3145454545454546 0.37131367292225204 0.31363636363636366 0.3136729222520107 0.1918181818181818 0.30563002680965146 0.18545454545454546 0.31233243967828417 0.18818181818181817 0.3646112600536193
0 0.32 0.4410187667560322 0.3190909090909091 0.3780160857908847 0.21181818181818182 0.3699731903485255 0.19272727272727272 0.37667560321715815 0.19727272727272727 0.4289544235924933
0 0.32 0.5563002680965148 0.3209090909090909 0.5040214477211796 0.19636363636363635 0.49195710455764075 0.19636363636363635 0.5214477211796247 0.20545454545454545 0.5268096514745308 0.2081818181818182 0.546916890080429
0 0.32727272727272727 0.6099195710455764 0.3245454545454545 0.5576407506702413 0.22818181818181818 0.5442359249329759 0.20363636363636364 0.5509383378016086 0.20454545454545456 0.5951742627345844
0 0.32 0.5026809651474531 0.3190909090909091 0.4450402144772118 0.19454545454545455 0.43297587131367293 0.19545454545454546 0.48525469168900803
0 0.33090909090909093 0.6689008042895442 0.33 0.6112600536193029 0.20727272727272728 0.6045576407506702 0.21181818181818182 0.6568364611260054
0 0.33454545454545453 0.7225201072386059 0.3336363636363636 0.6702412868632708 0.20909090909090908 0.660857908847185 0.20909090909090908 0.6823056300268097 0.22454545454545455 0.7158176943699732
0 0.4672727272727273 0.725201072386059 0.4709090909090909 0.6903485254691689 0.46454545454545454 0.6675603217158177 0.3418181818181818 0.6635388739946381 0.3418181818181818 0.7064343163538874 0.3518181818181818 0.7184986595174263
0 0.4581818181818182 0.6662198391420912 0.4690909090909091 0.660857908847185 0.46454545454545454 0.6112600536193029 0.34 0.6126005361930295 0.34 0.6501340482573726 0.3463636363636364 0.6595174262734584
0 0.4618181818181818 0.6099195710455764 0.4590909090909091 0.5576407506702413 0.3327272727272727 0.5563002680965148 0.3372727272727273 0.6058981233243967
0 0.4581818181818182 0.5563002680965148 0.4590909090909091 0.5040214477211796 0.3290909090909091 0.5 0.3336363636363636 0.5522788203753352
0 0.45636363636363636 0.49463806970509383 0.45545454545454545 0.43699731903485256 0.32727272727272727 0.4410187667560322 0.33 0.4906166219839142
0 0.45636363636363636 0.435656836461126 0.45545454545454545 0.3806970509383378 0.32545454545454544 0.37935656836461124 0.3281818181818182 0.4343163538873995
0 0.45454545454545453 0.3739946380697051 0.4581818181818182 0.3203753351206434 0.45181818181818184 0.3136729222520107 0.32545454545454544 0.31501340482573725 0.33 0.3699731903485255
0 0.4581818181818182 0.31233243967828417 0.4572727272727273 0.257372654155496 0.32727272727272727 0.25335120643431636 0.3281818181818182 0.30563002680965146
0 0.5927272727272728 0.31501340482573725 0.5936363636363636 0.26005361930294907 0.4618181818181818 0.2613941018766756 0.46636363636363637 0.3136729222520107
0 0.5945454545454546 0.37667560321715815 0.5918181818181818 0.3190348525469169 0.4681818181818182 0.3163538873994638 0.4618181818181818 0.33646112600536193 0.46454545454545454 0.3726541554959786
0 0.5909090909090909 0.4436997319034853 0.5945454545454546 0.4008042895442359 0.5881818181818181 0.38873994638069703 0.46454545454545454 0.3806970509383378 0.46 0.3900804289544236 0.4627272727272727 0.43699731903485256
0 0.5890909090909091 0.5026809651474531 0.59 0.4477211796246649 0.4618181818181818 0.4410187667560322 0.46454545454545454 0.4959785522788204
0 0.5927272727272728 0.5589812332439679 0.59 0.5067024128686327 0.4954545454545455 0.49865951742627346 0.4636363636363636 0.5053619302949062 0.46636363636363637 0.5549597855227882
0 0.5981818181818181 0.6662198391420912 0.5972727272727273 0.6166219839142091 0.4709090909090909 0.6152815013404825 0.47363636363636363 0.6621983914209115
0 0.5981818181818181 0.6126005361930295 0.5990909090909091 0.5630026809651475 0.4709090909090909 0.561662198391421 0.47363636363636363 0.6112600536193029
0 0.5709090909090909 0.7225201072386059 0.6 0.7171581769436998 0.5972727272727273 0.6675603217158177 0.4727272727272727 0.6662198391420912 0.47545454545454546 0.7184986595174263
0 0.7163636363636363 0.7278820375335121 0.7290909090909091 0.725201072386059 0.7263636363636363 0.6729222520107239 0.6036363636363636 0.6715817694369973 0.6018181818181818 0.7171581769436998 0.6081818181818182 0.7238605898123325
0 0.7290909090909091 0.6715817694369973 0.73 0.6193029490616622 0.6036363636363636 0.6233243967828418 0.6063636363636363 0.6675603217158177
0 0.730909090909091 0.6152815013404825 0.7318181818181818 0.5656836461126006 0.6036363636363636 0.564343163538874 0.6045454545454545 0.613941018766756
0 0.7236363636363636 0.5053619302949062 0.7227272727272728 0.45308310991957107 0.5972727272727273 0.4477211796246649 0.5945454545454546 0.4571045576407507 0.5990909090909091 0.5040214477211796
0 0.7236363636363636 0.561662198391421 0.7227272727272728 0.5067024128686327 0.5963636363636363 0.5080428954423593 0.5990909090909091 0.5603217158176944
0 0.7236363636363636 0.44906166219839144 0.7263636363636363 0.3914209115281501 0.600909090909091 0.38337801608579086 0.5945454545454546 0.3900804289544236 0.5972727272727273 0.44235924932975873
0 0.7272727272727273 0.3820375335120643 0.7281818181818182 0.32707774798927614 0.5963636363636363 0.3257372654155496 0.5990909090909091 0.3780160857908847
0 0.7272727272727273 0.3203753351206434 0.7245454545454545 0.26273458445040215 0.5972727272727273 0.26273458445040215 0.5945454545454546 0.27211796246648795 0.5972727272727273 0.3190348525469169
0 0.7618181818181818 0.3257372654155496 0.860909090909091 0.32439678284182305 0.8654545454545455 0.27211796246648795 0.7336363636363636 0.2680965147453083 0.7327272727272728 0.3230563002680965
0 0.8290909090909091 0.3820375335120643 0.8618181818181818 0.37667560321715815 0.860909090909091 0.32707774798927614 0.730909090909091 0.33109919571045576 0.7336363636363636 0.38337801608579086
0 0.7454545454545455 0.4517426273458445 0.8572727272727273 0.4450402144772118 0.8581818181818182 0.3900804289544236 0.7336363636363636 0.3914209115281501 0.7290909090909091 0.44638069705093836
0 0.86 0.5053619302949062 0.860909090909091 0.450402144772118 0.7327272727272728 0.4571045576407507 0.7336363636363636 0.5067024128686327
0 0.74 0.561662198391421 0.8536363636363636 0.5603217158176944 0.8581818181818182 0.5187667560321716 0.85 0.5067024128686327 0.7318181818181818 0.5093833780160858 0.7290909090909091 0.5563002680965148
0 0.8618181818181818 0.6179624664879356 0.8654545454545455 0.5723860589812333 0.8590909090909091 0.5656836461126006 0.7381818181818182 0.5670241286863271 0.7363636363636363 0.6126005361930295 0.7427272727272727 0.6166219839142091
0 0.8636363636363636 0.6715817694369973 0.8645454545454545 0.6219839142091153 0.7427272727272727 0.6166219839142091 0.7381818181818182 0.631367292225201 0.740909090909091 0.6675603217158177
0 0.8181818181818182 0.7278820375335121 0.8590909090909091 0.7265415549597856 0.8636363636363636 0.6769436997319035 0.7363636363636363 0.6715817694369973 0.7372727272727273 0.7238605898123325
0 0.990909090909091 0.3257372654155496 0.9927272727272727 0.27479892761394104 0.9863636363636363 0.2707774798927614 0.8654545454545455 0.27211796246648795 0.8663636363636363 0.3190348525469169
0 0.9672727272727273 0.3847184986595174 0.9890909090909091 0.37935656836461124 0.9863636363636363 0.32707774798927614 0.8681818181818182 0.32171581769436997 0.8636363636363636 0.33109919571045576 0.8636363636363636 0.36595174262734587 0.8718181818181818 0.3806970509383378
0 0.8836363636363637 0.44906166219839144 0.9918181818181818 0.4450402144772118 0.9981818181818182 0.39544235924932974 0.9881818181818182 0.38337801608579086 0.8681818181818182 0.38605898123324395 0.8672727272727273 0.4436997319034853
0 0.8818181818181818 0.5080428954423593 0.9881818181818182 0.5013404825737265 0.9927272727272727 0.4517426273458445 0.8681818181818182 0.45308310991957107 0.8654545454545455 0.5053619302949062
0 0.9018181818181819 0.564343163538874 0.9863636363636363 0.5549597855227882 0.990909090909091 0.5053619302949062 0.8718181818181818 0.5093833780160858 0.8636363636363636 0.5187667560321716 0.8663636363636363 0.5656836461126006
0 0.9018181818181819 0.6179624664879356 0.9881818181818182 0.6166219839142091 0.9945454545454545 0.5670241286863271 0.9827272727272728 0.5576407506702413 0.8718181818181818 0.5683646112600537 0.8690909090909091 0.6179624664879356
0 0.9872727272727273 0.6689008042895442 0.9918181818181818 0.6193029490616622 0.8690909090909091 0.6260053619302949 0.8718181818181818 0.6702412868632708
0 0.94 0.725201072386059 0.9863636363636363 0.7184986595174263 0.990909090909091 0.6742627345844504 0.8672727272727273 0.6769436997319035 0.8654545454545455 0.7171581769436998 0.8718181818181818 0.7265415549597856
0 0.9163636363636364 0.7841823056300268 0.9936363636363637 0.7774798927613941 0.9963636363636363 0.7198391420911529 0.8727272727272727 0.7359249329758714 0.8754545454545455 0.7855227882037533
0 0.7854545454545454 0.789544235924933 0.860909090909091 0.7855227882037533 0.8654545454545455 0.7359249329758714 0.74 0.7359249329758714 0.7427272727272727 0.7908847184986595
0 0.7327272727272728 0.7868632707774799 0.7363636363636363 0.7359249329758714 0.73 0.7319034852546917 0.6090909090909091 0.7359249329758714 0.6118181818181818 0.7855227882037533
0 0.6036363636363636 0.7815013404825737 0.6072727272727273 0.7359249329758714 0.600909090909091 0.7292225201072386 0.4818181818181818 0.7305630026809652 0.48454545454545456 0.7828418230563002
0 0.4763636363636364 0.7841823056300268 0.47545454545454546 0.7319034852546917 0.3527272727272727 0.7278820375335121 0.35363636363636364 0.7774798927613941
0 0.34363636363636363 0.7788203753351206 0.3409090909090909 0.7265415549597856 0.22181818181818183 0.7198391420911529 0.23545454545454544 0.7694369973190348
0 0.34363636363636363 0.8324396782841823 0.3427272727272727 0.7828418230563002 0.23454545454545456 0.7761394101876675 0.24272727272727274 0.8284182305630027
0 0.47454545454545455 0.8351206434316354 0.47363636363636363 0.7855227882037533 0.3509090909090909 0.7815013404825737 0.35363636363636364 0.8337801608579088
0 0.6054545454545455 0.8378016085790885 0.6045454545454545 0.7855227882037533 0.48 0.7868632707774799 0.48454545454545456 0.8364611260053619
0 0.7327272727272728 0.8404825737265416 0.7336363636363636 0.7908847184986595 0.6090909090909091 0.792225201072386 0.6118181818181818 0.839142091152815
0 0.84 0.8404825737265416 0.8672727272727273 0.8351206434316354 0.8645454545454545 0.7855227882037533 0.7418181818181818 0.7975871313672922 0.7481818181818182 0.8418230563002681
0 0.9036363636363637 0.8378016085790885 0.99 0.8284182305630027 0.9963636363636363 0.82171581769437 0.9981818181818182 0.7815013404825737 0.8754545454545455 0.7882037533512064 0.8745454545454545 0.8378016085790885
0 0.9018181818181819 0.8887399463806971 0.9845454545454545 0.8847184986595175 0.9945454545454545 0.8672922252010724 0.9945454545454545 0.8324396782841823 0.8736363636363637 0.8418230563002681 0.8690909090909091 0.886058981233244
0 0.850909090909091 0.8914209115281502 0.8690909090909091 0.886058981233244 0.8690909090909091 0.8458445040214477 0.8627272727272727 0.839142091152815 0.7554545454545455 0.8418230563002681 0.7472727272727273 0.8512064343163539 0.7518181818181818 0.8927613941018767
0 0.7290909090909091 0.8887399463806971 0.7327272727272728 0.8458445040214477 0.7245454545454545 0.8418230563002681 0.6072727272727273 0.8458445040214477 0.61 0.8900804289544236
0 0.5981818181818181 0.8941018766756033 0.6036363636363636 0.8887399463806971 0.600909090909091 0.8445040214477212 0.4781818181818182 0.8404825737265416 0.4809090909090909 0.8847184986595175
0 0.6072727272727273 0.9450402144772118 0.6063636363636363 0.8981233243967829 0.4918181818181818 0.8847184986595175 0.4818181818181818 0.8914209115281502 0.48454545454545456 0.935656836461126
0 0.5945454545454546 0.9959785522788204 0.6090909090909091 0.9879356568364611 0.6045454545454545 0.9490616621983914 0.48363636363636364 0.9450402144772118 0.4863636363636364 0.9919571045576407
0 0.7072727272727273 0.9932975871313673 0.7345454545454545 0.9879356568364611 0.7336363636363636 0.9436997319034852 0.6127272727272727 0.9450402144772118 0.6136363636363636 0.9946380697050938
0 0.8272727272727273 0.9959785522788204 0.8590909090909091 0.9919571045576407 0.8636363636363636 0.9504021447721179 0.7418181818181818 0.9477211796246648 0.74 0.985254691689008 0.7536363636363637 0.9973190348525469
0 0.9272727272727272 0.9906166219839142 0.980909090909091 0.9865951742627346 0.9836363636363636 0.9396782841823056 0.9736363636363636 0.9329758713136729 0.8636363636363636 0.9504021447721179 0.8663636363636363 0.9919571045576407
0 0.889090909090909 0.9396782841823056 0.9827272727272728 0.9302949061662198 0.9872727272727273 0.886058981233244 0.8681818181818182 0.8927613941018767 0.8672727272727273 0.9396782841823056
0 0.8636363636363636 0.9423592493297587 0.8645454545454545 0.8927613941018767 0.7418181818181818 0.8967828418230563 0.7445454545454545 0.9436997319034852
0 0.7327272727272728 0.9423592493297587 0.7381818181818182 0.9369973190348525 0.7354545454545455 0.8900804289544236 0.6127272727272727 0.8941018766756033 0.6136363636363636 0.9410187667560321
0 0.4690909090909091 0.8887399463806971 0.4718181818181818 0.839142091152815 0.35 0.8310991957104558 0.3472727272727273 0.8404825737265416 0.3518181818181818 0.8820375335120644
0 0.4781818181818182 0.9396782841823056 0.47545454545454546 0.8900804289544236 0.3527272727272727 0.886058981233244 0.3527272727272727 0.9262734584450402 0.36272727272727273 0.935656836461126
0 0.4818181818181818 0.9959785522788204 0.48363636363636364 0.9557640750670241 0.4772727272727273 0.9436997319034852 0.36 0.9423592493297587 0.3663636363636364 0.9892761394101877
0 0.35818181818181816 0.985254691689008 0.3572727272727273 0.938337801608579 0.24545454545454545 0.9369973190348525 0.24818181818181817 0.9812332439678284
0 0.3490909090909091 0.9343163538873994 0.3463636363636364 0.8847184986595175 0.24363636363636362 0.8833780160857909 0.24818181818181817 0.9329758713136729
0 0.3418181818181818 0.8833780160857909 0.3409090909090909 0.8364611260053619 0.24181818181818182 0.8324396782841823 0.24272727272727274 0.8793565683646113
0 0.1 0.2512889255516602 0.17545454545454545 0.2472674778304806 0.17636363636363636 0.1869457620127862 0.04909090909090909 0.19498865745514546 0.05090909090909091 0.20839348319241088 0.05314685314685314 0.25159826768405846
0 0.10545454545454545 0.31501340482573725 0.1809090909090909 0.30831099195710454 0.18727272727272729 0.30160857908847183 0.18545454545454546 0.25603217158176944 0.08818181818181818 0.2546916890080429 0.05874125874125879 0.255722829449371 0.05734265734265739 0.3114044132810888
0 0.18181818181818182 0.4410187667560322 0.1890909090909091 0.4222520107238606 0.18454545454545454 0.3726541554959786 0.06853146853146856 0.3732728397607756 0.06573426573426575 0.43926582800577446
0 0.18181818181818182 0.36863270777479895 0.1809090909090909 0.3109919571045576 0.09230769230769231 0.31346669416374523 0.06293706293706293 0.3175912559290577 0.06013986013986017 0.3629614353474944
0 0.19272727272727272 0.5 0.18818181818181817 0.43967828418230565 0.06573426573426575 0.44132810888843055 0.06713286713286715 0.5011342544854609
0 0.193006993006993 0.5568158383171787 0.19272727272727272 0.5375335120643432 0.19454545454545455 0.5080428954423593 0.06573426573426572 0.5011342544854609 0.06993006993006994 0.5568158383171787
0 0.040404040404040414 0.07447125409591898 0.1646464646464647 0.07298182901400062 0.1636363636363637 0.1340482573726542 0.04444444444444445 0.13106940720881743
0 0.02424242424242426 0.022341376228775717 0.14141414141414146 0 0.15252525252525256 0.05808757819481685 0.03131313131313135 0.07893952934167422
0 0.45502957542038674 0.010594028495042153 0.5867486630420778 0.020010942712857433 0.5851520680406027 0.07651242801974899 0.4542312779196493 0.06474128524747988
0 0.5931350430479778 0.009416914217815282 0.7248541306696689 0.021188056990084296 0.7240558331689312 0.08239799940588353 0.591538448046503 0.06474128524747988 0.5907401505457655 0.010594028495042172
0 0.8525817307876722 0.022365171267311256 0.7272490231718813 0.023542285544538164 0.7296439156740939 0.08004377085142968 0.8573715157920975 0.07886665657420275
0 0.8733374658068476 0.025896514098991946 0.997871875921901 0.028250742653445734 0.9970735784211636 0.08592934223756417 0.8701442758038975 0.08122088512865654