0 0.8797127468581688 0.31353591160220995 0.8922800718132855 0.2969613259668508 0.8976660682226212 0.255524861878453 0.8859964093357271 0.23204419889502761 0.7342908438061041 0.22790055248618785 0.7351885098743267 0.2900552486187845
0 0.7235188509874326 0.30248618784530384 0.7307001795332136 0.24171270718232044 0.72262118491921 0.2292817679558011 0.5601436265709157 0.23066298342541436 0.5610412926391383 0.2983425414364641
0 0.5511669658886894 0.3080110497237569 0.5565529622980251 0.2472375690607735 0.5502692998204668 0.23480662983425415 0.36983842010771995 0.22513812154696133 0.3752244165170557 0.28591160220994477 0.38150807899461403 0.292817679558011
0 0.8078994614003591 0.7831491712707183 0.9488330341113106 0.7790055248618785 0.9587073608617595 0.7113259668508287 0.9506283662477558 0.6961325966850829 0.7854578096947935 0.6933701657458563 0.77737881508079 0.7002762430939227 0.7755834829443446 0.761049723756906 0.7854578096947935 0.7845303867403315
0 0.2836624775583483 0.899171270718232 0.38330341113105926 0.8977900552486188 0.3877917414721723 0.8770718232044199 0.3807993952565436 0.8200058156440825 0.205045828215062 0.8141901715615003 0.20107719928186715 0.7914364640883977 0.20377019748653502 0.9005524861878453
0 0.7899461400359067 0.8770718232044199 0.9254937163375224 0.8646408839779005 0.9353680430879713 0.835635359116022 0.9353680430879713 0.7969613259668509 0.9201077199281867 0.7845303867403315 0.8901067750165361 0.7996510613550452 0.7701029953699331 0.7981971503343994 0.7653784371161295 0.8011049723756904 0.7666068222621185 0.8770718232044199
0 0.7863554757630161 0.9792817679558011 0.9326750448833034 0.9613259668508287 0.9389587073608617 0.893646408839779 0.9241235944439197 0.8854318115731318 0.7692998204667864 0.8812154696132597 0.772937730322215 0.8956091887176505 0.7630161579892281 0.9654696132596685 0.7692998204667864 0.9779005524861878
0 0.6122082585278277 0.9765193370165746 0.7531418312387792 0.9751381215469613 0.7594254937163375 0.9709944751381215 0.7630161579892281 0.9019337016574586 0.7567324955116697 0.8895027624309392 0.6867145421903053 0.8977900552486188 0.5807899461400359 0.8895027624309392 0.5798922800718133 0.9709944751381215
0 0.4111310592459605 0.9765193370165746 0.5754039497307002 0.9723756906077348 0.578096947935368 0.9019337016574586 0.5700179533213644 0.8867403314917127 0.39587073608617596 0.8922651933701657 0.39497307001795334 0.9737569060773481
0 0.37881508078994613 0.9903314917127072 0.3877917414721723 0.9765193370165746 0.3789095719550223 0.9086943879034604 0.1992818671454219 0.9046961325966851 0.20107719928186715 0.9737569060773481 0.2073608617594255 0.9806629834254144
0 0.19389587073608616 0.9571823204419889 0.1992818671454219 0.9461325966850829 0.19299820466786355 0.8867403314917127 0.017953321364452424 0.888121546961326 0.02423698384201077 0.9475138121546961
0 0.48615798922800724 0.8410773480662984 0.1842549371633752 0.08287292817679558
0 0.6746678635547577 0.8527348066298343 0.17764811490125673 0.08287292817679558
0 0.6808078994614003 0.7400276243093922 0.17481149012567326 0.08140883977900552
0 0.6864811490125673 0.6564364640883977 0.17481149012567326 0.07414364640883978
0 0.8745242369838421 0.6469889502762431 0.17669658886894077 0.07560773480662984
0 0.4908797127468582 0.7283977900552486 0.18804308797127467 0.06397790055248619
0 0.3014183123877917 0.7451381215469614 0.1833213644524237 0.07414364640883978
0 0.11906642728904847 0.7385911602209945 0.17574506283662478 0.07850828729281768
0 0.09685816876122083 0.8440055248618784 0.16913824057450627 0.07124309392265193
0 0.6241113105924596 0.36928176795580114 0.15590664272890487 0.07560773480662984
0 0.6071095152603232 0.12140883977900553 0.2050448833034111 0.08287292817679558
0 0.9009694793536804 0.1911878453038674 0.1710233393177738 0.09160220994475138
0 0.11622980251346499 0.15265193370165744 0.13039497307001793 0.06687845303867404
0 0.24897666068222624 0.2784254143646409 0.17292639138240573 0.09160220994475138
0 0.4464631956912029 0.377292817679558 0.17292639138240573 0.07124309392265193
0 0.49608617594254933 0.18174033149171273 0.20409335727109518 0.07850828729281768
0 0.10676840215439856 0.30168508287292817 0.15118491921005384 0.07997237569060774
0 0.6813626855687548 0.05662063974683662 0.8570450504889215 0.18264722498979555 0.8831599966257032 0.09862950149448957 0.7490241369231433 0 0.6967942446495803 0.0036529444997958423
0 0.5981290749314938 0.14539110206455366 0.599640933572711 0.19751381215469613 0.6077199281867145 0.22099447513812154 0.7100538599640933 0.2265193370165746 0.8145138429556835 0.2282640302413492 0.8123877917414721 0.14917127071823205 0.7143532079750544 0.13666763594068043 0.6945100633090806 0.14248328002326258
0 0.22168407919082547 0.31455482522412975 0.22172351885098743 0.3729281767955801 0.35368043087971274 0.3687845303867403 0.3473967684021544 0.31215469613259667 0.3329574107690997 0.31455482522412975
0 0.08194547674369035 0.3172092963230675 0.08707360861759425 0.3701657458563536 0.20874531970497961 0.3769348960491682 0.2118491921005386 0.35773480662983426 0.2118491921005386 0.3301104972375691 0.21133307160214881 0.3185365318725364 0.18761220825852784 0.3149171270718232 0.16216578555593458 0.3185365318725364
0 0.19196243612760666 0.13174670633234165 0.3659715508907609 0.16362090947726304 0.3590664272890485 0.2294942626434339 0.19058141140726415 0.210369740756481