0 0.43791946308724833 0.06623931623931624 0.438758389261745 0 0.3087248322147651 0.002136752136752137 0.311241610738255 0.05982905982905983
0 0.42449664429530204 0.14743589743589744 0.4412751677852349 0.12606837606837606 0.438758389261745 0.06837606837606838 0.3104026845637584 0.06623931623931624 0.311241610738255 0.13675213675213677
0 0.5922818791946308 0.17307692307692307 0.6040268456375839 0.15598290598290598 0.6015100671140939 0.08974358974358974 0.47315436241610737 0.08333333333333333 0.47231543624161076 0.16666666666666666
0 0.6023489932885906 0.08333333333333333 0.5998322147651006 0.01282051282051282 0.47315436241610737 0.00641025641025641 0.473993288590604 0.07692307692307693
0 0.825503355704698 0.16452991452991453 0.8305369127516778 0.09188034188034189 0.8263422818791947 0.0811965811965812 0.6912751677852349 0.07051282051282051 0.6937919463087249 0.14102564102564102
0 0.825503355704698 0.25 0.8271812080536913 0.17735042735042736 0.8213087248322147 0.16666666666666666 0.6929530201342282 0.1517094017094017 0.6937919463087249 0.23076923076923078
0 0.9765100671140939 0.19444444444444445 0.9815436241610739 0.13034188034188035 0.9756711409395973 0.11538461538461539 0.8447986577181208 0.10256410256410256 0.8288590604026845 0.11752136752136752 0.8313758389261745 0.18803418803418803
0 0.9798657718120806 0.2799145299145299 0.9790268456375839 0.19658119658119658 0.875 0.18376068376068377 0.8305369127516778 0.1987179487179487 0.8288590604026845 0.25 0.8364093959731543 0.26495726495726496
0 0.9949664429530202 0.37393162393162394 1 0.3696581196581197 0.9958053691275168 0.29914529914529914 0.87751677852349 0.2841880341880342 0.8783557046979866 0.36324786324786323
0 0.8758389261744967 0.35683760683760685 0.8733221476510067 0.27350427350427353 0.7315436241610739 0.25854700854700857 0.7307046979865772 0.3547008547008547 0.7458053691275168 0.33760683760683763
0 0.8708053691275168 0.4465811965811966 0.8758389261744967 0.4337606837606838 0.875 0.358974358974359 0.7298657718120806 0.344017094017094 0.7307046979865772 0.42735042735042733
0 0.9966442953020134 0.4722222222222222 1 0.391025641025641 0.9924496644295302 0.37606837606837606 0.9203020134228188 0.36324786324786323 0.87751677852349 0.37393162393162394 0.8783557046979866 0.452991452991453
0 0.7046979865771812 0.3141025641025641 0.7265100671140939 0.3055555555555556 0.7239932885906041 0.24358974358974358 0.5889261744966443 0.2329059829059829 0.589765100671141 0.29914529914529914
0 0.4446308724832215 0.27564102564102566 0.44546979865771813 0.18803418803418803 0.31142092092089046 0.17059004666426755 0.311241610738255 0.26495726495726496
0 0.3053691275167785 0.26282051282051283 0.3028523489932886 0.1794871794871795 0.1761744966442953 0.17307692307692307 0.17281879194630873 0.24145299145299146 0.17869127516778524 0.2564102564102564
0 0.16778523489932887 0.22863247863247863 0.174496644295302 0.1987179487179487 0.17030201342281878 0.15384615384615385 0.05536912751677853 0.1517094017094017 0.05453020134228188 0.2222222222222222
0 0.16778523489932887 0.3141025641025641 0.17114093959731544 0.26282051282051283 0.16526845637583892 0.2264957264957265 0.05201342281879195 0.22863247863247863 0.05453020134228188 0.3076923076923077
0 0.3036912751677852 0.344017094017094 0.30453020134228187 0.26495726495726496 0.174496644295302 0.26282051282051283 0.174496644295302 0.3269230769230769 0.1837248322147651 0.33760683760683763
0 0.4446308724832215 0.3611111111111111 0.4437919463087248 0.27350427350427353 0.31291946308724833 0.26495726495726496 0.3070469798657718 0.28846153846153844 0.30788590604026844 0.3504273504273504
0 0.5805369127516778 0.38247863247863245 0.5813758389261745 0.2863247863247863 0.44966442953020136 0.28846153846153844 0.45050335570469796 0.36324786324786323
0 0.7231543624161074 0.41239316239316237 0.7256711409395973 0.29914529914529914 0.7139261744966443 0.3162393162393162 0.5964765100671141 0.2948717948717949 0.5889261744966443 0.2799145299145299 0.5880872483221476 0.3974358974358974
0 0.8758389261744967 0.5534188034188035 0.9935026483464836 0.5628650474857587 0.995081637713561 0.5326899057506346 0.9966442953020134 0.4893162393162393 0.8666107382550335 0.4700854700854701 0.8640939597315436 0.5491452991452992
0 0.860738255033557 0.5363247863247863 0.8598993288590604 0.44871794871794873 0.7248322147651006 0.43803418803418803 0.7248322147651006 0.5106837606837606 0.7323825503355704 0.5213675213675214
0 0.9949664429530202 0.6474358974358975 0.9941275167785235 0.5726495726495726 0.8640939597315436 0.5662393162393162 0.8640334706045811 0.639308182244939
0 0.8590604026845637 0.6217948717948718 0.8598993288590604 0.5384615384615384 0.7273489932885906 0.5170940170940171 0.7214765100671141 0.532051282051282 0.7256711409395973 0.6068376068376068
0 0.9983221476510067 0.75 1 0.6645299145299145 0.9941275167785235 0.6538461538461539 0.8657718120805369 0.655982905982906 0.8674496644295302 0.7329059829059829 0.8783557046979866 0.7478632478632479
0 0.8624161073825504 0.7200854700854701 0.8640939597315436 0.6431623931623932 0.8565436241610739 0.6324786324786325 0.7248322147651006 0.6217948717948718 0.7256711409395973 0.7136752136752137
0 1 0.8311965811965812 0.9991610738255033 0.7478632478632479 0.8657718120805369 0.7542735042735043 0.8657718120805369 0.8141025641025641 0.8766778523489933 0.8290598290598291
0 0.9815436241610739 0.9252136752136753 0.9848188091274401 0.8827197234907447 0.9840604026845637 0.8376068376068376 0.8557046979865772 0.8397435897435898 0.8582214765100671 0.9188034188034188
0 0.988255033557047 0.9978632478632479 0.9874161073825504 0.9230769230769231 0.8557046979865772 0.9294871794871795 0.8565436241610739 1
0 0.8523489932885906 0.9978632478632479 0.8515100671140939 0.9358974358974359 0.7105704697986577 0.9188034188034188 0.7046979865771812 0.967948717948718 0.712248322147651 1
0 0.8489932885906041 0.9337606837606838 0.8557046979865772 0.9123931623931624 0.8557046979865772 0.8482905982905983 0.8481543624161074 0.8333333333333334 0.7239932885906041 0.8162393162393162 0.709731543624161 0.8311965811965812 0.709731543624161 0.9123931623931624 0.7156040268456376 0.9230769230769231
0 0.860738255033557 0.8141025641025641 0.8598993288590604 0.717948717948718 0.7248322147651006 0.7158119658119658 0.7239932885906041 0.8034188034188035
0 0.6996644295302014 0.9722222222222222 0.7021812080536913 0.8888888888888888 0.5654362416107382 0.8782051282051282 0.5662751677852349 0.9615384615384616
0 0.7030201342281879 0.8867521367521367 0.7038590604026845 0.7991452991452992 0.572986577181208 0.7735042735042735 0.5637583892617449 0.7841880341880342 0.5662751677852349 0.8760683760683761
0 0.7214765100671141 0.7884615384615384 0.7206375838926175 0.7008547008547008 0.5830536912751678 0.6837606837606838 0.575503355704698 0.6944444444444444 0.5796979865771812 0.7777777777777778
0 0.7214765100671141 0.7029914529914529 0.7231543624161074 0.6217948717948718 0.7172818791946308 0.6025641025641025 0.5771812080536913 0.5918803418803419 0.575503355704698 0.6730769230769231 0.5813758389261745 0.688034188034188
0 0.7181208053691275 0.5961538461538461 0.7189597315436241 0.5170940170940171 0.5822147651006712 0.5064102564102564 0.584731543624161 0.5854700854700855
0 0.7197986577181208 0.5149572649572649 0.7214765100671141 0.4337606837606838 0.7139261744966443 0.4230769230769231 0.5855704697986577 0.41239316239316237 0.5864093959731543 0.5042735042735043
0 0.5788590604026845 0.4935897435897436 0.5838926174496645 0.41239316239316237 0.5780201342281879 0.3974358974358974 0.4471476510067114 0.38461538461538464 0.4429530201342282 0.40384615384615385 0.4471476510067114 0.47863247863247865
0 0.5771812080536913 0.5747863247863247 0.5796979865771812 0.49572649572649574 0.4437919463087248 0.47435897435897434 0.4412751677852349 0.4893162393162393 0.4437919463087248 0.5598290598290598
0 0.5704697986577181 0.6645299145299145 0.572986577181208 0.5769230769230769 0.45721476510067116 0.5598290598290598 0.44043624161073824 0.5598290598290598 0.436241610738255 0.5747863247863247 0.438758389261745 0.6495726495726496
0 0.5687919463087249 0.75 0.5738255033557047 0.7414529914529915 0.5713087248322147 0.6666666666666666 0.43456375838926176 0.655982905982906 0.43708053691275167 0.7350427350427351
0 0.5604026845637584 0.8739316239316239 0.5595637583892618 0.7735042735042735 0.4538590604026846 0.7606837606837606 0.42449664429530204 0.7713675213675214 0.42533557046979864 0.8675213675213675
0 0.5604026845637584 0.9594017094017094 0.5612416107382551 0.8760683760683761 0.42449664429530204 0.8696581196581197 0.4228187919463087 0.9423076923076923 0.4286912751677852 0.9529914529914529
0 0.41778523489932884 0.9081196581196581 0.41694630872483224 0.8205128205128205 0.28187919463087246 0.8141025641025641 0.2802013422818792 0.8867521367521367 0.29446308724832215 0.905982905982906
0 0.40604026845637586 0.8226495726495726 0.41946308724832215 0.8141025641025641 0.41694630872483224 0.7350427350427351 0.2802013422818792 0.7371794871794872 0.2827181208053691 0.811965811965812
0 0.42953020134228187 0.7286324786324786 0.4286912751677852 0.6410256410256411 0.2936241610738255 0.6346153846153846 0.29446308724832215 0.7136752136752137
0 0.4278523489932886 0.6431623931623932 0.4303691275167785 0.5512820512820513 0.3011744966442953 0.5341880341880342 0.2936241610738255 0.5534188034188035 0.2978187919463087 0.6324786324786325
0 0.436241610738255 0.5405982905982906 0.4354026845637584 0.44871794871794873 0.30201342281879195 0.43803418803418803 0.30033557046979864 0.5192307692307693 0.3062080536912752 0.5256410256410257
0 0.436241610738255 0.4423076923076923 0.4412751677852349 0.391025641025641 0.4354026845637584 0.37606837606837606 0.3036912751677852 0.35683760683760685 0.3028523489932886 0.4358974358974359
0 0.29697986577181207 0.43803418803418803 0.29949664429530204 0.3504273504273504 0.17869127516778524 0.3333333333333333 0.16778523489932887 0.344017094017094 0.1686241610738255 0.4230769230769231
0 0.2936241610738255 0.5192307692307693 0.2978187919463087 0.44017094017094016 0.16778523489932887 0.42948717948717946 0.17030201342281878 0.5085470085470085
0 0.2802013422818792 0.6175213675213675 0.2902684563758389 0.6132478632478633 0.29278523489932884 0.5256410256410257 0.16191275167785235 0.5085470085470085 0.15604026845637584 0.5277777777777778 0.1568791946308725 0.6025641025641025
0 0.2902684563758389 0.6987179487179487 0.287751677852349 0.6153846153846154 0.15771812080536912 0.6089743589743589 0.15771812080536912 0.6730769230769231 0.1686241610738255 0.688034188034188
0 0.2785234899328859 0.7884615384615384 0.27936241610738255 0.7051282051282052 0.16191275167785235 0.6837606837606838 0.1493288590604027 0.6987179487179487 0.1493288590604027 0.7713675213675214 0.1552013422818792 0.782051282051282
0 0.2785234899328859 0.8782051282051282 0.27768456375838924 0.7905982905982906 0.1493288590604027 0.7841880341880342 0.15016778523489932 0.8632478632478633
0 0.12751677852348994 0.8397435897435898 0.1476510067114094 0.8141025641025641 0.14513422818791946 0.7478632478632479 0.0016778523489932886 0.75 0.0041946308724832215 0.8247863247863247
0 0.12751677852348994 0.7542735042735043 0.1476510067114094 0.7457264957264957 0.14848993288590603 0.6794871794871795 0.03104026845637584 0.6623931623931624 0.022651006711409395 0.6452991452991453 0.0016778523489932886 0.6730769230769231 0.0041946308724832215 0.7564102564102564 0.009228187919463088 0.7435897435897436
0 0.1493288590604027 0.6730769230769231 0.15436241610738255 0.6688034188034188 0.1518456375838926 0.594017094017094 0.026845637583892617 0.5790598290598291 0.025167785234899327 0.6474358974358975 0.037751677852348994 0.6623931623931624
0 0.15268456375838926 0.5961538461538461 0.15855704697986578 0.49572649572649574 0.05956375838926174 0.4829059829059829 0.026845637583892617 0.4935897435897436 0.02936241610738255 0.5726495726495726
0 0.1610738255033557 0.48504273504273504 0.1644295302013423 0.42094017094017094 0.1568791946308725 0.405982905982906 0.08640939597315436 0.3888888888888889 0.03523489932885906 0.40384615384615385 0.03523489932885906 0.4636752136752137 0.041107382550335574 0.47863247863247865
0 0.16275167785234898 0.40384615384615385 0.16526845637583892 0.32051282051282054 0.03691275167785235 0.3141025641025641 0.037751677852348994 0.3974358974358974 0.0964765100671141 0.3888888888888889
0 0.45156113218558513 0.20438498699368274 0.5836008170411439 0.20810107766629515 0.5814123139772396 0.28428093645484964 0.451561132185585 0.27870680044593094