0 0.847457627118644 0.5114285714285715 0.8549905838041432 0.4942857142857144 0.8568738229755178 0.4314285714285715 0.8502824858757062 0.38285714285714295 0.7518470230334637 0.37802197802197796 0.7380848906272635 0.38461538461538464 0.7293930175286106 0.38461538461538464 0.7175141242937854 0.38000000000000006 0.7203389830508474 0.5028571428571429
0 0.832391713747646 0.6942857142857143 0.839924670433145 0.6657142857142857 0.839924670433145 0.5857142857142857 0.8271765898884543 0.5692307692307691 0.7315659858032739 0.5604395604395603 0.7024482109227872 0.5457142857142857 0.7052730696798494 0.6857142857142857
0 0.832391713747646 0.8542857142857143 0.8314500941619586 0.72 0.7005649717514124 0.7 0.696798493408663 0.8257142857142857 0.7033898305084746 0.84
0 0.9698681732580038 0.8657142857142858 0.9736346516007532 0.7514285714285714 0.9582790091264668 0.734065934065934 0.9198899029407503 0.7208791208791209 0.8510792409097494 0.7186813186813187 0.8380414312617702 0.7114285714285714 0.8361581920903954 0.8485714285714285 0.8427495291902072 0.8628571428571429
0 0.8531073446327684 0.9914285714285714 0.9651600753295668 0.9885714285714285 0.967984934086629 0.8771428571428571 0.835216572504708 0.8628571428571429 0.8305084745762712 0.9685714285714285
0 0.8173258003766478 0.98 0.8286252354048964 0.9571428571428572 0.8305084745762712 0.8714285714285714 0.8239171374764596 0.8571428571428571 0.6930320150659134 0.8485714285714285 0.6892655367231638 0.94 0.699623352165725 0.9714285714285714
0 0.9717514124293786 0.6942857142857143 0.9811676082862524 0.6714285714285714 0.9830508474576272 0.5971428571428572 0.9619006229175722 0.5538461538461539 0.9256844850065189 0.5560439560439561 0.8361581920903954 0.54 0.8418079096045198 0.6485714285714286 0.8540489642184558 0.68
0 0.9905838041431262 0.5228571428571429 0.992467043314501 0.4257142857142857 0.9839924670433146 0.4057142857142857 0.8634651600753296 0.37714285714285717 0.8568738229755178 0.3914285714285714 0.8568738229755178 0.48857142857142855 0.867231638418079 0.52
0 0.7137476459510358 0.5171428571428571 0.7175141242937854 0.39714285714285713 0.7109227871939736 0.38285714285714284 0.576271186440678 0.3514285714285714 0.5790960451977402 0.49142857142857144
0 0.6986817325800376 0.6542857142857142 0.6977401129943502 0.5257142857142857 0.5612052730696798 0.5114285714285715 0.5621468926553672 0.64
0 0.6911487758945386 0.82 0.6986817325800376 0.7914285714285715 0.6986817325800376 0.7171428571428572 0.6902071563088512 0.6685714285714286 0.5574387947269304 0.6485714285714286 0.5555555555555556 0.7628571428571429 0.5621468926553672 0.8057142857142857
0 0.64030131826742 0.9914285714285714 0.67984934086629 0.98 0.6883239171374764 0.8285714285714286 0.5446907141822397 0.8087912087912088 0.5489642184557438 0.9657142857142857
0 0.504708097928437 0.9514285714285714 0.544256120527307 0.9457142857142857 0.5410691003911343 0.7978021978021977 0.4411125597566276 0.797802197802198 0.4124293785310734 0.7914285714285715 0.4152542372881356 0.9371428571428572
0 0.544256120527307 0.7685714285714286 0.5451977401129944 0.6457142857142857 0.4124293785310734 0.66 0.4171374764595104 0.7714285714285715
0 0.5065913370998116 0.6428571428571429 0.5536723163841808 0.6257142857142857 0.5489642184557438 0.5028571428571429 0.4265536723163842 0.49714285714285716 0.4180790960451977 0.5228571428571429 0.4209039548022599 0.6457142857142857
0 0.5706214689265536 0.48857142857142855 0.576271186440678 0.4257142857142857 0.571563088512241 0.3485714285714286 0.4350282485875706 0.35714285714285715 0.4378531073446328 0.4857142857142857
0 0.527306967984934 0.3171428571428571 0.5772128060263654 0.30857142857142855 0.5781544256120528 0.18571428571428572 0.4425612052730697 0.18 0.4453860640301318 0.3142857142857143
0 0.4331450094161959 0.32857142857142857 0.435969868173258 0.19428571428571428 0.3060263653483992 0.18857142857142858 0.3013182674199623 0.20857142857142857 0.3041431261770245 0.32571428571428573
0 0.423728813559322 0.48857142857142855 0.4312617702448211 0.4542857142857143 0.4284369114877589 0.3485714285714286 0.2984934086629002 0.34285714285714286 0.2919020715630885 0.36857142857142855 0.3060263653483992 0.4857142857142857
0 0.4086629001883239 0.66 0.4143126177024482 0.6371428571428571 0.41246579210436674 0.5330401887207051 0.30358129938986755 0.5183017503228977 0.2806026365348399 0.5171428571428571 0.2815442561205273 0.6514285714285715
0 0.3483992467043315 0.7914285714285715 0.403954802259887 0.7828571428571428 0.4067796610169492 0.6714285714285714 0.2711864406779661 0.66 0.2721280602636535 0.7828571428571428
0 0.20527306967984935 0.7742857142857142 0.2645951035781544 0.7657142857142857 0.2674199623352166 0.6428571428571429 0.14733812397054913 0.6534041023027999 0.13559322033898305 0.6485714285714286 0.1384180790960452 0.7714285714285715
0 0.2693032015065913 0.6257142857142857 0.2787193973634652 0.6085714285714285 0.2788900203728251 0.5060197183247247 0.15988615101199696 0.5011069055254556 0.14689265536723164 0.5114285714285715 0.14693334890469592 0.6141015999086465 0.25541306655334195 0.6263836319068194
0 0.292531179720653 0.4784896204968531 0.290152782490985 0.3533391786575833 0.15819209039548024 0.3514285714285714 0.16101694915254236 0.4685714285714286
0 0.2937853107344633 0.34 0.2962480081124149 0.20879120879120877 0.19846443575257136 0.21758241758241767 0.1781833985223816 0.21098901098901102 0.1638418079096045 0.22 0.1647834274952919 0.3314285714285714
0 0.15819209039548024 0.3378021978021978 0.1622482978415182 0.21318681318681326 0.038389106185716344 0.21538461538461548 0.032015065913371 0.23494505494505494 0.03672316384180791 0.33494505494505494
0 0.15065913370998116 0.4714285714285714 0.15160075329566855 0.3485714285714286 0.031073446327683617 0.32571428571428573 0.02071563088512241 0.3457142857142857 0.025423728813559324 0.4514285714285714
0 0.1337099811676083 0.6257142857142857 0.14500941619585686 0.5971428571428572 0.14414022888599157 0.5032967032967033 0.033318846878168884 0.49670329670329677 0.009416195856873822 0.5 0.014124293785310734 0.6171428571428571
0 0.12052730696798493 0.7857142857142857 0.1318267419962335 0.7571428571428571 0.1244535401317271 0.6603267130180981 0.00618829757561074 0.6582403726926064 0 0.6542857142857142 0 0.7628571428571429 0.010357815442561206 0.7771428571428571
0 0.12617702448210924 0.9628571428571429 0.13559322033898305 0.94 0.13648634097319245 0.8439246616613605 0.012032800841465331 0.8428814914986148 0.009416195856873822 0.8428571428571429 0.01224105461393597 0.9428571428571428
0 0.03694046066927423 0.07252747252747262 0.1636969433579603 0.05934065934065935 0.16586991163262352 0.16483516483516475 0.03911342894393744 0.18461538461538468
0 0.17601043024771837 0.024175824175824152 0.2998696219035202 0.0395604395604395 0.3005939446617412 0.1538461538461538 0.1731131392148341 0.13846153846153852
0 0.30493988121106763 0.05274725274725272 0.4345936549326379 0.05054945054945054 0.4331450094161959 0.16923076923076927 0.3056642039692887 0.16703296703296705
0 0.4382152687237433 0.03296703296703291 0.5671447196870926 0.04615384615384615 0.5693176879617557 0.15824175824175823 0.43893959148196426 0.14065934065934071
0 0.5729393017528611 0.02197802197802194 0.7054903665073156 0.03736263736263739 0.7054903665073156 0.16043956043956045 0.5729393017528611 0.1406593406593407
0 0.7221497899464 0.048351648351648305 0.8510792409097494 0.07912087912087916 0.8496305953933072 0.19340659340659336 0.7243227582210634 0.15824175824175818
0 0.8684629871070548 0.09230769230769226 0.8713602781399391 0.22197802197802202 1 0.22197802197802194 0.9995654063450673 0.10329670329670324
0 0.584528465884398 0.24175824175824176 0.7156308851224106 0.24615384615384617 0.720701144429958 0.35824175824175847 0.5859771114008403 0.35604395604395606
0 0.7293930175286106 0.20659340659340655 0.8612197595248442 0.2549450549450549 0.8575981457337389 0.37362637362637346 0.7250470809792844 0.31648351648351636
0 0.8742575691728233 0.2483516483516483 0.8735332464146024 0.3692307692307692 0.9988410835868464 0.4109890109890109 0.9988410835868462 0.29230769230769216
0 0.13855761869588828 0.8373039121831353 0.2669958607454477 0.8373039121831354 0.2669958607454477 0.9376859044758948 0.25999013845183533 0.9731148429321629 0.1420604798426945 0.9589432675496556 0.13700079151953004 0.9388668690911036
0 0.2694834349996591 0.8328321395941846 0.40222897890689857 0.8267751785789541 0.4045578480982536 0.9277245288327945 0.39990010971554346 0.9499333858886395 0.26881804380212904 0.9519523728937163