0 0.8625498007968128 0.04891304347826087 0.8685258964143426 0.03152173913043478 0.8635458167330677 0.006521739130434782 0.7430278884462151 0.003260869565217391 0.7460159362549801 0.0391304347826087
0 0.9780876494023905 0.057608695652173914 0.9900398406374502 0.05543478260869565 0.9890438247011952 0.015217391304347827 0.8874501992031872 0.006521739130434782 0.8705179282868526 0.011956521739130435 0.8735059760956175 0.05
0 0.7370517928286853 0.08152173913043478 0.7340637450199203 0.0391304347826087 0.6723107569721115 0.030434782608695653 0.6115537848605578 0.03369565217391304 0.6125498007968128 0.07608695652173914
0 0.8665338645418327 0.09456521739130434 0.8635458167330677 0.05217391304347826 0.7410358565737052 0.04456521739130435 0.7420318725099602 0.08478260869565217
0 0.9920318725099602 0.10326086956521739 0.9930278884462151 0.06304347826086956 0.8754980079681275 0.05434782608695652 0.8705179282868526 0.059782608695652176 0.8754980079681275 0.1
0 0.9860557768924303 0.14673913043478262 0.9890438247011952 0.10434782608695652 0.8725099601593626 0.10326086956521739 0.8715139442231076 0.14130434782608695
0 0.8665338645418327 0.13804347826086957 0.8705179282868526 0.10108695652173913 0.8635458167330677 0.09565217391304348 0.7430278884462151 0.09239130434782608 0.7440239043824701 0.13260869565217392
0 0.7350597609561753 0.12717391304347825 0.7370517928286853 0.08804347826086957 0.7300796812749004 0.08260869565217391 0.6095617529880478 0.07934782608695652 0.6105577689243028 0.11739130434782609
0 0.7350597609561753 0.17282608695652174 0.7360557768924303 0.13043478260869565 0.6115537848605578 0.12282608695652174 0.6125498007968128 0.16521739130434782
0 0.8625498007968128 0.1815217391304348 0.8635458167330677 0.1391304347826087 0.75 0.13260869565217392 0.7410358565737052 0.13804347826086957 0.7420318725099602 0.17391304347826086
0 0.9880478087649402 0.1923913043478261 0.9920318725099602 0.15760869565217392 0.9850597609561753 0.15 0.8685258964143426 0.14673913043478262 0.8715139442231076 0.18695652173913044
0 0.9860557768924303 0.23369565217391305 0.9870517928286853 0.1956521739130435 0.8774900398406374 0.18695652173913044 0.8685258964143426 0.1923913043478261 0.8695219123505976 0.22826086956521738
0 0.8625498007968128 0.22717391304347825 0.8615537848605578 0.18478260869565216 0.7390438247011952 0.1793478260869565 0.7400398406374502 0.21739130434782608
0 0.7290836653386454 0.2141304347826087 0.7300796812749004 0.17391304347826086 0.6075697211155379 0.16847826086956522 0.6065737051792829 0.20869565217391303
0 0.7330677290836654 0.266304347826087 0.7370517928286853 0.22717391304347825 0.7300796812749004 0.2217391304347826 0.6055776892430279 0.2141304347826087 0.6065737051792829 0.2543478260869565
0 0.8605577689243028 0.2728260869565217 0.8665338645418327 0.24239130434782608 0.8615537848605578 0.23043478260869565 0.7619521912350598 0.2217391304347826 0.7390438247011952 0.22717391304347825 0.7420318725099602 0.26521739130434785
0 0.9820717131474104 0.28152173913043477 0.9850597609561753 0.23695652173913043 0.8685258964143426 0.23369565217391305 0.8675298804780877 0.27608695652173915
0 0.9780876494023905 0.325 0.9840637450199203 0.32065217391304346 0.9840637450199203 0.29239130434782606 0.9770916334661355 0.2826086956521739 0.8645418326693227 0.28369565217391307 0.8675298804780877 0.3239130434782609
0 0.8565737051792829 0.3184782608695652 0.8605577689243028 0.28152173913043477 0.853585657370518 0.27608695652173915 0.7350597609561753 0.275 0.7360557768924303 0.31521739130434784
0 0.7231075697211156 0.3184782608695652 0.7310756972111554 0.28804347826086957 0.7260956175298805 0.27608695652173915 0.6105577689243028 0.2608695652173913 0.601593625498008 0.266304347826087 0.599601593625498 0.29456521739130437 0.6065737051792829 0.3065217391304348
0 0.5956175298804781 0.30543478260869567 0.5966135458167331 0.26304347826086955 0.4681274900398406 0.2619565217391304 0.4711155378486056 0.30217391304347824
0 0.46215139442231074 0.3076086956521739 0.4631474103585657 0.26521739130434785 0.3346613545816733 0.2619565217391304 0.3376494023904382 0.3
0 0.32270916334661354 0.30543478260869567 0.32171314741035856 0.2565217391304348 0.19123505976095617 0.2619565217391304 0.19123505976095617 0.2967391304347826 0.19820717131474103 0.30217391304347824
0 0.1852589641434263 0.35108695652173916 0.18426294820717132 0.3065217391304348 0.060756972111553786 0.3065217391304348 0.05776892430278884 0.3141304347826087 0.06274900398406374 0.35
0 0.11553784860557768 0.30543478260869567 0.18227091633466136 0.30434782608695654 0.1852589641434263 0.2597826086956522 0.05976095617529881 0.26413043478260867 0.06274900398406374 0.30434782608695654
0 0.3247011952191235 0.3532608695652174 0.3237051792828685 0.30869565217391304 0.199203187250996 0.3076086956521739 0.20219123505976094 0.34782608695652173
0 0.46215139442231074 0.3532608695652174 0.4631474103585657 0.3108695652173913 0.33665338645418325 0.3076086956521739 0.3396414342629482 0.34782608695652173
0 0.5916334661354582 0.3532608695652174 0.599601593625498 0.34891304347826085 0.598605577689243 0.3108695652173913 0.5109561752988048 0.30434782608695654 0.4701195219123506 0.30978260869565216 0.47310756972111556 0.3456521739130435
0 0.7290836653386454 0.35978260869565215 0.7260956175298805 0.31956521739130433 0.603585657370518 0.3141304347826087 0.6045816733067729 0.3521739130434783
0 0.8565737051792829 0.36195652173913045 0.8595617529880478 0.3217391304347826 0.7350597609561753 0.32065217391304346 0.7360557768924303 0.36086956521739133
0 0.9820717131474104 0.36630434782608695 0.9790836653386454 0.32608695652173914 0.8645418326693227 0.3293478260869565 0.8655378486055777 0.3652173913043478
0 0.9760956175298805 0.4097826086956522 0.9860557768924303 0.39891304347826084 0.9810756972111554 0.3673913043478261 0.8645418326693227 0.3706521739130435 0.8645418326693227 0.40543478260869564 0.8715139442231076 0.40869565217391307
0 0.8545816733067729 0.40543478260869564 0.853585657370518 0.3630434782608696 0.7330677290836654 0.3684782608695652 0.7360557768924303 0.4043478260869565
0 0.7231075697211156 0.4032608695652174 0.7260956175298805 0.3630434782608696 0.603585657370518 0.3576086956521739 0.6045816733067729 0.3978260869565217
0 0.5956175298804781 0.39891304347826084 0.5946215139442231 0.3565217391304348 0.4701195219123506 0.34891304347826085 0.47310756972111556 0.38913043478260867
0 0.46215139442231074 0.40108695652173915 0.46115537848605576 0.358695652173913 0.34163346613545814 0.34782608695652173 0.3346613545816733 0.3532608695652174 0.3376494023904382 0.3934782608695652
0 0.3187250996015936 0.40108695652173915 0.32171314741035856 0.358695652173913 0.20418326693227093 0.34782608695652173 0.19123505976095617 0.3532608695652174 0.1942231075697211 0.3934782608695652
0 0.18127490039840638 0.3967391304347826 0.18725099601593626 0.39456521739130435 0.18625498007968128 0.35434782608695653 0.05976095617529881 0.35543478260869565 0.0647410358565737 0.39565217391304347
0 0.1892430278884462 0.44021739130434784 0.18625498007968128 0.3978260869565217 0.06374501992031872 0.39891304347826084 0.06374501992031872 0.42934782608695654 0.07071713147410359 0.4391304347826087
0 0.19123505976095617 0.483695652173913 0.1902390438247012 0.4434782608695652 0.06772908366533864 0.44021739130434784 0.07270916334661355 0.4826086956521739
0 0.18127490039840638 0.5293478260869565 0.19322709163346613 0.5206521739130435 0.1902390438247012 0.48695652173913045 0.06573705179282868 0.4880434782608696 0.07071713147410359 0.5260869565217391
0 0.20318725099601595 0.5793478260869566 0.20019920318725098 0.5369565217391304 0.0796812749003984 0.5358695652173913 0.0796812749003984 0.5706521739130435 0.08665338645418327 0.5782608695652174
0 0.20318725099601595 0.6228260869565218 0.20019920318725098 0.5826086956521739 0.0796812749003984 0.5836956521739131 0.0796812749003984 0.6141304347826086 0.08665338645418327 0.6217391304347826
0 0.20318725099601595 0.6663043478260869 0.20219123505976094 0.6239130434782608 0.08366533864541832 0.625 0.08665338645418327 0.6630434782608695
0 0.2051792828685259 0.7076086956521739 0.2061752988047809 0.6673913043478261 0.08565737051792828 0.6663043478260869 0.08565737051792828 0.6967391304347826 0.0946215139442231 0.7043478260869566
0 0.20916334661354583 0.7467391304347826 0.20816733067729085 0.7086956521739131 0.08964143426294821 0.7054347826086956 0.0946215139442231 0.7456521739130435
0 0.19322709163346613 0.7902173913043479 0.2151394422310757 0.7880434782608695 0.21215139442231076 0.7478260869565218 0.09163346613545817 0.7489130434782608 0.09163346613545817 0.7793478260869565 0.10258964143426295 0.7891304347826087
0 0.21912350597609562 0.8336956521739131 0.22111553784860558 0.8010869565217391 0.21215139442231076 0.7934782608695652 0.09760956175298804 0.7967391304347826 0.10059760956175298 0.8326086956521739
0 0.21713147410358566 0.875 0.21414342629482072 0.8369565217391305 0.1145418326693227 0.8326086956521739 0.09860557768924302 0.8347826086956521 0.09561752988047809 0.842391304347826 0.099601593625498 0.866304347826087 0.10856573705179283 0.8695652173913043
0 0.21713147410358566 0.9119565217391304 0.22111553784860558 0.883695652173913 0.21414342629482072 0.8760869565217392 0.099601593625498 0.8728260869565218 0.10657370517928287 0.908695652173913
0 0.22310756972111553 0.9489130434782609 0.22211155378486055 0.9152173913043479 0.10358565737051793 0.9163043478260869 0.10856573705179283 0.9478260869565217
0 0.22111553784860558 0.9858695652173913 0.22709163346613545 0.9815217391304348 0.22211155378486055 0.9521739130434783 0.10756972111553785 0.9489130434782609 0.10756972111553785 0.9771739130434782 0.11653386454183266 0.9826086956521739
0 0.3466135458167331 0.9836956521739131 0.3456175298804781 0.95 0.22709163346613545 0.9510869565217391 0.2340637450199203 0.9847826086956522
0 0.34462151394422313 0.9489130434782609 0.3436254980079681 0.9130434782608695 0.2250996015936255 0.9163043478260869 0.2300796812749004 0.9478260869565217
0 0.34462151394422313 0.9097826086956522 0.34163346613545814 0.8717391304347826 0.22310756972111553 0.8771739130434782 0.22808764940239043 0.9108695652173913
0 0.3047808764940239 0.8728260869565218 0.34163346613545814 0.8717391304347826 0.34462151394422313 0.8380434782608696 0.22111553784860558 0.8402173913043478 0.2241035856573705 0.8739130434782608
0 0.34462151394422313 0.8336956521739131 0.34163346613545814 0.7934782608695652 0.22310756972111553 0.7945652173913044 0.22609561752988047 0.8347826086956521
0 0.3386454183266932 0.7902173913043479 0.34063745019920316 0.7532608695652174 0.3336653386454183 0.75 0.21713147410358566 0.7510869565217392 0.2201195219123506 0.7891304347826087
0 0.3346613545816733 0.7489130434782608 0.33565737051792827 0.7086956521739131 0.21314741035856574 0.7076086956521739 0.21812749003984064 0.7456521739130435
0 0.33067729083665337 0.7076086956521739 0.3386454183266932 0.7032608695652174 0.3336653386454183 0.6652173913043479 0.21314741035856574 0.6684782608695652 0.21812749003984064 0.7043478260869566
0 0.33266932270916333 0.6641304347826087 0.3336653386454183 0.6239130434782608 0.24800796812749004 0.6217391304347826 0.20916334661354583 0.6293478260869565 0.21414342629482072 0.6630434782608695
0 0.22111553784860558 0.6228260869565218 0.3336653386454183 0.6217391304347826 0.3346613545816733 0.5858695652173913 0.21215139442231076 0.5804347826086956 0.20916334661354583 0.6184782608695653
0 0.33266932270916333 0.5815217391304348 0.3346613545816733 0.5402173913043479 0.32768924302788843 0.5369565217391304 0.20717131474103587 0.5380434782608695 0.2101593625498008 0.5804347826086956
0 0.32669322709163345 0.5271739130434783 0.3256972111553785 0.48478260869565215 0.20119521912350596 0.48586956521739133 0.20119521912350596 0.5206521739130435 0.2101593625498008 0.5260869565217391
0 0.3187250996015936 0.483695652173913 0.3197211155378486 0.4434782608695652 0.1952191235059761 0.44021739130434784 0.20019920318725098 0.4826086956521739
0 0.3187250996015936 0.4423913043478261 0.3197211155378486 0.40217391304347827 0.19322709163346613 0.3967391304347826 0.19621513944223107 0.4369565217391304
0 0.45617529880478086 0.4423913043478261 0.4591633466135458 0.4043478260869565 0.33067729083665337 0.39456521739130435 0.3286852589641434 0.42934782608695654 0.33565737051792827 0.43478260869565216
0 0.5916334661354582 0.44456521739130433 0.5946215139442231 0.4043478260869565 0.4681274900398406 0.39456521739130435 0.47310756972111556 0.43478260869565216
0 0.7231075697211156 0.44456521739130433 0.7241035856573705 0.4043478260869565 0.599601593625498 0.4032608695652174 0.600597609561753 0.44130434782608696
0 0.852589641434263 0.4489130434782609 0.851593625498008 0.40652173913043477 0.7350597609561753 0.4076086956521739 0.7360557768924303 0.44565217391304346
0 0.9701195219123506 0.45543478260869563 0.9780876494023905 0.4489130434782609 0.9750996015936255 0.41304347826086957 0.8675298804780877 0.40652173913043477 0.8605577689243028 0.41195652173913044 0.8635458167330677 0.45
0 0.9741035856573705 0.4967391304347826 0.9731075697211156 0.45652173913043476 0.8585657370517928 0.45760869565217394 0.8595617529880478 0.4934782608695652
0 0.9701195219123506 0.5380434782608695 0.9731075697211156 0.5 0.8615537848605578 0.4891304347826087 0.8565737051792829 0.4967391304347826 0.8575697211155379 0.5347826086956522
0 0.848605577689243 0.5358695652173913 0.849601593625498 0.4956521739130435 0.7310756972111554 0.4945652173913043 0.7320717131474104 0.5347826086956522
0 0.8306772908366534 0.4945652173913043 0.850597609561753 0.4902173913043478 0.851593625498008 0.45652173913043476 0.7290836653386454 0.45108695652173914 0.7300796812749004 0.4891304347826087
0 0.7211155378486056 0.48586956521739133 0.7201195219123506 0.44782608695652176 0.5976095617529881 0.4467391304347826 0.600597609561753 0.48478260869565215
0 0.5876494023904383 0.4880434782608696 0.5936254980079682 0.4532608695652174 0.5866533864541833 0.44782608695652176 0.4770916334661355 0.43478260869565216 0.46215139442231074 0.4423913043478261 0.4651394422310757 0.47608695652173916
0 0.45219123505976094 0.48586956521739133 0.4551792828685259 0.44565217391304346 0.33565737051792827 0.43478260869565216 0.32669322709163345 0.4423913043478261 0.32669322709163345 0.475 0.33565737051792827 0.48043478260869565
0 0.4601593625498008 0.5315217391304348 0.4591633466135458 0.4891304347826087 0.33266932270916333 0.48586956521739133 0.33565737051792827 0.5282608695652173
0 0.5936254980079682 0.5315217391304348 0.5926294820717132 0.4891304347826087 0.46613545816733065 0.4880434782608696 0.46713147410358563 0.5304347826086957
0 0.599601593625498 0.5793478260869566 0.603585657370518 0.5402173913043479 0.5966135458167331 0.5369565217391304 0.4760956175298805 0.5402173913043479 0.4770916334661355 0.5739130434782609
0 0.46613545816733065 0.5793478260869566 0.4721115537848606 0.5728260869565217 0.46713147410358563 0.5369565217391304 0.34462151394422313 0.5358695652173913 0.34960159362549803 0.5760869565217391
0 0.4641434262948207 0.6184782608695653 0.4651394422310757 0.5804347826086956 0.34063745019920316 0.5815217391304348 0.3386454183266932 0.6097826086956522 0.3456175298804781 0.6173913043478261
0 0.4641434262948207 0.6619565217391304 0.4631474103585657 0.6217391304347826 0.34063745019920316 0.6228260869565218 0.3456175298804781 0.6630434782608695
0 0.4402390438247012 0.7032608695652174 0.4681274900398406 0.6989130434782609 0.4651394422310757 0.6630434782608695 0.3426294820717131 0.6663043478260869 0.3456175298804781 0.7043478260869566
0 0.4163346613545817 0.7445652173913043 0.46713147410358563 0.7434782608695653 0.4681274900398406 0.7054347826086956 0.3426294820717131 0.7076086956521739 0.3456175298804781 0.7434782608695653
0 0.3645418326693227 0.7880434782608695 0.4711155378486056 0.7847826086956522 0.4721115537848606 0.7467391304347826 0.351593625498008 0.7478260869565218 0.34860557768924305 0.7858695652173913
0 0.4721115537848606 0.8315217391304348 0.47410358565737054 0.7967391304347826 0.46713147410358563 0.7913043478260869 0.3655378486055777 0.7913043478260869 0.34860557768924305 0.7989130434782609 0.351593625498008 0.8326086956521739
0 0.4701195219123506 0.8706521739130435 0.46713147410358563 0.8326086956521739 0.34860557768924305 0.8380434782608696 0.351593625498008 0.8717391304347826
0 0.4103585657370518 0.9097826086956522 0.46912350597609564 0.908695652173913 0.4721115537848606 0.875 0.34860557768924305 0.875 0.351593625498008 0.908695652173913
0 0.46613545816733065 0.9467391304347826 0.4721115537848606 0.9423913043478261 0.46713147410358563 0.908695652173913 0.34860557768924305 0.9141304347826087 0.34860557768924305 0.9423913043478261 0.3555776892430279 0.9478260869565217
0 0.4721115537848606 0.9858695652173913 0.4711155378486056 0.95 0.350597609561753 0.9510869565217391 0.35358565737051795 0.9826086956521739
0 0.5936254980079682 0.9793478260869565 0.5926294820717132 0.9434782608695652 0.4760956175298805 0.9489130434782609 0.4770916334661355 0.9804347826086957
0 0.5936254980079682 0.9445652173913044 0.5946215139442231 0.908695652173913 0.4760956175298805 0.9097826086956522 0.4770916334661355 0.9456521739130435
0 0.5398406374501992 0.8706521739130435 0.5966135458167331 0.8673913043478261 0.599601593625498 0.8358695652173913 0.47808764940239046 0.8336956521739131 0.4810756972111554 0.8695652173913043
0 0.5756972111553785 0.907608695652174 0.5976095617529881 0.9054347826086957 0.5966135458167331 0.8717391304347826 0.4760956175298805 0.875 0.47908366533864544 0.908695652173913
0 0.601593625498008 0.8293478260869566 0.602589641434263 0.7913043478260869 0.4820717131474104 0.7923913043478261 0.4850597609561753 0.8304347826086956
0 0.5976095617529881 0.783695652173913 0.5966135458167331 0.7456521739130435 0.4760956175298805 0.7467391304347826 0.47908366533864544 0.7847826086956522
0 0.5916334661354582 0.7445652173913043 0.5946215139442231 0.7065217391304348 0.499003984063745 0.7 0.4721115537848606 0.7054347826086956 0.4721115537848606 0.7358695652173913 0.4810756972111554 0.7434782608695653
0 0.5936254980079682 0.7032608695652174 0.5966135458167331 0.6652173913043479 0.5029880478087649 0.6565217391304348 0.4750996015936255 0.6565217391304348 0.4721115537848606 0.6641304347826087 0.4770916334661355 0.6956521739130435
0 0.5956175298804781 0.6619565217391304 0.5946215139442231 0.6217391304347826 0.47410358565737054 0.6184782608695653 0.4750996015936255 0.6543478260869565
0 0.5976095617529881 0.6184782608695653 0.598605577689243 0.5804347826086956 0.4760956175298805 0.5771739130434783 0.4770916334661355 0.6152173913043478
0 0.7231075697211156 0.6206521739130435 0.7260956175298805 0.5826086956521739 0.603585657370518 0.5836956521739131 0.6045816733067729 0.6195652173913043
0 0.7270916334661355 0.5793478260869566 0.7260956175298805 0.5391304347826087 0.6075697211155379 0.5380434782608695 0.6055776892430279 0.566304347826087 0.6125498007968128 0.5782608695652174
0 0.852589641434263 0.5815217391304348 0.853585657370518 0.5413043478260869 0.7330677290836654 0.5445652173913044 0.7360557768924303 0.5826086956521739
0 0.9641434262948207 0.5836956521739131 0.9760956175298805 0.575 0.9780876494023905 0.5510869565217391 0.9711155378486056 0.5413043478260869 0.8605577689243028 0.5445652173913044 0.8615537848605578 0.5826086956521739
0 0.9661354581673307 0.6228260869565218 0.9691235059760956 0.5847826086956521 0.8565737051792829 0.5858695652173913 0.8575697211155379 0.6217391304347826
0 0.8466135458167331 0.6228260869565218 0.852589641434263 0.6184782608695653 0.8476095617529881 0.5826086956521739 0.7310756972111554 0.5880434782608696 0.7310756972111554 0.6184782608695653 0.7380478087649402 0.6239130434782608
0 0.7231075697211156 0.6619565217391304 0.7270916334661355 0.6293478260869565 0.7181274900398407 0.6217391304347826 0.601593625498008 0.6228260869565218 0.6065737051792829 0.6608695652173913
0 0.8426294820717132 0.6663043478260869 0.850597609561753 0.6489130434782608 0.8476095617529881 0.6260869565217392 0.7310756972111554 0.6271739130434782 0.7320717131474104 0.6630434782608695
0 0.8784860557768924 0.6641304347826087 0.9651394422310757 0.6630434782608695 0.9701195219123506 0.6271739130434782 0.853585657370518 0.6260869565217392 0.852589641434263 0.6619565217391304
0 0.9661354581673307 0.7032608695652174 0.9671314741035857 0.6652173913043479 0.8565737051792829 0.6684782608695652 0.8555776892430279 0.7043478260869566
0 0.9402390438247012 0.7423913043478261 0.9661354581673307 0.7358695652173913 0.9651394422310757 0.7043478260869566 0.8575697211155379 0.7065217391304348 0.850597609561753 0.7184782608695652 0.853585657370518 0.7434782608695653
0 0.9482071713147411 0.783695652173913 0.9661354581673307 0.7771739130434783 0.9631474103585658 0.7434782608695653 0.850597609561753 0.7467391304347826 0.851593625498008 0.782608695652174
0 0.9282868525896414 0.8271739130434783 0.9631474103585658 0.8260869565217391 0.9681274900398407 0.7902173913043479 0.9551792828685259 0.7847826086956522 0.8545816733067729 0.7923913043478261 0.8555776892430279 0.8282608695652174
0 0.9601593625498008 0.8641304347826086 0.9661354581673307 0.8489130434782609 0.9611553784860558 0.8260869565217391 0.850597609561753 0.8315217391304348 0.851593625498008 0.8652173913043478
0 0.9143426294820717 0.9054347826086957 0.9571713147410359 0.9021739130434783 0.9601593625498008 0.8684782608695653 0.8466135458167331 0.8728260869565218 0.8476095617529881 0.9043478260869565
0 0.8665338645418327 0.9402173913043478 0.953187250996016 0.9369565217391305 0.9601593625498008 0.9032608695652173 0.849601593625498 0.9043478260869565 0.8466135458167331 0.9380434782608695
0 0.8924302788844621 0.975 0.951195219123506 0.9717391304347827 0.9561752988047809 0.9402173913043478 0.8426294820717132 0.9445652173913044 0.8456175298804781 0.9760869565217392
0 0.7689243027888446 0.9793478260869565 0.8336653386454184 0.9782608695652174 0.8386454183266933 0.9445652173913044 0.7211155378486056 0.9489130434782609 0.7221115537848606 0.9804347826086957
0 0.7569721115537849 0.9445652173913044 0.8376494023904383 0.941304347826087 0.8406374501992032 0.907608695652174 0.7231075697211156 0.9119565217391304 0.7241035856573705 0.9456521739130435
0 0.8346613545816733 0.9054347826086957 0.8426294820717132 0.8967391304347826 0.8416334661354582 0.8673913043478261 0.7250996015936255 0.8706521739130435 0.7280876494023905 0.9065217391304348
0 0.8007968127490039 0.866304347826087 0.8416334661354582 0.8652173913043478 0.8446215139442231 0.8315217391304348 0.7270916334661355 0.8336956521739131 0.7280876494023905 0.8673913043478261
0 0.8466135458167331 0.8271739130434783 0.8476095617529881 0.7891304347826087 0.7310756972111554 0.7923913043478261 0.7320717131474104 0.8260869565217391
0 0.7629482071713147 0.7880434782608695 0.8456175298804781 0.7869565217391304 0.848605577689243 0.7510869565217392 0.7300796812749004 0.75 0.7270916334661355 0.783695652173913
0 0.8426294820717132 0.7467391304347826 0.848605577689243 0.725 0.8436254980079682 0.7086956521739131 0.75199203187251 0.7065217391304348 0.7270916334661355 0.7141304347826087 0.7300796812749004 0.7478260869565218
0 0.8426294820717132 0.7076086956521739 0.852589641434263 0.7032608695652174 0.849601593625498 0.6673913043478261 0.7330677290836654 0.6684782608695652 0.7340637450199203 0.7043478260869566
0 0.7231075697211156 0.7054347826086956 0.7221115537848606 0.6652173913043479 0.603585657370518 0.6663043478260869 0.601593625498008 0.6967391304347826 0.6085657370517928 0.7021739130434783
0 0.7191235059760956 0.7467391304347826 0.7201195219123506 0.7108695652173913 0.599601593625498 0.7076086956521739 0.602589641434263 0.7434782608695653
0 0.7211155378486056 0.7858695652173913 0.7201195219123506 0.7478260869565218 0.601593625498008 0.7489130434782608 0.6045816733067729 0.7847826086956522
0 0.7250996015936255 0.8271739130434783 0.7241035856573705 0.7913043478260869 0.6075697211155379 0.7902173913043479 0.6085657370517928 0.8282608695652174
0 0.6593625498007968 0.8684782608695653 0.7201195219123506 0.8673913043478261 0.7231075697211156 0.8315217391304348 0.601593625498008 0.8358695652173913 0.602589641434263 0.8695652173913043
0 0.7191235059760956 0.9032608695652173 0.7201195219123506 0.8695652173913043 0.601593625498008 0.8728260869565218 0.602589641434263 0.9043478260869565
0 0.7151394422310757 0.9423913043478261 0.7181274900398407 0.9065217391304348 0.599601593625498 0.9097826086956522 0.600597609561753 0.9434782608695652
0 0.6653386454183267 0.9815217391304348 0.7181274900398407 0.9782608695652174 0.7191235059760956 0.9467391304347826 0.599601593625498 0.9510869565217391 0.6045816733067729 0.9826086956521739
0 0.6992031872509961 0.5315217391304348 0.7231075697211156 0.525 0.7201195219123506 0.4891304347826087 0.5976095617529881 0.4902173913043478 0.598605577689243 0.5282608695652173
0 0.1150199203187251 0.2333913043478261 0.12400398406374502 0.04315217391304348
0 0.25519920318725103 0.23143478260869563 0.13298804780876494 0.04315217391304348
0 0.39808764940239044 0.23241304347826086 0.12760956175298804 0.04902173913043478
0 0.5355577689243028 0.23291304347826086 0.129402390438247 0.050021739130434784