0 0.39819004524886875 0.4485420240137221 0.40180995475113124 0.4399656946826758 0.4004524886877828 0.3567753001715266 0.3095022624434389 0.35591766723842194 0.3076923076923077 0.41938250428816465 0.31085972850678734 0.4425385934819897
0 0.3040723981900452 0.46226415094339623 0.3076923076923077 0.4502572898799314 0.3063348416289593 0.34991423670668953 0.3036199095022624 0.37392795883361923 0.2153846153846154 0.36963979416809606 0.21357466063348415 0.40051457975986277 0.21855203619909502 0.45797598627787306
0 0.5140271493212669 0.28387650085763294 0.5167420814479639 0.26329331046312177 0.5144796380090497 0.1955403087478559 0.4330316742081448 0.18867924528301888 0.42081447963800905 0.20668953687821612 0.4239819004524887 0.27615780445969124
0 0.497737556561086 0.4725557461406518 0.5104072398190045 0.4691252144082333 0.5081447963800905 0.38593481989708406 0.4171945701357466 0.37993138936535165 0.416289592760181 0.46397941680960547 0.41945701357466064 0.4699828473413379
0 0.6009049773755656 0.4879931389365352 0.604524886877828 0.4794168096054888 0.6054298642533936 0.45197255574614065 0.6063348416289592 0.4090909090909091 0.6031674208144796 0.3979416809605489 0.5122171945701357 0.39193825042881647 0.5135746606334841 0.47684391080617494
0 0.5963800904977375 0.3936535162950257 0.6 0.33704974271012006 0.597737556561086 0.3053173241852487 0.5058823529411764 0.29759862778730706 0.5054298642533936 0.38250428816466553
0 0.604524886877828 0.2993138936535163 0.6126696832579186 0.28387650085763294 0.614027149321267 0.20926243567753003 0.5203619909502263 0.20668953687821612 0.5176470588235295 0.28387650085763294 0.5217194570135747 0.2933104631217839
0 0.7085972850678733 0.21012006861063465 0.714027149321267 0.18267581475128644 0.7135746606334842 0.12178387650085763 0.6276018099547511 0.1097770154373928 0.6180995475113122 0.11749571183533447 0.6180995475113122 0.19125214408233276 0.6221719457013575 0.19897084048027444
0 0.7122171945701358 0.30445969125214406 0.7108597285067874 0.21783876500857632 0.639366515837104 0.2109777015437393 0.6180995475113122 0.21526586620926244 0.6212669683257919 0.3018867924528302
0 0.7013574660633484 0.39879931389365353 0.7049773755656109 0.35763293310463123 0.7049773755656109 0.31646655231560894 0.7018099547511312 0.31046312178387653 0.6194570135746607 0.3018867924528302 0.609049773755656 0.30617495711835335 0.6072398190045248 0.3833619210977702 0.6113122171945702 0.3927958833619211
0 0.6968325791855203 0.4879931389365352 0.7031674208144797 0.4125214408233276 0.7 0.4013722126929674 0.618552036199095 0.39451114922813035 0.609049773755656 0.39879931389365353 0.6076923076923076 0.48198970840480276
0 0.6986425339366515 0.6012006861063465 0.7049773755656109 0.5188679245283019 0.6963800904977375 0.4974271012006861 0.6144796380090498 0.49828473413379076 0.609049773755656 0.5686106346483705 0.6104072398190046 0.5917667238421955
0 0.6904977375565611 0.6886792452830188 0.6977375565610859 0.6835334476843911 0.6972850678733031 0.6054888507718696 0.6565610859728507 0.5986277873070326 0.6063348416289592 0.6029159519725558 0.606787330316742 0.6826758147512865
0 0.6877828054298643 0.7778730703259005 0.6932126696832579 0.7126929674099486 0.6909502262443439 0.6912521440823327 0.6 0.6869639794168096 0.5981900452488688 0.7641509433962265 0.6013574660633484 0.7718696397941681
0 0.6850678733031674 0.8636363636363636 0.6914027149321267 0.8533447684391081 0.6950226244343891 0.8344768439108061 0.6945701357466063 0.7770154373927959 0.6063348416289592 0.7761578044596913 0.6018099547511312 0.8379073756432247 0.6040723981900452 0.8542024013722127 0.6221719457013575 0.8610634648370498
0 0.6950226244343891 0.951114922813036 0.6977375565610859 0.8739279588336192 0.6945701357466063 0.8662092624356775 0.6063348416289592 0.8602058319039451 0.6054298642533936 0.9322469982847341 0.6085972850678733 0.9416809605488851 0.6257918552036199 0.9485420240137221
0 0.7819004524886878 0.9665523156089194 0.7891402714932126 0.8927958833619211 0.7868778280542986 0.8867924528301887 0.7280542986425339 0.8782161234991424 0.6995475113122172 0.8825042881646655 0.6981900452488687 0.9605488850771869
0 0.8063348416289593 0.9734133790737565 0.8701357466063349 0.967409948542024 0.8751131221719457 0.9596912521440824 0.8760180995475113 0.8945111492281304 0.8728506787330317 0.888507718696398 0.8565610859728506 0.8867924528301887 0.7914027149321267 0.888507718696398 0.7855203619909502 0.9631217838765008 0.790497737556561 0.9708404802744426
0 0.96289592760181 0.9734133790737565 0.9710407239819004 0.9082332761578045 0.9710407239819004 0.8962264150943396 0.9660633484162896 0.8867924528301887 0.8972850678733032 0.8782161234991424 0.8828054298642534 0.8662092624356775 0.8787330316742081 0.8704974271012007 0.8760180995475113 0.9476843910806175 0.8800904977375565 0.9605488850771869 0.8936651583710408 0.967409948542024
0 0.7809954751131222 0.8790737564322469 0.7864253393665158 0.87221269296741 0.7895927601809954 0.7958833619210978 0.7171945701357466 0.7890222984562607 0.7036199095022625 0.7821612349914236 0.6995475113122172 0.7864493996569468 0.6959276018099547 0.8584905660377359 0.7 0.8679245283018868 0.7153846153846154 0.8747855917667239
0 0.8642533936651584 0.8842195540308748 0.8728506787330317 0.8816466552315609 0.8769230769230769 0.8704974271012007 0.8764705882352941 0.8027444253859348 0.8402714932126697 0.7975986277873071 0.7918552036199095 0.8018867924528302 0.7891402714932126 0.8567753001715266 0.7914027149321267 0.8816466552315609
0 0.9701357466063348 0.885934819897084 0.9773755656108597 0.8619210977701544 0.9800904977375565 0.8190394511149228 0.9800904977375565 0.807032590051458 0.9733031674208145 0.7924528301886793 0.9678733031674208 0.8010291595197255 0.895475113122172 0.7941680960548885 0.8805429864253393 0.807032590051458 0.8796380090497737 0.8481989708404802 0.8891402714932126 0.8730703259005146
0 0.9692307692307692 0.7984562607204116 0.9737556561085973 0.7881646655231561 0.9782805429864253 0.7315608919382505 0.9733031674208145 0.7152658662092625 0.8914027149321267 0.7178387650085764 0.8891402714932126 0.79073756432247
0 0.8760180995475113 0.7967409948542024 0.883710407239819 0.7941680960548885 0.885972850678733 0.7864493996569468 0.8895927601809954 0.7281303602058319 0.8873303167420814 0.7152658662092625 0.8036199095022625 0.7109777015437393 0.7981900452488688 0.774442538593482 0.8004524886877828 0.7873070325900514
0 0.7945701357466063 0.7881646655231561 0.8 0.7487135506003431 0.7995475113122172 0.7049742710120068 0.7886877828054298 0.6981132075471698 0.7031674208144797 0.6955403087478559 0.7013574660633484 0.7521440823327615 0.7090497737556561 0.7821612349914236
0 0.7701357466063349 0.6938250428816467 0.7927601809954751 0.6886792452830188 0.7932126696832579 0.6106346483704974 0.7090497737556561 0.6054888507718696 0.702262443438914 0.6166380789022299 0.7036199095022625 0.6895368782161235
0 0.7891402714932126 0.6080617495711835 0.7945701357466063 0.5994854202401372 0.7963800904977375 0.5291595197255574 0.7886877828054298 0.5145797598627787 0.7380090497737557 0.5060034305317325 0.7067873303167421 0.5102915951972555 0.702262443438914 0.5943396226415094 0.7045248868778281 0.6003430531732419
0 0.779185520361991 0.49313893653516294 0.7945701357466063 0.4879931389365352 0.7941176470588235 0.40823327615780447 0.720814479638009 0.3996569468267582 0.7040723981900453 0.4039451114922813 0.7013574660633484 0.47084048027444253 0.7036199095022625 0.4888507718696398
0 0.7972850678733032 0.4056603773584906 0.8027149321266969 0.33876500857632935 0.8013574660633485 0.3190394511149228 0.7244343891402715 0.307032590051458 0.7171945701357466 0.307032590051458 0.7122171945701358 0.31475128644939965 0.7058823529411765 0.37821612349914235 0.7081447963800905 0.3927958833619211
0 0.7963800904977375 0.3113207547169811 0.8049773755656109 0.31046312178387653 0.8081447963800905 0.30102915951972553 0.8108597285067873 0.24271012006861065 0.8085972850678733 0.22469982847341338 0.7343891402714933 0.21612349914236706 0.7176470588235294 0.22041166380789023 0.716289592760181 0.30360205831903947
0 0.8009049773755657 0.2221269296740995 0.8054298642533937 0.2169811320754717 0.8081447963800905 0.19639794168096056 0.8099547511312217 0.13979416809605488 0.8067873303167421 0.1320754716981132 0.7176470588235294 0.11921097770154374 0.714027149321267 0.19639794168096056 0.716289592760181 0.2109777015437393
0 0.897737556561086 0.3353344768439108 0.9031674208144796 0.26500857632933106 0.9009049773755656 0.2469982847341338 0.8221719457013574 0.2332761578044597 0.8126696832579186 0.23927958833619212 0.8081447963800905 0.30617495711835335 0.8104072398190045 0.32246998284734135 0.8475113122171946 0.33276157804459694
0 0.9927601809954751 0.3542024013722127 1 0.30102915951972553 0.997737556561086 0.2607204116638079 0.9049773755656109 0.25300171526586623 0.902262443438914 0.32675814751286447 0.9054298642533937 0.3361921097770154 0.9171945701357466 0.34305317324185247
0 0.8914027149321267 0.42452830188679247 0.8950226244343892 0.4125214408233276 0.8963800904977376 0.33962264150943394 0.8203619909502262 0.3276157804459691 0.8122171945701357 0.3276157804459691 0.8063348416289593 0.33704974271012006 0.8018099547511313 0.40051457975986277 0.8049773755656109 0.411663807890223
0 0.9846153846153847 0.43825042881646653 0.9923076923076923 0.3567753001715266 0.9063348416289593 0.3379073756432247 0.8995475113122172 0.3421955403087479 0.8968325791855204 0.3902229845626072 0.8990950226244344 0.42538593481989706
0 0.9755656108597285 0.5274442538593482 0.9846153846153847 0.46054888507718694 0.9823529411764705 0.44082332761578047 0.8990950226244344 0.42710120068610635 0.8941176470588236 0.43138936535162953 0.8877828054298642 0.5034305317324185 0.890950226244344 0.516295025728988
0 0.8823529411764706 0.5171526586620926 0.8891402714932126 0.4339622641509434 0.8321266968325792 0.4202401372212693 0.7990950226244344 0.42109777015437394 0.7959276018099547 0.5025728987993139
0 0.8832579185520362 0.6132075471698113 0.8895927601809954 0.5445969125214408 0.8873303167420814 0.5248713550600344 0.8 0.5188679245283019 0.7968325791855203 0.6054888507718696 0.8393665158371041 0.614065180102916
0 0.9447963800904977 0.6166380789022299 0.9782805429864253 0.6080617495711835 0.9800904977375565 0.5411663807890223 0.9769230769230769 0.5317324185248714 0.8923076923076924 0.5308747855917667 0.8927601809954752 0.6157804459691252
0 0.9665158371040724 0.7144082332761578 0.9728506787330317 0.70926243567753 0.9764705882352941 0.6492281303602059 0.9687782805429864 0.6174957118353345 0.8886877828054298 0.6269296740994854 0.8864253393665158 0.7118353344768439
0 0.8805429864253393 0.7126929674099486 0.8841628959276018 0.70926243567753 0.8877828054298642 0.6595197255574614 0.8877828054298642 0.6337907375643225 0.8846153846153846 0.6260720411663808 0.7990950226244344 0.6183533447684391 0.7954751131221719 0.6852487135506004 0.797737556561086 0.7015437392795884 0.834841628959276 0.7118353344768439
0 0.6027149321266968 0.5857632933104632 0.6063348416289592 0.5754716981132075 0.6072398190045248 0.5222984562607204 0.6040723981900452 0.4957118353344768 0.5307692307692308 0.48713550600343053 0.5131221719457013 0.4914236706689537 0.5122171945701357 0.5686106346483705 0.5153846153846153 0.5763293310463122
0 0.5873303167420815 0.6783876500857633 0.6004524886877828 0.6775300171526587 0.6027149321266968 0.6715265866209262 0.6036199095022624 0.5994854202401372 0.6004524886877828 0.5934819897084048 0.5298642533936652 0.5849056603773585 0.516289592760181 0.5849056603773585 0.5122171945701357 0.5909090909090909 0.5095022624434389 0.6029159519725558 0.5108597285067873 0.6723842195540308
0 0.5918552036199095 0.7692967409948542 0.5954751131221719 0.7624356775300172 0.5972850678733032 0.7109777015437393 0.5850678733031675 0.6826758147512865 0.5108597285067873 0.6758147512864494 0.5067873303167421 0.6818181818181818 0.5031674208144796 0.7521440823327615 0.5054298642533936 0.7615780445969125 0.5407239819004525 0.7701543739279588
0 0.5936651583710407 0.8550600343053173 0.5990950226244344 0.8430531732418525 0.5986425339366516 0.7735849056603774 0.5095022624434389 0.7692967409948542 0.5058823529411764 0.8327615780445969 0.5081447963800905 0.8473413379073756
0 0.6018099547511312 0.9562607204116638 0.604524886877828 0.9528301886792453 0.604524886877828 0.9082332761578045 0.6036199095022624 0.8739279588336192 0.5995475113122172 0.8593481989708405 0.5190045248868779 0.8524871355060034 0.5095022624434389 0.8567753001715266 0.5144796380090497 0.9502572898799314
0 0.502262443438914 0.9459691252144082 0.5036199095022624 0.8610634648370498 0.4475113122171946 0.855917667238422 0.41266968325791853 0.8602058319039451 0.4117647058823529 0.9305317324185248 0.4149321266968326 0.9416809605488851
0 0.5031674208144796 0.8584905660377359 0.5076923076923077 0.7967409948542024 0.5054298642533936 0.7753001715265866 0.4402714932126697 0.7632933104631218 0.416289592760181 0.7675814751286449 0.4153846153846154 0.839622641509434 0.41855203619909503 0.8473413379073756
0 0.5004524886877828 0.7675814751286449 0.5018099547511312 0.6843910806174958 0.4108597285067873 0.6783876500857633 0.4122171945701357 0.758147512864494
0 0.502262443438914 0.6783876500857633 0.5067873303167421 0.6320754716981132 0.504524886877828 0.5934819897084048 0.4285067873303167 0.5831903945111492 0.41357466063348414 0.5874785591766724 0.41312217194570133 0.6689536878216124
0 0.3158371040723982 0.5686106346483705 0.3153846153846154 0.4562607204116638 0.304524886877828 0.4665523156089194 0.23574660633484162 0.4631217838765009 0.22624434389140272 0.47084048027444253 0.2244343891402715 0.5154373927958834 0.22760180995475113 0.5660377358490566
0 0.29592760180995475 0.6612349914236707 0.31176470588235294 0.660377358490566 0.3158371040723982 0.6543739279588336 0.3167420814479638 0.5823327615780446 0.31357466063348416 0.5728987993138936 0.2253393665158371 0.5703259005145798 0.2257918552036199 0.6569468267581475
0 0.4081447963800905 0.676672384219554 0.4085972850678733 0.5900514579759862 0.3253393665158371 0.5780445969125214 0.318552036199095 0.5840480274442539 0.3190045248868778 0.6672384219554031
0 0.4072398190045249 0.7658662092624356 0.4067873303167421 0.6809605488850772 0.3244343891402715 0.6706689536878216 0.3167420814479638 0.676672384219554 0.3158371040723982 0.7469982847341338 0.3190045248868778 0.7564322469982847
0 0.3076923076923077 0.7469982847341338 0.31040723981900453 0.7435677530017153 0.31040723981900453 0.7178387650085764 0.3072398190045249 0.6638078902229846 0.2248868778280543 0.6569468267581475 0.21809954751131222 0.6612349914236707 0.2171945701357466 0.7281303602058319 0.22036199095022624 0.7375643224699828 0.2583710407239819 0.7461406518010292
0 0.3167420814479638 0.8413379073756432 0.32036199095022627 0.8173241852487135 0.3190045248868778 0.7598627787307033 0.2900452488687783 0.7495711835334476 0.22986425339366515 0.7469982847341338 0.22895927601809954 0.8190394511149228 0.23484162895927602 0.8301886792452831
0 0.4099547511312217 0.8533447684391081 0.41357466063348414 0.8156089193825042 0.4122171945701357 0.7718696397941681 0.3597285067873303 0.7615780445969125 0.3230769230769231 0.7641509433962265 0.3235294117647059 0.8439108061749572
0 0.4090497737556561 0.9408233276157805 0.4117647058823529 0.9288164665523156 0.4095022624434389 0.8576329331046312 0.32036199095022627 0.8499142367066895 0.3208144796380091 0.9296740994854202 0.35248868778280545 0.9382504288164666
0 0.3167420814479638 0.9288164665523156 0.3180995475113122 0.8473413379073756 0.22895927601809954 0.8344768439108061 0.22850678733031674 0.9159519725557461
0 0.2081447963800905 0.46054888507718694 0.21176470588235294 0.4468267581475129 0.21266968325791855 0.3747855917667238 0.13574660633484162 0.3616352201257862 0.1372549019607843 0.39879931389365353 0.1304675716440422 0.4502572898799314 0.18959276018099547 0.45797598627787306
0 0.20904977375565612 0.5583190394511149 0.216289592760181 0.5497427101200686 0.21809954751131222 0.5377358490566038 0.2171945701357466 0.4691252144082333 0.15027312098462184 0.4551716559438836 0.14739708039161473 0.5151343890622395 0.15027312098462187 0.5451157556214175
0 0.216289592760181 0.6595197255574614 0.22171945701357465 0.5737564322469982 0.14811609053986652 0.5519297025666853 0.1459590600951112 0.6445993810223261
0 0.21357466063348415 0.7504288164665524 0.216289592760181 0.7384219554030875 0.216289592760181 0.6663807890222985 0.14667807024336296 0.6514133279675939 0.1459590600951112 0.7386318488670206
0 0.2153846153846154 0.8361921097770154 0.22171945701357465 0.8293310463121784 0.22171945701357465 0.7590051457975986 0.21764705882352942 0.7530017152658662 0.1459590600951112 0.744083006423235 0.1452400499468594 0.8258503697664475
0 0.22262443438914026 0.9202401372212693 0.22217194570135745 0.8353344768439108 0.1459590600951112 0.8326643167117153 0.1430830195021041 0.9062549437206068 0.16153846153846155 0.9125214408233276
0 0.9087481146304675 0.05145797598627785 0.9939668174962294 0.06575185820468839 0.9924585218702865 0.15437392795883356 0.9072398190045251 0.14293882218410517
0 0.9125188536953243 0.15866209262435674 0.9947209653092006 0.18153230417381364 0.9901960784313724 0.2644368210405947 0.9095022624434389 0.25300171526586623
0 0.8114630467571644 0.137221269296741 0.9027149321266968 0.1629502572898799 0.8929110105580694 0.2444253859348199 0.8099547511312217 0.22298456260720412
0 0.7262443438914026 0.0114351057747284 0.8137254901960784 0.0471698113207547 0.8061840120663649 0.13293310463121785 0.720211161387632 0.10434534019439677
0 0.8227752639517345 0.02715837621497998 0.9064856711915537 0.04431103487707263 0.9027149321266968 0.1300743281875357 0.8167420814479637 0.11435105774728414
0 0.6274509803921567 0.020011435105774713 0.6244343891402715 0.10291595197255575 0.7149321266968325 0.11863922241280735 0.7179487179487178 0.03716409376786736
0 0.5188536953242835 0.11149228130360206 0.6123680241327301 0.11578044596912522 0.6116138763197587 0.2015437392795883 0.5196078431372549 0.20583190394511144
0 0.3227752639517345 0.4774156660949114 0.41553544494720973 0.4902801600914808 0.41101055806938164 0.5817610062893082 0.3212669683257918 0.5717552887364208 0.32352941176470584 0.47741566609491143
0 0.4223227752639517 0.4917095483133218 0.5098039215686274 0.5045740423098913 0.5037707390648567 0.5946255002858777 0.41704374057315224 0.5774728416237851
0 0.41055479465176586 0.2820974035340835 0.5069021545175044 0.29436250803556546 0.5018690834797418 0.38839497588025995 0.4141498453930248 0.37476708198972447 0.406959743910507 0.3693159244335103