0 0.12391304347826088 0.34953703703703703 0.23152173913043478 0.3333333333333333 0.23478260869565218 0.24305555555555555 0.19891304347826086 0.23148148148148148 0.03333333333333334 0.25154320987654316 0.03260869565217391 0.3487654320987654 0.09891304347826087 0.35185185185185186
0 0.22391304347826088 0.45601851851851855 0.2326086956521739 0.4513888888888889 0.225 0.35185185185185186 0.03623188405797102 0.359567901234568 0.034782608695652174 0.4598765432098765
0 0.2108695652173913 0.5625 0.25 0.5532407407407407 0.2467391304347826 0.4537037037037037 0.11304347826086956 0.4699074074074074 0.03333333333333334 0.4706790123456791 0.03695652173913044 0.5617283950617284
0 0.2326086956521739 0.6736111111111112 0.22934782608695653 0.5740740740740741 0.03768115942028988 0.5663580246913581 0.03695652173913044 0.66820987654321 0.11195652173913044 0.6712962962962963
0 0.24130434782608695 0.7708333333333334 0.24782608695652175 0.7615740740740741 0.24565217391304348 0.7060185185185185 0.2358695652173913 0.6805555555555556 0.11413043478260869 0.6759259259259259 0.0391304347826087 0.6759259259259259 0.04202898550724638 0.7654320987654322
0 0.23478260869565218 0.8757716049382717 0.24130434782608695 0.8665123456790125 0.2358695652173913 0.7762345679012347 0.04275362318840584 0.771604938271605 0.04202898550724641 0.8688271604938272
0 0.21521739130434783 0.9699074074074074 0.24782608695652175 0.9606481481481481 0.24456521739130435 0.8842592592592593 0.04420289855072467 0.8796296296296297 0.04565217391304348 0.9614197530864198 0.11847826086956521 0.9675925925925926
0 0.48043478260869565 0.9699074074074074 0.48695652173913045 0.9606481481481481 0.4815217391304348 0.875 0.2554347826086957 0.875 0.25 0.8958333333333334 0.25217391304347825 0.9513888888888888 0.2597826086956522 0.9629629629629629
0 0.46956521739130436 0.8726851851851852 0.4956521739130435 0.8495370370370371 0.4923913043478261 0.7731481481481481 0.2543478260869565 0.7800925925925926 0.2543478260869565 0.8634259259259259 0.2619565217391304 0.875
0 0.4543478260869565 0.7708333333333334 0.49130434782608695 0.7615740740740741 0.48586956521739133 0.6666666666666666 0.24347826086956523 0.6828703703703703 0.2554347826086957 0.7731481481481481
0 0.4652173913043478 0.6689814814814815 0.47608695652173916 0.6365740740740741 0.4706521739130435 0.5694444444444444 0.23804347826086958 0.5694444444444444 0.2326086956521739 0.5902777777777778 0.23804347826086958 0.6712962962962963
0 0.4934782608695652 0.5671296296296297 0.4923913043478261 0.46296296296296297 0.2597826086956522 0.4583333333333333 0.25217391304347825 0.4837962962962963 0.2554347826086957 0.5648148148148148
0 0.3695652173913043 0.44212962962962965 0.47282608695652173 0.4351851851851852 0.47391304347826085 0.3449074074074074 0.23043478260869565 0.3449074074074074 0.2358695652173913 0.4398148148148148
0 0.4826086956521739 0.33101851851851855 0.4815217391304348 0.24074074074074073 0.2391304347826087 0.23842592592592593 0.24239130434782608 0.3333333333333333
0 0.5521739130434783 0.33101851851851855 0.725 0.3148148148148148 0.7304347826086957 0.22453703703703703 0.48695652173913045 0.24305555555555555 0.4902173913043478 0.3333333333333333
0 0.717391304347826 0.44675925925925924 0.7195652173913043 0.34953703703703703 0.7119565217391305 0.3287037037037037 0.47608695652173916 0.34953703703703703 0.47608695652173916 0.42824074074074076 0.483695652173913 0.4444444444444444
0 0.8043478260869565 0.24305555555555555 0.9728260869565217 0.22685185185185186 0.9891304347826086 0.21064814814814814 0.9869565217391304 0.12731481481481483 0.9576086956521739 0.11574074074074074 0.741304347826087 0.13657407407407407 0.7489130434782608 0.24537037037037038
0 0.9586956521739131 0.3449074074074074 0.991304347826087 0.33101851851851855 0.9891304347826086 0.2569444444444444 0.975 0.2361111111111111 0.7478260869565218 0.2523148148148148 0.7478260869565218 0.33101851851851855 0.7554347826086957 0.3472222222222222
0 0.9586956521739131 0.44675925925925924 0.9576086956521739 0.3472222222222222 0.7217391304347827 0.34953703703703703 0.7271739130434782 0.4444444444444444
0 0.9217391304347826 0.5532407407407407 0.975 0.5416666666666666 0.9782608695652174 0.46064814814814814 0.9576086956521739 0.44907407407407407 0.7434782608695653 0.4652777777777778 0.7467391304347826 0.5555555555555556
0 0.7391304347826086 0.5486111111111112 0.741304347826087 0.47453703703703703 0.7271739130434782 0.44907407407407407 0.49782608695652175 0.44675925925925924 0.5032608695652174 0.5416666666666666
0 0.7260869565217392 0.6550925925925926 0.7434782608695653 0.6365740740740741 0.7380434782608696 0.5555555555555556 0.5010869565217392 0.5509259259259259 0.49782608695652175 0.5717592592592593 0.5 0.6504629629629629 0.5076086956521739 0.6574074074074074
0 0.9739130434782609 0.6643518518518519 0.9847826086956522 0.6180555555555556 0.9847826086956522 0.5856481481481481 0.975 0.5648148148148148 0.7456521739130435 0.5671296296296297 0.7489130434782608 0.6574074074074074
0 0.9739130434782609 0.7569444444444444 0.975 0.6666666666666666 0.7402173913043478 0.6620370370370371 0.7369565217391304 0.6921296296296297 0.7423913043478261 0.7546296296296297
0 0.7304347826086957 0.7523148148148148 0.7336956521739131 0.6574074074074074 0.4934782608695652 0.6643518518518519 0.4967391304347826 0.75
0 0.717391304347826 0.8541666666666666 0.7391304347826086 0.8449074074074074 0.7358695652173913 0.7592592592592593 0.49782608695652175 0.7569444444444444 0.5010869565217392 0.8518518518518519
0 0.8695652173913043 0.8634259259259259 0.9788730626855872 0.8563783865901345 0.978873062685587 0.7671259014971339 0.7434782608695653 0.7662037037037037 0.7434782608695653 0.8495370370370371 0.7510869565217392 0.8657407407407407
0 0.967391304347826 0.9560185185185185 0.9706521739130435 0.8657407407407407 0.7369565217391304 0.8726851851851852 0.7445652173913043 0.9583333333333334
0 0.7217391304347827 0.9606481481481481 0.725 0.8611111111111112 0.5010869565217392 0.8611111111111112 0.48695652173913045 0.8773148148148148 0.4902173913043478 0.9629629629629629
0 0.24202898550724633 0.13425925925925922 0.49202898550724633 0.13580246913580243 0.49130434782608695 0.23456790123456792 0.24275362318840576 0.23302469135802467
0 0.49710144927536226 0.1280864197530864 0.7362318840579709 0.10956790123456787 0.7362318840579709 0.20370370370370366 0.4927536231884058 0.23302469135802473
0 0.7601449275362318 0.026234567901234556 0.9934782608695653 0.015432098765432093 0.9971014492753623 0.10185185185185185 0.7557971014492753 0.11882716049382715
0 0.22971014492753622 0.1296296296296296 0.030434782608695622 0.1450617283950617 0.030434782608695636 0.23919753086419757 0.23188405797101447 0.2253086419753086