0 0.9049586776859504 0.9968487394957983 0.9256198347107438 0.9926470588235294 0.9266528925619835 0.9621848739495799 0.7995867768595041 0.9653361344537815 0.8006198347107438 0.9957983193277311
0 0.762396694214876 1 0.7954545454545454 0.9968487394957983 0.7944214876033058 0.9621848739495799 0.6673553719008265 0.9632352941176471 0.6683884297520661 1
0 0.6669432083480381 1 0.6673553719008265 0.9842436974789915 0.6621900826446281 0.9600840336134454 0.5364608142308012 0.9572076398076161 0.5394777591753237 0.9971055930239283
0 0.5330578512396694 0.9947478991596639 0.5320247933884298 0.9621848739495799 0.40289256198347106 0.9632352941176471 0.4059917355371901 0.9915966386554622
0 0.3925619834710744 1 0.40082644628099173 0.990546218487395 0.3977272727272727 0.9663865546218487 0.2727272727272727 0.9611344537815126 0.2799586776859504 1
0 0.20454545454545456 1 0.27169421487603307 0.9978991596638656 0.2706611570247934 0.9632352941176471 0.14256198347107438 0.9590336134453782 0.14359504132231404 0.9978991596638656
0 0.13429752066115702 0.9884453781512605 0.13326446280991736 0.9558823529411765 0.014462809917355372 0.9485294117647058 0.01962809917355372 0.9810924369747899
0 0.12603305785123967 0.9527310924369747 0.1322314049586777 0.9464285714285714 0.12706611570247933 0.9159663865546218 0.006198347107438017 0.9086134453781513 0.011363636363636364 0.9432773109243697
0 0.2644628099173554 0.9590336134453782 0.2634297520661157 0.9222689075630253 0.1384297520661157 0.9149159663865546 0.1384297520661157 0.9485294117647058 0.14566115702479338 0.9537815126050421
0 0.39669421487603307 0.9653361344537815 0.3956611570247934 0.9243697478991597 0.2706611570247934 0.9212184873949579 0.27169421487603307 0.957983193277311
0 0.5330578512396694 0.9590336134453782 0.5320247933884298 0.9222689075630253 0.4049586776859504 0.9191176470588235 0.4059917355371901 0.957983193277311
0 0.6611570247933884 0.9590336134453782 0.6694214876033058 0.9548319327731093 0.6663223140495868 0.9222689075630253 0.5371900826446281 0.9254201680672269 0.5402892561983471 0.957983193277311
0 0.7954545454545454 0.9611344537815126 0.8037190082644629 0.9401260504201681 0.7985537190082644 0.9222689075630253 0.6714876033057852 0.9254201680672269 0.6745867768595041 0.957983193277311
0 0.9276859504132231 0.9611344537815126 0.9349173553719008 0.9243697478991597 0.8057851239669421 0.9275210084033614 0.8037190082644629 0.9548319327731093 0.8109504132231405 0.9621848739495799
0 0.9359504132231405 0.9233193277310925 0.9349173553719008 0.8865546218487395 0.8130165289256198 0.8865546218487395 0.8078512396694215 0.8939075630252101 0.8088842975206612 0.9222689075630253
0 0.8016528925619835 0.9191176470588235 0.8006198347107438 0.8823529411764706 0.6756198347107438 0.8876050420168067 0.6766528925619835 0.9201680672268907
0 0.6528925619834711 0.9212184873949579 0.6714876033057852 0.917016806722689 0.6683884297520661 0.884453781512605 0.5413223140495868 0.8876050420168067 0.5464876033057852 0.9201680672268907
0 0.53099173553719 0.9191176470588235 0.5413223140495868 0.9149159663865546 0.5340909090909091 0.884453781512605 0.4090909090909091 0.8855042016806722 0.4142561983471074 0.9180672268907563
0 0.390495867768595 0.9233193277310925 0.39669421487603307 0.9107142857142857 0.3894628099173554 0.8886554621848739 0.2644628099173554 0.8876050420168067 0.2644628099173554 0.9128151260504201 0.27169421487603307 0.9180672268907563
0 0.26239669421487605 0.9191176470588235 0.26136363636363635 0.8865546218487395 0.14359504132231404 0.8781512605042017 0.13636363636363635 0.8855042016806722 0.13946280991735538 0.9138655462184874
0 0.128099173553719 0.9149159663865546 0.12706611570247933 0.8823529411764706 0.004132231404958678 0.875 0.009297520661157025 0.907563025210084
0 0.12603305785123967 0.8813025210084033 0.125 0.8403361344537815 0.002066115702479339 0.8371848739495799 0.007231404958677686 0.8718487394957983
0 0.12190082644628099 0.8392857142857143 0.12293388429752067 0.8025210084033614 0 0.7951680672268907 0.0030991735537190084 0.8319327731092437
0 0.25826446280991733 0.8455882352941176 0.2603305785123967 0.8119747899159664 0.253099173553719 0.8067226890756303 0.14772727272727273 0.8004201680672269 0.13016528925619836 0.805672268907563 0.1353305785123967 0.8403361344537815
0 0.26239669421487605 0.8834033613445378 0.26136363636363635 0.8466386554621849 0.13429752066115702 0.8413865546218487 0.13429752066115702 0.8728991596638656 0.1415289256198347 0.8781512605042017
0 0.39462809917355374 0.8876050420168067 0.39359504132231404 0.8487394957983193 0.2665289256198347 0.8455882352941176 0.26962809917355374 0.8823529411764706
0 0.39669421487603307 0.8476890756302521 0.3987603305785124 0.8161764705882353 0.3915289256198347 0.8088235294117647 0.2665289256198347 0.8077731092436975 0.26962809917355374 0.8445378151260504
0 0.5268595041322314 0.8434873949579832 0.53099173553719 0.8098739495798319 0.5196280991735537 0.8046218487394958 0.4080578512396694 0.8046218487394958 0.3987603305785124 0.8140756302521008 0.40392561983471076 0.8445378151260504
0 0.5330578512396694 0.8834033613445378 0.5278925619834711 0.8445378151260504 0.40392561983471076 0.8445378151260504 0.40082644628099173 0.851890756302521 0.4080578512396694 0.8823529411764706
0 0.6570247933884298 0.8855042016806722 0.6673553719008265 0.8792016806722689 0.6642561983471075 0.8487394957983193 0.5330578512396694 0.8497899159663865 0.5402892561983471 0.884453781512605
0 0.7975206611570248 0.8834033613445378 0.7964876033057852 0.8466386554621849 0.6694214876033058 0.8497899159663865 0.6745867768595041 0.884453781512605
0 0.9359504132231405 0.8876050420168067 0.9349173553719008 0.8487394957983193 0.8078512396694215 0.851890756302521 0.8130165289256198 0.8865546218487395
0 0.9338842975206612 0.8476890756302521 0.9349173553719008 0.8109243697478992 0.8078512396694215 0.8119747899159664 0.8088842975206612 0.8487394957983193
0 0.7644628099173554 0.8476890756302521 0.7954545454545454 0.8434873949579832 0.7923553719008265 0.8067226890756303 0.6849173553719008 0.8046218487394958 0.6632231404958677 0.8140756302521008 0.6632231404958677 0.8392857142857143 0.6704545454545454 0.8466386554621849
0 0.6632231404958677 0.8455882352941176 0.6601239669421488 0.8067226890756303 0.5330578512396694 0.8098739495798319 0.5340909090909091 0.8445378151260504
0 0.9400826446280992 0.8077731092436975 0.9452479338842975 0.7710084033613446 0.8181818181818182 0.7678571428571429 0.8171487603305785 0.8046218487394958
0 0.8099173553719008 0.8035714285714286 0.8088842975206612 0.7647058823529411 0.6838842975206612 0.7636554621848739 0.6828512396694215 0.8004201680672269
0 0.6797520661157025 0.8014705882352942 0.6787190082644629 0.7647058823529411 0.5475206611570248 0.7657563025210085 0.5475206611570248 0.7909663865546218 0.5630165289256198 0.8004201680672269
0 0.5392561983471075 0.8014705882352942 0.5382231404958677 0.7647058823529411 0.40702479338842973 0.7615546218487395 0.40702479338842973 0.782563025210084 0.42045454545454547 0.7983193277310925
0 0.40082644628099173 0.8035714285714286 0.40702479338842973 0.8014705882352942 0.40702479338842973 0.7846638655462185 0.39979338842975204 0.7647058823529411 0.2799586776859504 0.7584033613445378 0.27479338842975204 0.7657563025210085 0.27789256198347106 0.7983193277310925
0 0.2644628099173554 0.8035714285714286 0.2634297520661157 0.7668067226890757 0.13636363636363635 0.759453781512605 0.1415289256198347 0.7983193277310925
0 0.13016528925619836 0.7993697478991597 0.13119834710743802 0.7605042016806722 0.010330578512396695 0.7552521008403361 0.01756198347107438 0.792016806722689
0 0.1322314049586777 0.759453781512605 0.13326446280991736 0.7226890756302521 0.012396694214876033 0.7153361344537815 0.013429752066115703 0.7521008403361344
0 0.2644628099173554 0.7657563025210085 0.2634297520661157 0.726890756302521 0.1384297520661157 0.7195378151260504 0.13946280991735538 0.7542016806722689
0 0.40082644628099173 0.7636554621848739 0.4018595041322314 0.7247899159663865 0.30268595041322316 0.7184873949579832 0.2706611570247934 0.7237394957983193 0.2737603305785124 0.7563025210084033
0 0.5392561983471075 0.7636554621848739 0.5361570247933884 0.7247899159663865 0.40702479338842973 0.7216386554621849 0.4080578512396694 0.7584033613445378
0 0.6797520661157025 0.7636554621848739 0.6766528925619835 0.7247899159663865 0.5495867768595041 0.7237394957983193 0.5506198347107438 0.7605042016806722
0 0.8161157024793388 0.7636554621848739 0.8150826446280992 0.726890756302521 0.6890495867768595 0.7226890756302521 0.6838842975206612 0.7321428571428571 0.6838842975206612 0.759453781512605 0.6911157024793388 0.7626050420168067
0 0.9462809917355371 0.7678571428571429 0.9452479338842975 0.7310924369747899 0.8202479338842975 0.7321428571428571 0.8212809917355371 0.7647058823529411
0 0.9504132231404959 0.7279411764705882 0.9493801652892562 0.6911764705882353 0.8243801652892562 0.6880252100840336 0.8233471074380165 0.7247899159663865
0 0.8181818181818182 0.7237394957983193 0.8192148760330579 0.6869747899159664 0.6880165289256198 0.6859243697478992 0.6911157024793388 0.7205882352941176
0 0.6797520661157025 0.7216386554621849 0.6807851239669421 0.6827731092436975 0.5475206611570248 0.6838235294117647 0.5506198347107438 0.7205882352941176
0 0.5392561983471075 0.7237394957983193 0.5382231404958677 0.6827731092436975 0.4121900826446281 0.6785714285714286 0.40702479338842973 0.6880252100840336 0.41012396694214875 0.7184873949579832
0 0.40289256198347106 0.7237394957983193 0.39979338842975204 0.6827731092436975 0.2727272727272727 0.6796218487394958 0.2737603305785124 0.7184873949579832
0 0.2665289256198347 0.7258403361344538 0.2675619834710744 0.6848739495798319 0.1384297520661157 0.6796218487394958 0.13946280991735538 0.7163865546218487
0 0.1322314049586777 0.7195378151260504 0.13119834710743802 0.6827731092436975 0.010330578512396695 0.6754201680672269 0.013429752066115703 0.7121848739495799
0 0.13429752066115702 0.6817226890756303 0.13326446280991736 0.6428571428571429 0.010330578512396695 0.6355042016806722 0.013429752066115703 0.6722689075630253
0 0.26859504132231404 0.6838235294117647 0.2675619834710744 0.6470588235294118 0.1384297520661157 0.6397058823529411 0.13946280991735538 0.6764705882352942
0 0.40289256198347106 0.6817226890756303 0.40392561983471076 0.6449579831932774 0.2799586776859504 0.6365546218487395 0.2727272727272727 0.6460084033613446 0.2727272727272727 0.6712184873949579 0.2799586776859504 0.6764705882352942
0 0.5413223140495868 0.6817226890756303 0.5382231404958677 0.6407563025210085 0.4090909090909091 0.6439075630252101 0.41012396694214875 0.6785714285714286
0 0.6838842975206612 0.6817226890756303 0.6828512396694215 0.6428571428571429 0.5495867768595041 0.6439075630252101 0.5547520661157025 0.680672268907563
0 0.8223140495867769 0.6838235294117647 0.8212809917355371 0.6470588235294118 0.6921487603305785 0.6439075630252101 0.6952479338842975 0.6827731092436975
0 0.9545454545454546 0.6901260504201681 0.9576446280991735 0.6512605042016807 0.8264462809917356 0.6523109243697479 0.8274793388429752 0.6848739495798319
0 0.9566115702479339 0.648109243697479 0.9597107438016529 0.6092436974789915 0.8285123966942148 0.6081932773109243 0.8295454545454546 0.6470588235294118
0 0.8161157024793388 0.6439075630252101 0.8171487603305785 0.6050420168067226 0.6838842975206612 0.5997899159663865 0.6838842975206612 0.6355042016806722 0.6911157024793388 0.6407563025210085
0 0.6797520661157025 0.6397058823529411 0.6787190082644629 0.5987394957983193 0.5475206611570248 0.6039915966386554 0.5506198347107438 0.6386554621848739
0 0.5433884297520661 0.6397058823529411 0.5444214876033058 0.6008403361344538 0.41115702479338845 0.5997899159663865 0.4121900826446281 0.6365546218487395
0 0.4049586776859504 0.6418067226890757 0.40702479338842973 0.6039915966386554 0.3977272727272727 0.5987394957983193 0.27479338842975204 0.5997899159663865 0.27582644628099173 0.6365546218487395
0 0.26859504132231404 0.6439075630252101 0.2675619834710744 0.6029411764705882 0.14049586776859505 0.5976890756302521 0.1415289256198347 0.634453781512605
0 0.1322314049586777 0.6418067226890757 0.13326446280991736 0.6008403361344538 0.008264462809917356 0.5976890756302521 0.013429752066115703 0.6323529411764706
0 0.1322314049586777 0.5997899159663865 0.13326446280991736 0.5546218487394958 0.015495867768595042 0.5462184873949579 0.008264462809917356 0.555672268907563 0.013429752066115703 0.5945378151260504
0 0.2665289256198347 0.601890756302521 0.265495867768595 0.5567226890756303 0.1787190082644628 0.5504201680672269 0.1384297520661157 0.555672268907563 0.1415289256198347 0.5945378151260504
0 0.4049586776859504 0.5955882352941176 0.40392561983471076 0.5546218487394958 0.2706611570247934 0.5577731092436975 0.27582644628099173 0.5966386554621849
0 0.5413223140495868 0.5976890756302521 0.5402892561983471 0.5546218487394958 0.41632231404958675 0.5525210084033614 0.40702479338842973 0.5598739495798319 0.4121900826446281 0.5966386554621849
0 0.6797520661157025 0.5976890756302521 0.6766528925619835 0.5546218487394958 0.5454545454545454 0.5577731092436975 0.5485537190082644 0.5966386554621849
0 0.8161157024793388 0.6039915966386554 0.8171487603305785 0.5630252100840336 0.6859504132231405 0.5577731092436975 0.6849173553719008 0.5966386554621849
0 0.9586776859504132 0.6060924369747899 0.9576446280991735 0.5651260504201681 0.8305785123966942 0.5640756302521008 0.8316115702479339 0.6050420168067226
0 0.9586776859504132 0.5619747899159664 0.9731404958677686 0.5514705882352942 0.9700413223140496 0.523109243697479 0.8409090909090909 0.5178571428571429 0.8419421487603306 0.5567226890756303
0 0.8347107438016529 0.5577731092436975 0.8357438016528925 0.5168067226890757 0.7200413223140496 0.5084033613445378 0.7024793388429752 0.5136554621848739 0.7035123966942148 0.5504201680672269
0 0.6880165289256198 0.5493697478991597 0.6942148760330579 0.5472689075630253 0.6931818181818182 0.5084033613445378 0.5630165289256198 0.5021008403361344 0.5578512396694215 0.5073529411764706 0.5609504132231405 0.5462184873949579
0 0.5537190082644629 0.5493697478991597 0.5526859504132231 0.5084033613445378 0.4194214876033058 0.509453781512605 0.4225206611570248 0.5462184873949579
0 0.4090909090909091 0.5493697478991597 0.4152892561983471 0.5472689075630253 0.4142561983471074 0.5084033613445378 0.2809917355371901 0.5073529411764706 0.28615702479338845 0.5483193277310925
0 0.2768595041322314 0.5493697478991597 0.27789256198347106 0.5084033613445378 0.1683884297520661 0.5021008403361344 0.1446280991735537 0.5073529411764706 0.1518595041322314 0.5462184873949579
0 0.1322314049586777 0.5493697478991597 0.1366355610275768 0.5370907270606349 0.13946280991735538 0.5084033613445378 0.008264462809917356 0.5052521008403361 0.015495867768595042 0.5441176470588235
0 0.1322314049586777 0.5073529411764706 0.1384297520661157 0.5031512605042017 0.14049586776859505 0.4947478991596639 0.14049586776859505 0.4737394957983193 0.13739669421487602 0.4642857142857143 0.04442148760330578 0.46008403361344535 0.042355371900826444 0.4579831932773109 0.011363636363636364 0.4579831932773109 0.008264462809917356 0.46113445378151263 0.008264462809917356 0.4989495798319328 0.011363636363636364 0.5021008403361344 0.06301652892561983 0.5021008403361344 0.06508264462809918 0.5042016806722689
0 0.2768595041322314 0.5052521008403361 0.27582644628099173 0.4642857142857143 0.14669421487603307 0.4632352941176471 0.14979338842975207 0.5
0 0.41115702479338845 0.5052521008403361 0.4121900826446281 0.46638655462184875 0.2809917355371901 0.4632352941176471 0.2840909090909091 0.5021008403361344
0 0.5454545454545454 0.5073529411764706 0.5516528925619835 0.5010504201680672 0.5506198347107438 0.4684873949579832 0.47210743801652894 0.46218487394957986 0.4152892561983471 0.46743697478991597 0.4152892561983471 0.49684873949579833 0.4225206611570248 0.5042016806722689
0 0.6880165289256198 0.5073529411764706 0.6942148760330579 0.5031512605042017 0.6931818181818182 0.46638655462184875 0.5599173553719008 0.4653361344537815 0.5630165289256198 0.5021008403361344
0 0.8285123966942148 0.5136554621848739 0.8295454545454546 0.4726890756302521 0.7055785123966942 0.4642857142857143 0.6962809917355371 0.47163865546218486 0.6993801652892562 0.5063025210084033
0 0.96900826446281 0.5220588235294118 0.9752066115702479 0.49054621848739494 0.9700413223140496 0.47689075630252103 0.8409090909090909 0.47584033613445376 0.8419421487603306 0.5147058823529411
0 0.9545454545454546 0.47584033613445376 0.9731404958677686 0.47163865546218486 0.9700413223140496 0.43487394957983194 0.8409090909090909 0.4317226890756303 0.8419421487603306 0.47058823529411764
0 0.9731404958677686 0.4338235294117647 0.9762396694214877 0.3949579831932773 0.8450413223140496 0.38760504201680673 0.8460743801652892 0.4264705882352941
0 0.9772727272727273 0.3918067226890756 0.9803719008264463 0.35084033613445376 0.8491735537190083 0.3434873949579832 0.8481404958677686 0.38445378151260506
0 0.981404958677686 0.3476890756302521 0.9855371900826446 0.3119747899159664 0.9783057851239669 0.3025210084033613 0.856404958677686 0.296218487394958 0.8491735537190083 0.3077731092436975 0.8522727272727273 0.3403361344537815
0 0.987603305785124 0.2972689075630252 0.9886363636363636 0.25840336134453784 0.8667355371900827 0.24789915966386555 0.8574380165289256 0.25315126050420167 0.8584710743801653 0.2920168067226891
0 0.9917355371900827 0.2552521008403361 0.9927685950413223 0.21428571428571427 0.8853305785123967 0.20378151260504201 0.8615702479338843 0.20903361344537816 0.8646694214876033 0.24579831932773108
0 0.8512396694214877 0.2510504201680672 0.856404958677686 0.21008403361344538 0.753099173553719 0.1953781512605042 0.7210743801652892 0.19852941176470587 0.7169421487603306 0.23214285714285715 0.7241735537190083 0.23739495798319327
0 0.8450413223140496 0.29516806722689076 0.8533057851239669 0.2804621848739496 0.8502066115702479 0.25210084033613445 0.7169421487603306 0.24054621848739496 0.7200413223140496 0.2815126050420168
0 0.8429752066115702 0.34138655462184875 0.8419421487603306 0.3004201680672269 0.734504132231405 0.2920168067226891 0.7097107438016529 0.2920168067226891 0.7066115702479339 0.29936974789915966 0.7097107438016529 0.33613445378151263
0 0.8367768595041323 0.38760504201680673 0.8429752066115702 0.38340336134453784 0.84400826446281 0.3445378151260504 0.7086776859504132 0.3392857142857143 0.7097107438016529 0.37815126050420167
0 0.8264462809917356 0.42962184873949577 0.8388429752066116 0.421218487394958 0.8378099173553719 0.38865546218487396 0.7045454545454546 0.38130252100840334 0.7076446280991735 0.4222689075630252
0 0.8305785123966942 0.47163865546218486 0.8316115702479339 0.43067226890756305 0.7004132231404959 0.4254201680672269 0.6993801652892562 0.4642857142857143
0 0.6921487603305785 0.4653361344537815 0.6983471074380165 0.4275210084033613 0.6911157024793388 0.4222689075630252 0.5630165289256198 0.42016806722689076 0.5599173553719008 0.4275210084033613 0.5609504132231405 0.46218487394957986
0 0.5495867768595041 0.46743697478991597 0.5526859504132231 0.42436974789915966 0.4194214876033058 0.41911764705882354 0.41838842975206614 0.46218487394957986
0 0.40702479338842973 0.4653361344537815 0.4152892561983471 0.4485294117647059 0.4121900826446281 0.42436974789915966 0.2809917355371901 0.421218487394958 0.28202479338842973 0.46008403361344535
0 0.27479338842975204 0.46113445378151263 0.2737603305785124 0.42016806722689076 0.14772727272727273 0.41596638655462187 0.14049586776859505 0.4254201680672269 0.14566115702479338 0.46008403361344535
0 0.13429752066115702 0.46113445378151263 0.1353305785123967 0.42016806722689076 0.023760330578512397 0.4117647058823529 0.010330578512396695 0.4170168067226891 0.013429752066115703 0.45588235294117646
0 0.13636363636363635 0.41911764705882354 0.13946280991735538 0.37815126050420167 0.010330578512396695 0.37289915966386555 0.013429752066115703 0.4117647058823529
0 0.27479338842975204 0.4170168067226891 0.27582644628099173 0.3760504201680672 0.14256198347107438 0.37289915966386555 0.14256198347107438 0.4065126050420168 0.14979338842975207 0.41386554621848737
0 0.4152892561983471 0.421218487394958 0.41632231404958675 0.3802521008403361 0.2809917355371901 0.375 0.2840909090909091 0.41596638655462187
0 0.5557851239669421 0.421218487394958 0.5568181818181818 0.3802521008403361 0.4214876033057851 0.375 0.4214876033057851 0.40441176470588236 0.43078512396694213 0.41386554621848737
0 0.6983471074380165 0.41911764705882354 0.6952479338842975 0.37815126050420167 0.5619834710743802 0.3792016806722689 0.5650826446280992 0.4180672268907563
0 0.6921487603305785 0.37710084033613445 0.7004132231404959 0.37289915966386555 0.6973140495867769 0.33403361344537813 0.5640495867768595 0.3329831932773109 0.5650826446280992 0.3739495798319328
0 0.5433884297520661 0.375 0.5599173553719008 0.3707983193277311 0.5568181818181818 0.3319327731092437 0.43285123966942146 0.3277310924369748 0.42355371900826444 0.33508403361344535 0.42355371900826444 0.36869747899159666 0.43078512396694213 0.37184873949579833
0 0.41735537190082644 0.37710084033613445 0.41838842975206614 0.33613445378151263 0.2830578512396694 0.3329831932773109 0.2809917355371901 0.36869747899159666 0.2882231404958678 0.3739495798319328
0 0.2768595041322314 0.3707983193277311 0.27892561983471076 0.33508403361344535 0.26962809917355374 0.32983193277310924 0.1446280991735537 0.328781512605042 0.14566115702479338 0.3697478991596639
0 0.14049586776859505 0.375 0.13946280991735538 0.33403361344537813 0.014462809917355372 0.3245798319327731 0.012396694214876033 0.3560924369747899 0.023760330578512397 0.36764705882352944
0 0.15082644628099173 0.2762605042016807 0.1518595041322314 0.23109243697478993 0.027892561983471075 0.226890756302521 0.022727272727272728 0.2342436974789916 0.025826446280991736 0.2710084033613445
0 0.14049586776859505 0.33088235294117646 0.13946280991735538 0.2815126050420168 0.029958677685950414 0.2710084033613445 0.014462809917355372 0.28256302521008403 0.01756198347107438 0.32142857142857145
0 0.2768595041322314 0.33088235294117646 0.2799586776859504 0.28781512605042014 0.18078512396694216 0.27941176470588236 0.1487603305785124 0.2846638655462185 0.14979338842975207 0.3235294117647059
0 0.41735537190082644 0.33088235294117646 0.41632231404958675 0.28781512605042014 0.31921487603305787 0.2857142857142857 0.2830578512396694 0.2930672268907563 0.28615702479338845 0.32983193277310924
0 0.5578512396694215 0.33088235294117646 0.5568181818181818 0.28781512605042014 0.4194214876033058 0.28886554621848737 0.4194214876033058 0.3161764705882353 0.4287190082644628 0.3277310924369748
0 0.6962809917355371 0.3329831932773109 0.6983471074380165 0.2930672268907563 0.6890495867768595 0.28781512605042014 0.5619834710743802 0.28886554621848737 0.5630165289256198 0.32983193277310924
0 0.7128099173553719 0.28256302521008403 0.7097107438016529 0.2415966386554622 0.5785123966942148 0.23634453781512604 0.5795454545454546 0.2773109243697479
0 0.5702479338842975 0.2804621848739496 0.5692148760330579 0.23529411764705882 0.4359504132231405 0.23634453781512604 0.4390495867768595 0.2773109243697479
0 0.4297520661157025 0.27836134453781514 0.43285123966942146 0.23529411764705882 0.2975206611570248 0.23634453781512604 0.29855371900826444 0.2773109243697479
0 0.4256198347107438 0.23214285714285715 0.43388429752066116 0.22584033613445378 0.43078512396694213 0.18907563025210083 0.38960937077846913 0.19002596492683413 0.2975206611570248 0.19012605042016806 0.2975206611570248 0.22794117647058823 0.3068181818181818 0.23319327731092437
0 0.35537190082644626 0.1880252100840336 0.43078512396694213 0.1869747899159664 0.43388429752066116 0.14390756302521007 0.2975206611570248 0.15021008403361344 0.3006198347107438 0.1869747899159664
0 0.365702479338843 0.14390756302521007 0.43491735537190085 0.1407563025210084 0.4380165289256198 0.10189075630252101 0.30165289256198347 0.10399159663865547 0.30268595041322316 0.14495798319327732
0 0.44421487603305787 0.09558823529411764 0.443526170798898 0.05742296918767509 0.3212809917355372 0.04831932773109244 0.30785123966942146 0.059873949579831935 0.3130165289256198 0.09453781512605042
0 0.5867768595041323 0.05567226890756303 0.5919421487603306 0.012605042016806723 0.4597107438016529 0.012605042016806723 0.45041322314049587 0.02415966386554622 0.4524793388429752 0.051470588235294115 0.4617768595041322 0.05672268907563025
0 0.47520661157024796 0.10189075630252101 0.5836776859504132 0.09873949579831932 0.5888429752066116 0.059873949579831935 0.4493801652892562 0.058823529411764705 0.44834710743801653 0.09978991596638656
0 0.47520661157024796 0.14600840336134455 0.5733471074380165 0.14495798319327732 0.5785123966942148 0.10819327731092437 0.5733471074380165 0.10084033613445378 0.4431818181818182 0.10504201680672269 0.44008264462809915 0.14600840336134455
0 0.5764462809917356 0.19012605042016806 0.5805785123966942 0.15231092436974789 0.5712809917355371 0.14705882352941177 0.44008264462809915 0.148109243697479 0.44111570247933884 0.18907563025210083
0 0.7272727272727273 0.0661764705882353 0.7334710743801653 0.051470588235294115 0.7303719008264463 0.01680672268907563 0.6270661157024794 0.01050420168067227 0.6002066115702479 0.012605042016806723 0.5950413223140496 0.01995798319327731 0.5960743801652892 0.0546218487394958
0 0.7272727272727273 0.11239495798319328 0.7262396694214877 0.06932773109243698 0.5950413223140496 0.05567226890756303 0.5919421487603306 0.09663865546218488
0 0.7231404958677686 0.15231092436974789 0.7241735537190083 0.1134453781512605 0.606404958677686 0.09873949579831932 0.5888429752066116 0.10399159663865547 0.5919421487603306 0.14285714285714285
0 0.71900826446281 0.19432773109243698 0.7179752066115702 0.15546218487394958 0.5960743801652892 0.14285714285714285 0.5847107438016529 0.148109243697479 0.5857438016528925 0.1869747899159664
0 0.7128099173553719 0.23844537815126052 0.7138429752066116 0.1953781512605042 0.5805785123966942 0.19012605042016806 0.5785123966942148 0.22584033613445378 0.5857438016528925 0.23319327731092437
0 0.8512396694214877 0.2510504201680672 0.856404958677686 0.21008403361344538 0.7210743801652892 0.19642857142857142 0.7169421487603306 0.23214285714285715 0.7241735537190083 0.23739495798319327
0 0.8574380165289256 0.20903361344537816 0.8605371900826446 0.16596638655462184 0.7272727272727273 0.15231092436974789 0.7262396694214877 0.19327731092436976
0 0.859504132231405 0.16281512605042017 0.862603305785124 0.11974789915966387 0.7551652892561983 0.10714285714285714 0.7293388429752066 0.11239495798319328 0.7303719008264463 0.14915966386554622
0 0.8615702479338843 0.11869747899159663 0.868801652892562 0.07773109243697479 0.7613636363636364 0.06302521008403361 0.7334710743801653 0.0661764705882353 0.7324380165289256 0.10504201680672269
0 0.8698347107438017 0.06827731092436974 0.868801652892562 0.0273109243697479 0.7551652892561983 0.01680672268907563 0.7355371900826446 0.022058823529411766 0.7386363636363636 0.06092436974789916
0 1 0.08298319327731092 0.9989669421487604 0.04201680672268908 0.9039256198347108 0.029411764705882353 0.8739669421487604 0.032563025210084036 0.871900826446281 0.0661764705882353 0.8791322314049587 0.07142857142857142
0 0.9917355371900827 0.12710084033613445 1 0.12289915966386554 0.9989669421487604 0.0861344537815126 0.9018595041322314 0.07563025210084033 0.8739669421487604 0.08088235294117647 0.875 0.11764705882352941
0 0.9958677685950413 0.17121848739495799 0.9927685950413223 0.13025210084033614 0.8698347107438017 0.1207983193277311 0.868801652892562 0.15966386554621848
0 0.9958677685950413 0.21323529411764705 0.9927685950413223 0.1722689075630252 0.8791322314049587 0.15966386554621848 0.8677685950413223 0.16491596638655462 0.868801652892562 0.20168067226890757
0 0.5723140495867769 0.2342436974789916 0.5712809917355371 0.19327731092436976 0.4359504132231405 0.19222689075630253 0.4390495867768595 0.23319327731092437
0 0.1667650531286895 0.23109243697478998 0.295159386068477 0.23709483793517408 0.2863046044864227 0.2791116446578632 0.15938606847697762 0.27160864345738306 0.15643447461629292 0.22959183673469394