0 0.9967186218211649 0.22491909385113268 1 0.2087378640776699 1 0.02750809061488673 0.9889253486464314 0 0.8904840032813782 0 0.8851517637407711 0.0372168284789644 0.8835110746513536 0.0825242718446602 0.8769483182936834 0.08576051779935275 0.8847415914684167 0.12297734627831715
0 0.9868744872846595 0.40938511326860844 0.9967186218211649 0.26375404530744334 0.9938474159146842 0.2297734627831715 0.8847415914684167 0.13268608414239483 0.8777686628383922 0.14724919093851133 0.8679245283018868 0.23786407766990292 0.8646431501230517 0.2961165048543689 0.8666940114848236 0.32038834951456313 0.9347826086956522 0.3851132686084142
0 0.8474159146841673 0.5776699029126213 0.8564397046759639 0.4255663430420712 0.8564397046759639 0.39967637540453077 0.850287120590648 0.3851132686084142 0.7354388843314192 0.3365695792880259 0.7276456111566858 0.3478964401294498 0.7227235438884332 0.46116504854368934 0.7255947497949139 0.5307443365695793
0 0.9581624282198523 0.9692556634304207 0.9745693191140279 0.959546925566343 0.9803117309269893 0.8074433656957929 0.9741591468416735 0.7799352750809061 0.9232977850697293 0.7734627831715211 0.8506972928630024 0.7394822006472492 0.8465955701394585 0.813915857605178 0.8498769483182936 0.843042071197411 0.8482362592288761 0.9174757281553398 0.8519278096800657 0.9385113268608414 0.9101722723543888 0.9644012944983819
0 0.8457752255947498 0.7750809061488673 0.8531583264971287 0.610032362459547 0.8486464315012305 0.5857605177993528 0.7477440525020509 0.5533980582524272 0.728876127973749 0.5533980582524272 0.7243642329778507 0.5679611650485437 0.7227235438884332 0.6715210355987055 0.7186218211648893 0.7071197411003236 0.7186218211648893 0.7330097087378641 0.7223133716160788 0.7508090614886731
0 0.7153404429860541 0.7071197411003236 0.7219031993437244 0.6618122977346278 0.7235438884331419 0.5550161812297735 0.7198523379819525 0.5307443365695793 0.6616078753076292 0.5080906148867314 0.5893522068513404 0.5020735836201387 0.5884783907314195 0.614899115103512 0.5878542336389384 0.6939292076181043
0 0.5324036095159967 0.6909385113268608 0.5828547990155866 0.6828478964401294 0.5849056603773585 0.5129449838187702 0.5820344544708778 0.5016181229773463 0.463084495488105 0.4919093851132686 0.4520098441345365 0.5 0.45036915504511893 0.6682847896440129 0.45488105004101725 0.6925566343042071
0 0.2756357670221493 0.8883495145631068 0.2973748974569319 0.883495145631068 0.3059885151763741 0.8656957928802589 0.3059885151763741 0.7103559870550162 0.3022969647251846 0.6925566343042071 0.18498769483182936 0.6699029126213593 0.17883511074651354 0.6779935275080906 0.17719442165709598 0.7556634304207119 0.18088597210828547 0.8640776699029126
0 0.4257588187038556 0.8948220064724919 0.44544708777686626 0.872168284789644 0.44339622641509435 0.6893203883495146 0.3166529942575882 0.6553398058252428 0.3125512715340443 0.7394822006472492 0.31460213289581623 0.8673139158576052
0 0.717428592736222 0.8002353633421594 0.8442091132821239 0.8384819064430712 0.844954881050041 0.9944101206237128 0.718174360504139 0.9855839952927334
0 0.581698858975315 0.7355104442483082 0.709225147289134 0.7678729037952334 0.7099709150570512 0.9532215357458076 0.580953091207398 0.9443954104148277
0 0.44671489298232525 0.7266843189173287 0.5772242523678126 0.7384524860253012 0.5764784845998955 0.9267431597528685 0.44969796405399354 0.9061488673139159
0 0.8598702364083823 0.5736981465136805 0.9844134536505332 0.5972344807296263 0.9791930792751137 0.779641070903207 0.8546498620329629 0.7413945278022945
0 0.8703109851592213 0.3677552221241541 0.9903795957938698 0.42071197411003236 0.9881422924901185 0.5854663136216535 0.8643448430158848 0.5501618122977344
0 0.7383100902379 0.13827596351868204 0.8531583264971287 0.18829067372756692 0.8680736818554698 0.1971167990585468 0.8598702364083823 0.38246543100912045 0.727869341487061 0.3383348043542218
0 0.6033261242449101 0.0735510444248309 0.7345812513983145 0.09708737864077667 0.7353270191662314 0.2794939688143572 0.6040718920128272 0.26478375992939096
0 0.5899023044224027 0.3295086790232421 0.44820642851815934 0.3000882612533097 0.45268103512566193 0.48837893498087664 0.5816988589753151 0.5001471020888497
0 0.3393243344022671 0.038246543100912016 0.4720709970915056 0.3147984701382758 0.44447758967857404 0.47661076787290374 0.3154597658289208 0.21476904972050598
0 0.28413751957640393 0.18534863195057363 0.41240957565813996 0.4501323918799648 0.38779923931687665 0.632538982053545 0.2602729510030576 0.3501029714621946
0 0.18644194197926767 0.16769638128861428 0.3102393914535013 0.4324801412180051 0.2893578939518234 0.594292438952633 0.1663062122455067 0.34716092968520135
0 0.1655604444775897 0.5472197705207413 0.02311880080542917 0.42953809944101223 0.03728838839585354 0.24124742571344496 0.12379744947423373 0.3000882612533098 0.1804757998359311 0.3501029714621947
0 0.17301812215676038 0.6531332744924978 0.2997986427026624 0.6854957340394233 0.2990528749347453 0.4854368932038835 0.1670519800134238 0.4766107678729039 0.1700350510850921 0.6590173580464844
0 0.3124766947572526 0.6384230656075316 0.44746066075024243 0.6766696087084433 0.44820642851815956 0.49426301853486343 0.3169513013647549 0.45307443365695793
0 0.13647550152882387 0.7443365695792881 0.14244164367216047 0.5472197705207414 0.027593407412931592 0.46778464254192414 0.020881497501677965 0.6766696087084436
0 0.5891565366544859 0.28243601059135054 0.592139607726154 0.30891438658428966 0.5910582444626743 0.4692556634304207 0.7186218211648893 0.5226537216828478 0.7260049220672683 0.33818770226537215 0.7174285927362218 0.3265666372462489