0 0.14776119402985075 0.22023809523809523 0.14776119402985075 0.12103174603174603 0.14253731343283582 0.0992063492063492 0.015671641791044775 0.07539682539682539 0.0014925373134328358 0.08531746031746032 0.009701492537313432 0.19047619047619047
0 0.3044776119402985 0.2400793650793651 0.3037313432835821 0.12698412698412698 0.15223880597014924 0.08531746031746032 0.15597014925373134 0.19444444444444445
0 0.46567164179104475 0.25595238095238093 0.47313432835820896 0.2400793650793651 0.4708955223880597 0.14285714285714285 0.31044776119402984 0.14484126984126985 0.3156716417910448 0.25
0 0.4791044776119403 0.10515873015873016 0.4798507462686567 0 0.3164179104477612 0.005952380952380952 0.3201492537313433 0.09126984126984126
0 0.5358208955223881 0.14484126984126985 0.6440298507462686 0.14285714285714285 0.6492537313432836 0.12896825396825398 0.6492537313432836 0.02976190476190476 0.48656716417910445 0.03373015873015873 0.4873134328358209 0.14285714285714285
0 0.5656716417910448 0.2638888888888889 0.6440298507462686 0.2619047619047619 0.6447761194029851 0.1527777777777778 0.4835820895522388 0.15674603174603174 0.4873134328358209 0.26587301587301587
0 0.7671641791044777 0.251984126984127 0.8074626865671641 0.2400793650793651 0.8067164179104478 0.12698412698412698 0.6529850746268657 0.13095238095238096 0.6477611940298508 0.1488095238095238 0.6514925373134328 0.24603174603174602
0 0.7880597014925373 0.125 0.8365671641791045 0.11507936507936507 0.8402985074626865 0.00992063492063492 0.6761194029850747 0.013888888888888888 0.6783582089552239 0.12698412698412698
0 0.9955223880597015 0.10119047619047619 0.9992537313432835 0 0.8417910447761194 0.00992063492063492 0.8440298507462687 0.0992063492063492
0 0.9014925373134328 0.24801587301587302 0.985820895522388 0.24603174603174602 0.9925373134328358 0.22817460317460317 0.9940298507462687 0.125 0.9798507462686568 0.11507936507936507 0.8388059701492537 0.13690476190476192 0.8380597014925373 0.25
0 0.8552238805970149 0.375 0.9828358208955223 0.3531746031746032 0.9865671641791045 0.24801587301587302 0.8335820895522388 0.26587301587301587 0.8298507462686567 0.37103174603174605
0 0.9716417910447761 0.49007936507936506 0.9805970149253731 0.4781746031746032 0.9850746268656716 0.40674603174603174 0.9783582089552239 0.3611111111111111 0.9455223880597015 0.376984126984127 0.8365671641791045 0.38095238095238093 0.8283582089552238 0.39880952380952384 0.8283582089552238 0.4781746031746032 0.8365671641791045 0.49206349206349204
0 0.9432835820895522 0.621031746031746 0.9828358208955223 0.6190476190476191 0.9865671641791045 0.5138888888888888 0.8634328358208955 0.5119047619047619 0.8395522388059702 0.5158730158730159 0.835820895522388 0.5337301587301587 0.8365671641791045 0.623015873015873
0 0.9761194029850746 0.7281746031746031 0.9835820895522388 0.6607142857142857 0.9783582089552239 0.623015873015873 0.8343283582089552 0.6329365079365079 0.8365671641791045 0.7301587301587301
0 0.9477611940298507 0.8313492063492064 0.9731343283582089 0.8234126984126984 0.9768656716417911 0.7301587301587301 0.8335820895522388 0.7341269841269841 0.8298507462686567 0.748015873015873 0.832089552238806 0.8333333333333334
0 0.8805970149253731 0.9265873015873016 0.9634328358208956 0.9206349206349206 0.9686567164179104 0.8353174603174603 0.826865671641791 0.8392857142857143 0.8208955223880597 0.875 0.823134328358209 0.9285714285714286
0 0.9582089552238806 0.998015873015873 0.9619402985074627 0.9206349206349206 0.823134328358209 0.9325396825396826 0.8149253731343283 0.9543650793650794 0.8134328358208955 0.9900793650793651
0 0.8059701492537313 0.998015873015873 0.8067164179104478 0.9523809523809523 0.658955223880597 0.9563492063492064 0.6567164179104478 0.9781746031746031 0.658955223880597 1
0 0.7985074626865671 0.9503968253968254 0.8119402985074626 0.9424603174603174 0.8111940298507463 0.8571428571428571 0.6649253731343283 0.8611111111111112 0.6597014925373135 0.8908730158730159 0.6619402985074627 0.9523809523809523
0 0.7238805970149254 0.8591269841269841 0.8186567164179105 0.8531746031746031 0.8238805970149253 0.8353174603174603 0.8253731343283582 0.7599206349206349 0.6701492537313433 0.7718253968253969 0.6738805970149254 0.8611111111111112
0 0.7522388059701492 0.7559523809523809 0.8171641791044776 0.75 0.817910447761194 0.6369047619047619 0.6626865671641791 0.6369047619047619 0.6649253731343283 0.7579365079365079
0 0.7089552238805971 0.628968253968254 0.814179104477612 0.626984126984127 0.8194029850746268 0.5257936507936508 0.6611940298507463 0.5218253968253969 0.6634328358208955 0.6309523809523809
0 0.7925373134328358 0.4861111111111111 0.8238805970149253 0.4781746031746032 0.8216417910447761 0.38095238095238093 0.6671641791044776 0.39087301587301587 0.6694029850746268 0.48412698412698413
0 0.7388059701492538 0.37896825396825395 0.823134328358209 0.373015873015873 0.8238805970149253 0.2718253968253968 0.7529850746268657 0.2619047619047619 0.664179104477612 0.2757936507936508 0.667910447761194 0.38095238095238093
0 0.6432835820895523 0.375 0.6477611940298508 0.35119047619047616 0.6440298507462686 0.26587301587301587 0.48507462686567165 0.27976190476190477 0.48880597014925375 0.373015873015873
0 0.6462686567164179 0.48214285714285715 0.6507462686567164 0.4781746031746032 0.6470149253731343 0.38095238095238093 0.491044776119403 0.3869047619047619 0.4962686567164179 0.4801587301587302
0 0.6447761194029851 0.6170634920634921 0.6440298507462686 0.5158730158730159 0.4880597014925373 0.5218253968253969 0.49328358208955225 0.6190476190476191
0 0.5865671641791045 0.7242063492063492 0.6514925373134328 0.7182539682539683 0.6522388059701493 0.6170634920634921 0.49850746268656715 0.625 0.5007462686567165 0.7222222222222222
0 0.6238805970149254 0.8353174603174603 0.6537313432835821 0.8273809523809523 0.6514925373134328 0.7222222222222222 0.5022388059701492 0.7261904761904762 0.49850746268656715 0.7400793650793651 0.5022388059701492 0.8333333333333334
0 0.651417566368971 0.942726167455975 0.6537313432835821 0.8908730158730159 0.6537313432835821 0.8551587301587301 0.6485074626865671 0.8452380952380952 0.5014925373134328 0.8392857142857143 0.49860714178022847 0.9384921543455149
0 0.6462686567164179 0.998015873015873 0.6470149253731343 0.9523809523809523 0.49850746268656715 0.9424603174603174 0.5007462686567165 1
0 0.47473050914314907 0.9638965560427706 0.47552638475343495 0.9554283683046032 0.4791044776119403 0.9543650793650794 0.47686567164179106 0.8492063492063492 0.32985074626865674 0.8353174603174603 0.3283582089552239 0.9186507936507936 0.3322665889309577 0.9575455363770802
0 0.3208955223880597 0.998015873015873 0.3238805970149254 0.9702380952380952 0.31865671641791044 0.9246031746031746 0.1791044776119403 0.9107142857142857 0.1843283582089552 0.996031746031746
0 0.3208955223880597 0.9067460317460317 0.3201492537313433 0.8253968253968254 0.20373134328358208 0.8015873015873016 0.18208955223880596 0.8115079365079365 0.18582089552238806 0.8849206349206349 0.2574626865671642 0.9087301587301587
0 0.17761194029850746 0.8908730158730159 0.17537313432835822 0.8174603174603174 0.04029850746268657 0.7718253968253969 0.04701492537313433 0.8452380952380952
0 0.17313432835820897 0.9940476190476191 0.16791044776119404 0.8968253968253969 0.04253731343283582 0.8412698412698413 0.03582089552238806 0.8591269841269841 0.03731343283582089 0.9226190476190477 0.04402985074626865 0.9523809523809523 0.12313432835820895 0.996031746031746
0 0.17164179104477612 0.8115079365079365 0.1708955223880597 0.7023809523809523 0.03283582089552239 0.6646825396825397 0.03955223880597015 0.7658730158730159
0 0.17313432835820897 0.6924603174603174 0.16791044776119404 0.5912698412698413 0.03134328358208955 0.5575396825396826 0.03955223880597015 0.6587301587301587
0 0.15970149253731344 0.5773809523809523 0.15447761194029852 0.4722222222222222 0.029104477611940297 0.43253968253968256 0.01791044776119403 0.44642857142857145 0.024626865671641792 0.5436507936507936
0 0.15223880597014924 0.33134920634920634 0.15522388059701492 0.2757936507936508 0.14850746268656717 0.23015873015873015 0.008955223880597015 0.2003968253968254 0.015671641791044775 0.30158730158730157 0.09029850746268657 0.32936507936507936
0 0.16865671641791044 0.44642857142857145 0.16716417910447762 0.3551587301587302 0.1619402985074627 0.34523809523809523 0.022388059701492536 0.31547619047619047 0.023880597014925373 0.4027777777777778 0.029104477611940297 0.4246031746031746
0 0.3208955223880597 0.4742063492063492 0.31865671641791044 0.373015873015873 0.16865671641791044 0.35119047619047616 0.1701492537313433 0.42658730158730157 0.17686567164179104 0.4523809523809524
0 0.3074626865671642 0.3551587301587302 0.30522388059701494 0.24603174603174602 0.20970149253731343 0.2261904761904762 0.15522388059701492 0.2361111111111111 0.1619402985074627 0.3373015873015873
0 0.31791044776119404 0.6051587301587301 0.3156716417910448 0.49603174603174605 0.16865671641791044 0.48214285714285715 0.17164179104477612 0.5575396825396826 0.1783582089552239 0.5833333333333334
0 0.3238805970149254 0.7202380952380952 0.3201492537313433 0.6150793650793651 0.21119402985074626 0.5952380952380952 0.1761194029850746 0.6051587301587301 0.1791044776119403 0.6805555555555556 0.18582089552238806 0.6984126984126984
0 0.3208955223880597 0.8194444444444444 0.3253731343283582 0.8075396825396826 0.32313432835820893 0.7261904761904762 0.18059701492537314 0.7083333333333334 0.18358208955223881 0.7837301587301587 0.18880597014925374 0.7976190476190477
0 0.48208955223880595 0.8432539682539683 0.48134328358208955 0.7301587301587301 0.33134328358208953 0.7321428571428571 0.33507462686567163 0.8253968253968254
0 0.4835820895522388 0.7281746031746031 0.4828358208955224 0.623015873015873 0.33134328358208953 0.6170634920634921 0.33134328358208953 0.6924603174603174 0.3365671641791045 0.7182539682539683
0 0.4835820895522388 0.6170634920634921 0.48208955223880595 0.5178571428571429 0.4753731343283582 0.5079365079365079 0.3283582089552239 0.5059523809523809 0.332089552238806 0.6071428571428571
0 0.48208955223880595 0.48214285714285715 0.48134328358208955 0.376984126984127 0.3932835820895522 0.36507936507936506 0.3253731343283582 0.375 0.3291044776119403 0.47619047619047616
0 0.48059701492537316 0.36706349206349204 0.48208955223880595 0.27976190476190477 0.4753731343283582 0.25793650793650796 0.32238805970149254 0.2638888888888889 0.3291044776119403 0.3611111111111111