0 0.5486577181208053 0.1687116564417178 0.5553691275167785 0.027607361963190184 0.5444630872483222 0 0.3288590604026846 0.003067484662576687 0.33053691275167785 0.11349693251533742 0.3414429530201342 0.13496932515337423
0 0.5453020134228188 0.34662576687116564 0.5486577181208053 0.21779141104294478 0.5427852348993288 0.17791411042944785 0.33305369127516776 0.12883435582822086 0.32550335570469796 0.15644171779141106 0.3238255033557047 0.27300613496932513 0.33305369127516776 0.3067484662576687
0 0.540268456375839 0.5122699386503068 0.5427852348993288 0.3496932515337423 0.3263422818791946 0.3067484662576687 0.32046979865771813 0.34662576687116564 0.32046979865771813 0.450920245398773 0.3296979865771812 0.49079754601226994
0 0.5268456375838926 0.7024539877300614 0.5335570469798657 0.5674846625766872 0.5293624161073825 0.5398773006134969 0.43708053691275167 0.49693251533742333 0.31291946308724833 0.4785276073619632 0.3104026845637584 0.5 0.3104026845637584 0.6349693251533742 0.3162751677852349 0.6441717791411042
0 0.5254336004377844 0.8537870799812842 0.5249467871094128 0.7077619127806868 0.4035234899328859 0.6687116564417178 0.3104026845637584 0.6533742331288344 0.30788590604026844 0.803680981595092
0 0.7718120805369127 0.22392638036809817 0.7785234899328859 0.07668711656441718 0.7441275167785235 0.012269938650306749 0.5553691275167785 0.015337423312883436 0.5536912751677853 0.18098159509202455 0.5595637583892618 0.20245398773006135
0 0.7667785234899329 0.3895705521472393 0.7701342281879194 0.254601226993865 0.7625838926174496 0.22699386503067484 0.5503355704697986 0.2116564417177914 0.5503355704697986 0.34049079754601225 0.5562080536912751 0.3558282208588957
0 0.7634228187919463 0.5736196319018405 0.7667785234899329 0.42024539877300615 0.7609060402684564 0.4049079754601227 0.5486577181208053 0.3588957055214724 0.549496644295302 0.5214723926380368
0 0.9781879194630873 0.6595092024539877 0.9773489932885906 0.5030674846625767 0.7810402684563759 0.4601226993865031 0.7684563758389261 0.4815950920245399 0.7651006711409396 0.5920245398773006 0.7776845637583892 0.6257668711656442
0 0.7516778523489933 0.745398773006135 0.7567114093959731 0.647239263803681 0.75251677852349 0.5828220858895705 0.5478187919463087 0.5337423312883436 0.535234899328859 0.549079754601227 0.5343959731543624 0.6993865030674846
0 0.7466442953020134 0.911042944785276 0.7550335570469798 0.8926380368098159 0.7583892617449665 0.8312883435582822 0.7583892617449665 0.7760736196319018 0.7508389261744967 0.7484662576687117 0.5562080536912751 0.7055214723926381 0.5360738255033557 0.7055214723926381 0.5335570469798657 0.7331288343558282 0.5318791946308725 0.8374233128834356 0.5394295302013423 0.8711656441717791
0 0.9614093959731543 0.9846625766871165 0.9681208053691275 0.8619631901840491 0.950503355704698 0.8159509202453987 0.7961409395973155 0.803680981595092 0.7600671140939598 0.7760736196319018 0.7550335570469798 0.9233128834355828 0.7625838926174496 0.950920245398773
0 0.2283338196673476 0.4587890104027741 0.015319521447330049 0.3734329154441185 0.012401517362124342 0.51747132568685 0.22614531660344325 0.6214990664177115
0 0.29034140647796913 0.6214990664177114 0.05544207761890866 0.6054947986129635 0.05690107966151156 0.7522005868231529 0.20644878902830466 0.7655374766604426 0.2961774146483806 0.762870098692985
0 0.7973446162824629 0.12003200853560957 0.9994163991829589 0.20805548146172306 0.9979573971403563 0.36543078154174446 0.7907791070907499 0.282742064550547
0 0.7732710825795157 0.29874633235529474 0.9746133644587104 0.3227527340624168 0.9775313685439161 0.5121365697519342 0.7718120805369127 0.4534542544678583
0 0.7769185876860228 0.6375033342224594 0.9782608695652175 0.6615097359295813 0.9797198716078203 0.8108829021072287 0.7732710825795158 0.7868765004001068