0 0.5395833333333333 0.36764705882352944 0.5385416666666667 0.16666666666666666 0.39791666666666664 0.1715686274509804 0.39895833333333336 0.3627450980392157
0 0.6833333333333333 0.4166666666666667 0.6916666666666667 0.28921568627450983 0.6802083333333333 0.23529411764705882 0.5458333333333333 0.23039215686274508 0.5489583333333333 0.4215686274509804
0 0.9833333333333333 0.5049019607843137 0.9895833333333334 0.31862745098039214 0.9748563218390804 0.3042596348884382 0.8958333333333334 0.2907369844489518 0.8479166666666667 0.27941176470588236 0.8489583333333334 0.4803921568627451
0 0.9270833333333334 0.7303921568627451 0.996875 0.7156862745098039 1 0.553921568627451 0.9885416666666667 0.5196078431372549 0.8520833333333333 0.5343137254901961 0.8520833333333333 0.6813725490196079 0.8614583333333333 0.7254901960784313
0 0.98125 0.9754901960784313 0.9875 0.7990196078431373 0.9762931034482757 0.791075050709939 0.8706896551724136 0.7741717376605814 0.8479166666666667 0.7696078431372549 0.8510416666666667 0.9803921568627451
0 0.8416666666666667 0.946078431372549 0.8479166666666667 0.7794117647058824 0.8364583333333333 0.7254901960784313 0.74066091954023 0.7302231237322512 0.6958333333333333 0.7401960784313726 0.6958333333333333 0.8970588235294118 0.7052083333333333 0.9509803921568627
0 0.8416666666666667 0.6813725490196079 0.8458333333333333 0.4950980392156863 0.8385416666666666 0.4803921568627451 0.6958333333333333 0.46568627450980393 0.69375 0.6323529411764706 0.703125 0.6764705882352942
0 0.6770833333333334 0.6813725490196079 0.6895833333333333 0.6617647058823529 0.6864583333333333 0.47058823529411764 0.5416666666666666 0.45588235294117646 0.546875 0.6764705882352942
0 0.6583333333333333 0.9754901960784313 0.6854166666666667 0.9558823529411765 0.6895833333333333 0.8186274509803921 0.678125 0.7352941176470589 0.5395833333333333 0.7303921568627451 0.5427083333333333 0.9705882352941176
0 0.53125 0.946078431372549 0.5302083333333333 0.7058823529411765 0.38333333333333336 0.7205882352941176 0.38645833333333335 0.9411764705882353
0 0.5333333333333333 0.6911764705882353 0.5375 0.4852941176470588 0.5308908045977012 0.4631507775524005 0.4044540229885057 0.4665314401622717 0.3922413793103449 0.46315077755240025 0.3927083333333333 0.696078431372549
0 0.3645833333333333 0.6715686274509803 0.3875 0.6519607843137255 0.384375 0.43137254901960786 0.246875 0.43137254901960786 0.24166666666666667 0.47549019607843135 0.24895833333333334 0.6764705882352942
0 0.3770833333333333 0.9656862745098039 0.378125 0.7058823529411765 0.25729166666666664 0.7058823529411765 0.23645833333333333 0.7156862745098039 0.23125 0.7696078431372549 0.23645833333333333 0.9509803921568627
0 0.21875 0.946078431372549 0.22916666666666666 0.8774509803921569 0.22604166666666667 0.7156862745098039 0.08750000000000004 0.7189542483660128 0.08750000000000004 0.915032679738562
0 0.23749999999999996 0.6813725490196079 0.23333333333333334 0.45098039215686303 0.08472222222222227 0.4509803921568628 0.08888888888888893 0.45751633986928125 0.08055555555555553 0.5686274509803921 0.08333333333333336 0.6862745098039216
0 0.09554597701149423 0.20622041920216355 0.22916666666666663 0.20960108181203524 0.23060344827586204 0.38877620013522624 0.09698275862068963 0.385395537525355 0.09626436781609193 0.21636240703177814
0 0.24353448275862064 0.21636240703177811 0.39008620689655166 0.22312373225152116 0.3879310344827587 0.41244083840432705 0.2428160919540229 0.40906017579445564
0 0.8548850574712643 0.030425963488843764 0.9928160919540229 0.04732927653820142 0.9920977011494252 0.24678837052062194 0.8541666666666666 0.22988505747126428
0 0.6954022988505746 0.2501690331304935 0.8448275862068965 0.2704530087897225 0.8412356321839081 0.45638945233265726 0.6982758620689655 0.45638945233265715