0 0.882830626450116 0.1592244418331375 0.8816705336426914 0.1709753231492362 0.8892111368909513 0.1797884841363102 0.9506960556844548 0.18801410105757932 1 0.18742655699177438 0.9970997679814385 0.13043478260869565 0.8903712296983759 0.11633372502937721
0 0.8700696055684455 0.20740305522914218 0.8700696055684455 0.23207990599294948 0.8764501160092807 0.24206815511163338 0.9808584686774942 0.25146886016451236 0.9860788863109049 0.24500587544065805 0.988399071925754 0.19330199764982373 0.984338747099768 0.19036427732079905 0.87877030162413 0.1797884841363102 0.8747099767981439 0.1827262044653349
0 0.8677494199535963 0.2790834312573443 0.8654292343387471 0.2990599294947121 0.8706496519721578 0.30317273795534666 0.9216937354988399 0.3125734430082256 0.9738979118329466 0.31492361927144535 0.9849187935034803 0.2826086956521739 0.9860788863109049 0.2579318448883666 0.9820185614849188 0.2526439482961222 0.87877030162413 0.24324324324324326
0 0.857308584686775 0.34606345475910694 0.8561484918793504 0.36133960047003527 0.8602088167053364 0.3654524089306698 0.9611368909512761 0.37485311398354876 0.9698375870069605 0.36486486486486486 0.9767981438515081 0.3225616921269095 0.9680974477958236 0.31609870740305523 0.8660092807424594 0.30552291421856637
0 0.8445475638051044 0.4071680376028202 0.8433874709976799 0.43419506462984725 0.8474477958236659 0.4394829612220917 0.9286542923433875 0.4406580493537015 0.9518561484918794 0.4371327849588719 0.9559164733178654 0.43301997649823737 0.9617169373549884 0.38484136310223266 0.9564965197215777 0.3795534665099882 0.8532482598607889 0.3772032902467685 0.8468677494199536 0.3836662749706228
0 0.8433874709976799 0.4788484136310223 0.8433874709976799 0.49412455934195065 0.8532482598607889 0.5041128084606346 0.9564965197215777 0.5076380728554641 0.962877030162413 0.5011750881316098 0.9663573085846868 0.4612220916568743 0.962877030162413 0.4518213866039953 0.9495359628770301 0.4394829612220917 0.9321345707656613 0.44418331374853115 0.8578886310904872 0.44300822561692127 0.8480278422273781 0.4494712103407756
0 0.8491879350348028 0.5211515863689776 0.8468677494199536 0.5493537015276145 0.8544083526682135 0.564042303172738 0.9564965197215777 0.5675675675675675 0.962877030162413 0.5599294947121034 0.9675174013921114 0.5117508813160987 0.9622969837587007 0.5064629847238543 0.855568445475638 0.5052878965922444 0.8503480278422274 0.5094007050528789
0 0.8387470997679815 0.5975323149236192 0.8375870069605569 0.6128084606345476 0.8451276102088167 0.6216216216216216 0.947215777262181 0.6239717978848414 0.9535962877030162 0.6081081081081081 0.95707656612529 0.572855464159812 0.9518561484918794 0.5687426556991775 0.8451276102088167 0.564042303172738
0 0.8317865429234339 0.6386603995299648 0.8283062645011601 0.6762632197414806 0.8323665893271461 0.6803760282021152 0.9367749419953596 0.6839012925969448 0.9477958236658933 0.6304347826086957 0.9437354988399071 0.6263219741480611 0.8393271461716937 0.6216216216216216
0 0.8317865429234339 0.6915393654524089 0.8323665893271461 0.7438307873090482 0.915893271461717 0.7426556991774383 0.9344547563805105 0.7403055229142186 0.9408352668213457 0.7326674500587544 0.9431554524361949 0.700940070505288 0.9379350348027842 0.6862514688601645 0.8370069605568445 0.6862514688601645
0 0.8283062645011601 0.7514688601645123 0.8248259860788864 0.800822561692127 0.8288863109048724 0.8049353701527615 0.9263341067285383 0.8061104582843713 0.9350348027842227 0.799647473560517 0.9385150812064965 0.754994124559342 0.929814385150812 0.7438307873090482
0 0.8306264501160093 0.8149236192714454 0.830046403712297 0.8566392479435958 0.9286542923433875 0.8601645123384254 0.9361948955916474 0.8525264394829613 0.9408352668213457 0.8149236192714454 0.9344547563805105 0.8037602820211516 0.929814385150812 0.8072855464159812 0.8381670533642691 0.8061104582843713
0 0.8248259860788864 0.8736780258519389 0.8225058004640371 0.8983548766157462 0.830046403712297 0.9095182138660399 0.9205336426914154 0.9153936545240893 0.9385150812064965 0.9018801410105758 0.9431554524361949 0.8654524089306698 0.9379350348027842 0.8554641598119859 0.9251740139211136 0.8613396004700352 0.8381670533642691 0.8589894242068156 0.8271461716937355 0.8654524089306698
0 0.8167053364269141 0.9242068155111633 0.8178654292343387 0.964159811985899 0.83584686774942 0.9706227967097533 0.8625290023201856 0.9717978848413631 0.9240139211136891 0.9670975323149236 0.9327146171693735 0.9265569917743831 0.9228538283062645 0.9153936545240893 0.8265661252900232 0.9095182138660399 0.820185614849188 0.9101057579318449
0 0.7018561484918794 0.9430082256169212 0.7006960556844548 0.9688601645123385 0.7047563805104409 0.972972972972973 0.8022041763341067 0.9706227967097533 0.8120649651972158 0.964159811985899 0.8132250580046404 0.9230317273795534 0.8091647331786543 0.918918918918919 0.7117169373549884 0.9200940070505288 0.7041763341067285 0.9253819036427732
0 0.7053364269141531 0.8701527614571093 0.70707656612529 0.9165687426556992 0.8056844547563805 0.9165687426556992 0.8132250580046404 0.9124559341950647 0.8167053364269141 0.8689776733254995 0.8126450116009281 0.863689776733255 0.7163573085846868 0.8613396004700352 0.7093967517401392 0.8625146886016452
0 0.7157772621809745 0.8384253819036428 0.7146171693735499 0.8525264394829613 0.7221577726218097 0.8566392479435958 0.8219257540603249 0.8589894242068156 0.8294663573085846 0.8113983548766157 0.8149651972157773 0.8061104582843713 0.7221577726218097 0.8049353701527615
0 0.7134570765661253 0.7561692126909518 0.7140371229698376 0.800235017626322 0.7662412993039444 0.8061104582843713 0.8080046403712297 0.8061104582843713 0.8225058004640371 0.8019976498237368 0.8271461716937355 0.754994124559342 0.8207656612529002 0.7497062279670975 0.718677494199536 0.745005875440658
0 0.7134570765661253 0.7021151586368978 0.7099767981438515 0.7350176263219741 0.7140371229698376 0.7414806110458284 0.8196055684454756 0.745005875440658 0.8236658932714617 0.7397179788484136 0.8283062645011601 0.700940070505288 0.8254060324825986 0.6862514688601645 0.7175174013921114 0.6850763807285546
0 0.7111368909512761 0.6480611045828437 0.712877030162413 0.6745005875440658 0.818445475638051 0.681551116333725 0.8283062645011601 0.6269095182138661 0.7175174013921114 0.618096357226792
0 0.7215777262180975 0.5681551116333725 0.7180974477958236 0.5987074030552292 0.7209976798143851 0.6145710928319624 0.781322505800464 0.6204465334900118 0.8329466357308585 0.617508813160987 0.83584686774942 0.564042303172738 0.7325986078886311 0.5593419506462984
0 0.728538283062645 0.5047003525264395 0.7250580046403712 0.5411280846063454 0.7279582366589327 0.5558166862514688 0.7848027842227379 0.5616921269095182 0.839907192575406 0.5587544065804936 0.8433874709976799 0.5223266745005876 0.8404872389791184 0.5017626321974148 0.7337587006960556 0.4982373678025852
0 0.7250580046403712 0.45652173913043476 0.722737819025522 0.4894242068155112 0.7279582366589327 0.4935370152761457 0.8126450116009281 0.5017626321974148 0.8323665893271461 0.5017626321974148 0.8364269141531323 0.49764982373678024 0.8422273781902552 0.4588719153936545 0.8393271461716937 0.44418331374853115 0.7302784222737819 0.4336075205640423
0 0.7273781902552204 0.39424206815511165 0.7262180974477959 0.427144535840188 0.7302784222737819 0.4300822561692127 0.839907192575406 0.43419506462984725 0.8445475638051044 0.390716803760282 0.8416473317865429 0.37602820211515864 0.7882830626450116 0.3689776733254994 0.7325986078886311 0.36780258519388953
0 0.7389791183294664 0.3237367802585194 0.7378190255220418 0.3554641598119859 0.7418793503480279 0.3595769682726204 0.8393271461716937 0.36662749706227965 0.8538283062645011 0.3625146886016451 0.857308584686775 0.3096357226792009 0.8532482598607889 0.30552291421856637 0.7511600928074246 0.29612220916568743 0.7412993039443155 0.300235017626322
0 0.7494199535962877 0.24500587544065805 0.7447795823665894 0.2720329024676851 0.7476798143851509 0.282021151586369 0.8509280742459396 0.3008225616921269 0.8607888631090487 0.29553466509988247 0.8723897911832946 0.24853113983548766 0.8683294663573086 0.23971797884841364 0.761600928074246 0.22209165687426558 0.7552204176334106 0.22385428907168037
0 0.7505800464037123 0.16392479435957696 0.7476798143851509 0.21856639247943596 0.8509280742459396 0.23501762632197415 0.8631090487238979 0.23207990599294948 0.8735498839907193 0.1792009400705053 0.8706496519721578 0.172737955346651 0.7569605568445475 0.15511163337250294 0.7529002320185615 0.15569917743830788
0 0.62877030162413 0.09341950646298472 0.6264501160092807 0.15217391304347827 0.6305104408352669 0.1562867215041128 0.7447795823665894 0.16392479435957696 0.7505800464037123 0.11339600470035252 0.7465197215777262 0.10340775558166862 0.632830626450116 0.09048178613396005
0 0.6276102088167054 0.16392479435957696 0.6218097447795824 0.20740305522914218 0.6247099767981439 0.21739130434782608 0.6850348027842227 0.2256169212690952 0.7412993039443155 0.22502937720329025 0.7470997679814385 0.1792009400705053 0.744199535962877 0.16686251468860164 0.6467517401392111 0.15863689776733256 0.6316705336426914 0.15863689776733256
0 0.6252900232018561 0.2309048178613396 0.622969837587007 0.2802585193889542 0.627030162412993 0.28319623971797886 0.7001160092807425 0.2902467685076381 0.738399071925754 0.2902467685076381 0.7412993039443155 0.28613396004700353 0.7447795823665894 0.24500587544065805 0.7418793503480279 0.2291421856639248 0.6339907192575406 0.22209165687426558
0 0.617169373549884 0.3096357226792009 0.6136890951276102 0.3401880141010576 0.6189095127610209 0.34430082256169214 0.6583526682134571 0.3525264394829612 0.7256380510440835 0.3584018801410106 0.734338747099768 0.34136310223266747 0.7389791183294664 0.300235017626322 0.6235498839907193 0.28437132784958874
0 0.6102088167053364 0.36133960047003527 0.6096287703016241 0.4206815511163337 0.66415313225058 0.4300822561692127 0.7238979118329466 0.4294947121034078 0.7273781902552204 0.3707403055229142 0.7233178654292344 0.36662749706227965 0.6873549883990719 0.3607520564042303 0.6687935034802784 0.36310223266745006 0.6432714617169374 0.35605170387779084 0.6154292343387471 0.3572267920094007
0 0.605568445475638 0.4471210340775558 0.6044083526682135 0.48472385428907167 0.6084686774941995 0.4888366627497062 0.7151972157772621 0.4935370152761457 0.7204176334106729 0.4882491186839013 0.7221577726218097 0.43478260869565216 0.6084686774941995 0.4289071680376028
0 0.6090487238979119 0.5047003525264395 0.6096287703016241 0.5475910693301997 0.6676334106728539 0.5522914218566393 0.7175174013921114 0.5522914218566393 0.722737819025522 0.5481786133960047 0.7256380510440835 0.49588719153936545 0.6131090487238979 0.491186839012926
0 0.5986078886310905 0.5763807285546416 0.5962877030162413 0.6045828437132785 0.6003480278422274 0.6075205640423031 0.7082366589327146 0.6133960047003525 0.7122969837587007 0.6104582843713279 0.7180974477958236 0.5611045828437132 0.7151972157772621 0.5558166862514688 0.7059164733178654 0.554641598119859 0.6084686774941995 0.5511163337250293 0.6020881670533643 0.5587544065804936
0 0.5928074245939675 0.6316098707403055 0.5945475638051044 0.6686251468860165 0.7076566125290024 0.6680376028202115 0.70707656612529 0.6145710928319624 0.6003480278422274 0.6098707403055229 0.5951276102088167 0.6128084606345476
0 0.5986078886310905 0.68213866039953 0.5945475638051044 0.7391304347826086 0.6409512761020881 0.7438307873090482 0.7076566125290024 0.7408930669800236 0.7111368909512761 0.6915393654524089 0.7047563805104409 0.6850763807285546 0.6409512761020881 0.6780258519388954 0.6038283062645011 0.6780258519388954
0 0.5928074245939675 0.7502937720329025 0.5945475638051044 0.7967097532314924 0.6803944315545244 0.799059929494712 0.7024361948955916 0.7978848413631022 0.7076566125290024 0.7937720329024677 0.70707656612529 0.7461809635722679 0.6003480278422274 0.7426556991774383
0 0.5986078886310905 0.8149236192714454 0.5974477958236659 0.8419506462984724 0.6026682134570766 0.8554641598119859 0.6885150812064965 0.8589894242068156 0.7082366589327146 0.8578143360752056 0.7134570765661253 0.8537015276145711 0.7169373549883991 0.8055229142185664 0.7117169373549884 0.8014101057579318 0.6038283062645011 0.799059929494712
0 0.5904872389791184 0.8701527614571093 0.5881670533642691 0.9054054054054054 0.5945475638051044 0.9118683901292597 0.6537122969837587 0.9165687426556992 0.6995359628770301 0.9136310223266745 0.7053364269141531 0.8666274970622797 0.7024361948955916 0.8625146886016452 0.5933874709976799 0.8578143360752056
0 0.5904872389791184 0.9289071680376029 0.5881670533642691 0.9665099882491187 0.5922273781902552 0.9706227967097533 0.6711136890951276 0.9741480611045829 0.6983758700696056 0.9688601645123385 0.703016241299304 0.9242068155111633 0.6977958236658933 0.918918918918919 0.5945475638051044 0.9165687426556992
0 0.4762180974477958 0.9083431257344301 0.47447795823665895 0.9582843713278496 0.478538283062645 0.9623971797884842 0.584106728538283 0.9659224441833137 0.5870069605568445 0.9618096357226792 0.5881670533642691 0.9148061104582844 0.5829466357308585 0.9095182138660399
0 0.3561484918793503 0.9101057579318449 0.35846867749419953 0.9629847238542891 0.3625290023201856 0.9682726204465335 0.4733178654292343 0.9676850763807285 0.47215777262180975 0.9206815511163338 0.4646171693735499 0.9083431257344301
0 0.23317865429234338 0.9101057579318449 0.23201856148491878 0.95475910693302 0.23607888631090487 0.9623971797884842 0.330046403712297 0.9659224441833137 0.345707656612529 0.9629847238542891 0.3451276102088167 0.9095182138660399
0 0.11600928074245939 0.9042303172737955 0.11600928074245939 0.9512338425381903 0.12122969837587007 0.9565217391304348 0.20475638051044084 0.9623971797884842 0.2308584686774942 0.9594594594594594 0.22795823665893272 0.9083431257344301
0 0.11832946635730858 0.8490011750881316 0.12122969837587007 0.900117508813161 0.20707656612529002 0.9059929494712103 0.2308584686774942 0.9030552291421856 0.23201856148491878 0.854876615746181 0.22795823665893272 0.8507638072855465 0.14211136890951276 0.8460634547591069
0 0.11020881670533643 0.8066980023501763 0.10904872389791183 0.8349001175088132 0.11310904872389792 0.8437132784958872 0.20127610208816704 0.8495887191539365 0.22331786542923435 0.8495887191539365 0.22621809744779584 0.845475910693302 0.22215777262180975 0.7943595769682726 0.1142691415313225 0.7896592244418331
0 0.1142691415313225 0.7309048178613397 0.1142691415313225 0.7873090481786134 0.22505800464037123 0.7914218566392479 0.22447795823665892 0.7356051703877791
0 0.12877030162412992 0.6703877790834313 0.1154292343387471 0.7250293772032902 0.16067285382830626 0.7309048178613397 0.2273781902552204 0.7303172737955347 0.2296983758700696 0.672737955346651 0.22447795823665892 0.6650998824911868 0.19895591647331787 0.6627497062279671 0.19895591647331787 0.6686251468860165 0.14211136890951276 0.6662749706227967
0 0.10875870069605575 0.6286721504112807 0.11020881670533643 0.6565804935370152 0.21751740139211137 0.6592244418331374 0.22157772621809746 0.6539365452408931 0.21635730858468677 0.599294947121034 0.10875870069605571 0.5992949471210339
0 0.1058584686774942 0.5390716803760282 0.10875870069605569 0.5948883666274971 0.21345707656612528 0.5987074030552292 0.212877030162413 0.5405405405405406 0.14211136890951276 0.5381903642773208
0 0.10875870069605569 0.5023501762632198 0.10730858468677494 0.5331962397179788 0.22795823665893272 0.5378965922444183 0.23317865429234338 0.5337837837837838 0.2291183294663573 0.4779670975323149 0.15603248259860789 0.47561692126909516 0.10730858468677494 0.47297297297297297
0 0.2517401392111369 0.02408930669800235 0.2505800464037123 0.05699177438307873 0.255800464037123 0.06462984723854288 0.3694895591647332 0.06462984723854288 0.37354988399071926 0.058166862514688604 0.37587006960556846 0.013513513513513514 0.37180974477958234 0.0023501762632197414 0.28132250580046403 0.0011750881316098707 0.25696055684454755 0.012925969447708578
0 0.5034802784222738 0.10517038777908343 0.5023201856148491 0.14864864864864866 0.5063805104408353 0.15393654524089306 0.6107888631090487 0.16216216216216217 0.62122969837587 0.1609870740305523 0.6252900232018561 0.15569917743830788 0.6264501160092807 0.10164512338425381 0.6200696055684455 0.09753231492361927 0.5087006960556845 0.09165687426556991
0 0.3665893271461717 0.08401880141010576 0.3654292343387471 0.1392479435957697 0.3694895591647332 0.14336075205640422 0.48549883990719256 0.14806110458284372 0.4895591647331787 0.14159811985898943 0.4918793503480278 0.09224441833137485 0.4866589327146172 0.08695652173913043 0.404292343387471 0.0799059929494712 0.37180974477958234 0.0799059929494712
0 0.24245939675174014 0.08519388954171563 0.24013921113689096 0.12867215041128086 0.24651972157772623 0.136310223266745 0.3474477958236659 0.14571092831962398 0.35672853828306267 0.14571092831962398 0.3619489559164733 0.14042303172737955 0.3654292343387471 0.08519388954171563 0.36020881670533644 0.08108108108108109 0.2488399071925754 0.07285546415981199
0 0.2494199535962877 0.14159811985898943 0.25 0.20329024676850763 0.3114849187935035 0.209165687426557 0.3689095127610209 0.20740305522914218 0.36832946635730857 0.1492361927144536
0 0.37354988399071926 0.1509988249118684 0.37296983758700697 0.20799059929494712 0.478538283062645 0.21386603995299647 0.494199535962877 0.2097532314923619 0.4976798143851508 0.154524089306698 0.49245939675174016 0.1492361927144536 0.3799303944315545 0.14571092831962398
0 0.4988399071925754 0.18742655699177438 0.4976798143851508 0.21210340775558167 0.5029002320185615 0.21739130434782608 0.6119489559164734 0.22796709753231492 0.6183294663573086 0.22032902467685075 0.6252900232018561 0.1709753231492362 0.5864269141531323 0.1609870740305523 0.5110208816705336 0.15511163337250294 0.5034802784222738 0.15804935370152762
0 0.5011600928074246 0.22620446533490013 0.5017401392111369 0.2808460634547591 0.617169373549884 0.290834312573443 0.6241299303944315 0.24265569917743832 0.62122969837587 0.23266745005875442 0.5295823665893271 0.21974148061104584 0.5063805104408353 0.21974148061104584
0 0.4895591647331787 0.300235017626322 0.49013921113689096 0.34665099882491185 0.589907192575406 0.35487661574618096 0.601508120649652 0.35487661574618096 0.6067285382830626 0.3484136310223267 0.6096287703016241 0.29494712103407755 0.4982598607888631 0.28319623971797886 0.49071925754060325 0.2873090481786134
0 0.4872389791183295 0.36133960047003527 0.48781902552204176 0.4206815511163337 0.5991879350348028 0.42773207990599293 0.6044083526682135 0.42479435957696826 0.6078886310904872 0.3707403055229142 0.6038283062645011 0.36427732079905994 0.5261020881670534 0.3584018801410106
0 0.48491879350348027 0.4306698002350176 0.4837587006960557 0.4764982373678026 0.48781902552204176 0.481786133960047 0.595707656612529 0.48766157461809634 0.6020881670533643 0.4811985898942421 0.6026682134570766 0.4289071680376028 0.48897911832946633 0.42303172737955347
0 0.48607888631090485 0.4894242068155112 0.48607888631090485 0.5411280846063454 0.49013921113689096 0.5475910693301997 0.5933874709976799 0.5499412455934195 0.6044083526682135 0.545828437132785 0.6044083526682135 0.49412455934195065 0.6003480278422274 0.4900117508813161
0 0.4733178654292343 0.5528789659224442 0.47215777262180975 0.5987074030552292 0.47737819025522044 0.6063454759106933 0.5916473317865429 0.6081081081081081 0.5951276102088167 0.5575793184488836 0.5910672853828306 0.5522914218566393 0.47737819025522044 0.5475910693301997
0 0.47215777262180975 0.6410105757931844 0.4709976798143852 0.6598119858989424 0.478538283062645 0.6662749706227967 0.5852668213457076 0.6686251468860165 0.5916473317865429 0.6139835487661575 0.47737819025522044 0.6086956521739131
0 0.4767981438515081 0.699764982373678 0.4756380510440835 0.7326674500587544 0.4820185614849188 0.736780258519389 0.5875870069605569 0.7403055229142186 0.5916473317865429 0.7338425381903643 0.5951276102088167 0.6868390129259695 0.5875870069605569 0.6792009400705052 0.48897911832946633 0.6745005875440658 0.4791183294663573 0.6809635722679201
0 0.4733178654292343 0.7432432432432432 0.47505800464037123 0.7943595769682726 0.5829466357308585 0.7967097532314924 0.5881670533642691 0.7925969447708578 0.5864269141531323 0.7426556991774383 0.4762180974477958 0.7391304347826086
0 0.4651972157772622 0.800822561692127 0.462877030162413 0.845475910693302 0.46925754060324826 0.8519388954171563 0.5736658932714617 0.8554641598119859 0.5788863109048724 0.8513513513513513 0.5823665893271461 0.8019976498237368 0.5783062645011601 0.7978848413631022 0.47041763341067283 0.7955346650998825
0 0.46983758700696054 0.8783783783783784 0.46867749419953597 0.8983548766157462 0.4762180974477958 0.9059929494712103 0.5713457076566125 0.9095182138660399 0.5846867749419954 0.8924794359576969 0.5870069605568445 0.8584018801410106 0.5829466357308585 0.8531139835487661 0.4762180974477958 0.8531139835487661
0 0.351508120649652 0.8537015276145711 0.3491879350348028 0.8983548766157462 0.35440835266821347 0.9024676850763808 0.45881670533642693 0.9059929494712103 0.46403712296983757 0.9018801410105758 0.46635730858468677 0.8572267920094007 0.4611368909512761 0.8519388954171563 0.35440835266821347 0.8495887191539365
0 0.3468677494199536 0.8066980023501763 0.3486078886310905 0.8472385428907168 0.39153132250580047 0.8519388954171563 0.4605568445475638 0.8478260869565217 0.4617169373549884 0.8102232667450059 0.447215777262181 0.7955346650998825 0.35208816705336426 0.7920094007050529
0 0.23607888631090487 0.8495887191539365 0.2354988399071926 0.8960047003525264 0.23955916473317865 0.9024676850763808 0.3068445475638051 0.9083431257344301 0.3468677494199536 0.9065804935370153 0.3474477958236659 0.8554641598119859
0 0.2291183294663573 0.7931844888366627 0.2273781902552204 0.8396004700352526 0.2314385150812065 0.8460634547591069 0.3422273781902552 0.8501762632197415 0.3433874709976798 0.8019976498237368 0.33932714617169374 0.7967097532314924
0 0.2308584686774942 0.7397179788484136 0.2296983758700696 0.7843713278495887 0.23375870069605567 0.7896592244418331 0.31960556844547566 0.7943595769682726 0.34164733178654294 0.7943595769682726 0.345707656612529 0.7902467685076381 0.3451276102088167 0.7391304347826086 0.23375870069605567 0.7332549941245593
0 0.23317865429234338 0.699764982373678 0.23201856148491878 0.7232667450058754 0.23607888631090487 0.7297297297297297 0.3439675174013921 0.7379553466509988 0.3491879350348028 0.7279670975323149 0.35266821345707655 0.6797884841363102 0.33816705336426917 0.6674500587544065 0.24303944315545242 0.6662749706227967 0.2354988399071926 0.6750881316098707
0 0.3561484918793503 0.672737955346651 0.35672853828306267 0.72737955346651 0.4170533642691415 0.7332549941245593 0.4709976798143852 0.7314923619271445 0.4733178654292343 0.6797884841363102 0.4680974477958237 0.6733254994124559 0.37529002320185617 0.6686251468860165
0 0.35266821345707655 0.6092831962397179 0.35266821345707655 0.6598119858989424 0.35672853828306267 0.6627497062279671 0.4622969837587007 0.6698002350176263 0.46867749419953597 0.6645123384253819 0.4680974477958237 0.6110458284371327 0.4019721577726218 0.6063454759106933
0 0.23317865429234338 0.6034077555816686 0.23201856148491878 0.6492361927144535 0.23607888631090487 0.6603995299647474 0.3404872389791183 0.6627497062279671 0.351508120649652 0.6586368977673326 0.3503480278422274 0.6081081081081081 0.3451276102088167 0.6051703877790834
0 0.22389791183294663 0.5681551116333725 0.22273781902552203 0.5928319623971798 0.2314385150812065 0.599294947121034 0.3422273781902552 0.6010575793184488 0.34164733178654294 0.5464159811985899 0.2314385150812065 0.5405405405405406 0.22621809744779584 0.5446533490011751
0 0.345707656612529 0.5540540540540541 0.3474477958236659 0.6028202115158637 0.45533642691415316 0.6098707403055229 0.462877030162413 0.6069330199764983 0.4622969837587007 0.5499412455934195 0.35788863109048724 0.54524089306698 0.34976798143851506 0.5464159811985899
0 0.36310904872389793 0.4870740305522914 0.3619489559164733 0.5387779083431258 0.3660092807424594 0.5428907168037603 0.46925754060324826 0.5464159811985899 0.4802784222737819 0.5376028202115158 0.4837587006960557 0.4894242068155112 0.4796983758700696 0.48531139835487663
0 0.35846867749419953 0.4236192714453584 0.35730858468677495 0.47767332549941244 0.361368909512761 0.48296122209165687 0.4767981438515081 0.48237367802585196 0.4791183294663573 0.42596944770857814 0.47505800464037123 0.42303172737955347
0 0.3625290023201856 0.3537015276145711 0.35962877030162416 0.4036427732079906 0.3648491879350348 0.418331374853114 0.4814385150812065 0.41774383078730903 0.48259860788863107 0.36486486486486486 0.478538283062645 0.3572267920094007
0 0.3642691415313225 0.31551116333725027 0.3648491879350348 0.3384253819036428 0.4796983758700696 0.3490011750881316 0.48491879350348027 0.34136310223266747 0.48839907192575405 0.2884841363102233 0.37180974477958234 0.27614571092831963
0 0.3723897911832947 0.2156286721504113 0.37529002320185617 0.27497062279670975 0.45417633410672853 0.2773207990599295 0.4965197215777262 0.2720329024676851 0.4953596287703016 0.22855464159811986 0.4866589327146172 0.21504112808460635
0 0.23897911832946636 0.22150411280846063 0.23665893271461716 0.27438307873090484 0.24071925754060325 0.2773207990599295 0.33700696055684454 0.28437132784958874 0.35556844547563804 0.28437132784958874 0.35846867749419953 0.2802585193889542 0.36310904872389793 0.23325499412455933 0.3590487238979118 0.21856639247943596 0.24303944315545242 0.21269095182138661
0 0.24013921113689096 0.2826086956521739 0.24187935034802785 0.3419506462984724 0.3509280742459397 0.3501762632197415 0.36078886310904873 0.3472385428907168 0.361368909512761 0.28672150411280845
0 0.23433874709976799 0.3589894242068155 0.23607888631090487 0.41598119858989424 0.35266821345707655 0.41774383078730903 0.35730858468677495 0.3754406580493537 0.35324825986078884 0.35605170387779084 0.24071925754060325 0.35135135135135137
0 0.2354988399071926 0.4200940070505288 0.23839907192575405 0.4782608695652174 0.28016241299303946 0.481786133960047 0.3538283062645012 0.4788484136310223 0.3561484918793503 0.42479435957696826 0.35208816705336426 0.4206815511163337 0.25 0.4171562867215041
0 0.23897911832946636 0.490599294947121 0.23781902552204176 0.5329024676850764 0.24303944315545242 0.5393654524089306 0.3080046403712297 0.5440658049353702 0.3462877030162413 0.5440658049353702 0.35730858468677495 0.5399529964747356 0.35846867749419953 0.4882491186839013 0.35440835266821347 0.48413631022326675 0.2534802784222738 0.4806110458284371
0 0.10730858468677494 0.40981198589894247 0.10875870069605571 0.4715041128084607 0.16096287703016235 0.47473560517038776 0.2259280742459396 0.47591069330199764 0.23462877030162407 0.4717978848413631 0.23462877030162407 0.427144535840188 0.22940835266821338 0.4136310223266745
0 0.4651972157772622 0.7914218566392479 0.46867749419953597 0.7890716803760282 0.4709976798143852 0.7432432432432432 0.4646171693735499 0.736780258519389 0.36020881670533644 0.7332549941245593 0.351508120649652 0.7432432432432432 0.351508120649652 0.7855464159811986 0.35672853828306267 0.790834312573443
0 0.2296983758700696 0.27673325499412454 0.23433874709976799 0.26380728554641597 0.2354988399071926 0.2156286721504113 0.20591647331786542 0.209165687426557 0.18619489559164734 0.21034077555816685 0.10730858468677491 0.20857814336075212 0.10585846867749417 0.268801410105758 0.18445475638051045 0.2720329024676851
0 0.24361948955916474 0.20622796709753233 0.24361948955916474 0.14747356051703878 0.2302784222737819 0.14218566392479437 0.18271461716937354 0.14218566392479437 0.10730858468677497 0.1380728554641598 0.1102088167053365 0.20710928319623972
0 0.23201856148491878 0.3390129259694477 0.23665893271461716 0.33431257344300824 0.23781902552204176 0.28143360752056407 0.2325986078886311 0.27614571092831963 0.10730858468677497 0.273207990599295 0.1058584686774942 0.33196239717978854
0 0.228538283062645 0.41304347826086957 0.228538283062645 0.35311398354876616 0.1058584686774942 0.34371327849588723 0.1058584686774942 0.3760282021151587 0.1058584686774942 0.4054054054054055
0 0.3741299303944317 0.01615746180963574 0.49593967517401405 0.020564042303172755 0.49883990719257554 0.08960047003525268 0.37848027842227394 0.07491186839012925
0 0.6206496519721579 0.03672150411280848 0.5031902552204176 0.02497062279670977 0.5031902552204179 0.08813160987074034 0.6148491879350351 0.09694477085781433 0.6206496519721578 0.0367215041128085
0 0.6525522041763342 0.023501762632197432 0.6453016241299304 0.0881316098707403 0.76131090487239 0.09841363102232667 0.7700116009280742 0.04112808460634552
0 0.7758120649651974 0.022032902467685092 0.8976218097447796 0.03965922444183315 0.880220417633411 0.099882491186839 0.7743619489559167 0.08519388954171567
0 0.9034222737819027 0.057285546415981214 0.9947795823665894 0.06903642773207995 0.9991299303944315 0.12779083431257343 0.8976218097447797 0.11163337250293776
0 0.7758120649651974 0.09253819036427734 0.8831206496519725 0.11016451233842542 0.87877030162413 0.17038777908343128 0.7671113689095129 0.15423031727379558
0 0.24071925754060325 0.07050528789659224 0.1116589327146172 0.0631609870740306 0.11165893271461717 0.1277908343125735 0.24071925754060325 0.13513513513513517