0 0.9745762711864406 0.2196969696969697 1 0.21363636363636362 0.9947033898305084 0.15454545454545454 0.815677966101695 0.15303030303030302 0.815677966101695 0.20454545454545456 0.823093220338983 0.21818181818181817
0 0.8072033898305084 0.22272727272727272 0.8135593220338984 0.1621212121212121 0.8040254237288136 0.15151515151515152 0.6186440677966102 0.1590909090909091 0.6239406779661016 0.22121212121212122
0 0.989406779661017 0.2833333333333333 0.9904661016949152 0.22121212121212122 0.8167372881355932 0.21818181818181817 0.8072033898305084 0.23484848484848486 0.8082627118644068 0.2818181818181818
0 0.9661016949152542 0.35 0.9872881355932204 0.3409090909090909 0.986228813559322 0.2878787878787879 0.8008474576271186 0.28939393939393937 0.801906779661017 0.3484848484848485
0 0.21398305084745764 0.4984848484848485 0.2108050847457627 0.4303030303030303 0.03283898305084746 0.41515151515151516 0.025423728813559324 0.4318181818181818 0.026483050847457626 0.48484848484848486
0 0.4025423728813559 0.4954545454545455 0.4088983050847458 0.43787878787878787 0.4014830508474576 0.42727272727272725 0.21610169491525424 0.4318181818181818 0.21822033898305085 0.4772727272727273 0.2298728813559322 0.49393939393939396
0 0.5953389830508474 0.49242424242424243 0.6038135593220338 0.4893939393939394 0.5985169491525424 0.42727272727272725 0.4088983050847458 0.4318181818181818 0.4120762711864407 0.49393939393939396
0 0.6588983050847458 0.49242424242424243 0.7934322033898306 0.48787878787878786 0.7966101694915254 0.44393939393939397 0.7870762711864406 0.42727272727272725 0.6080508474576272 0.4287878787878788 0.6091101694915254 0.4909090909090909
0 0.875 0.4893939393939394 0.9777542372881356 0.4818181818181818 0.9809322033898306 0.4287878787878788 0.798728813559322 0.4287878787878788 0.7997881355932204 0.48787878787878786
0 0.8220338983050848 0.4257575757575758 0.9777542372881356 0.41818181818181815 0.9830508474576272 0.35909090909090907 0.8103813559322034 0.3575757575757576 0.8008474576271186 0.36515151515151517 0.8008474576271186 0.42272727272727273
0 0.7860169491525424 0.4257575757575758 0.798728813559322 0.4196969696969697 0.7976694915254238 0.36363636363636365 0.6080508474576272 0.3621212121212121 0.6059322033898306 0.4166666666666667 0.6133474576271186 0.42727272727272725
0 0.885593220338983 0.55 0.9798728813559322 0.5424242424242425 0.9872881355932204 0.5318181818181819 0.9872881355932204 0.4863636363636364 0.8273305084745762 0.4909090909090909 0.8050847457627118 0.5106060606060606 0.8082627118644068 0.5515151515151515
0 0.6483050847457628 0.5590909090909091 0.7955508474576272 0.5515151515151515 0.8029661016949152 0.5409090909090909 0.8029661016949152 0.4954545454545455 0.6154661016949152 0.49696969696969695 0.614406779661017 0.553030303030303
0 0.5254237288135594 0.5590909090909091 0.6027542372881356 0.5545454545454546 0.6059322033898306 0.4954545454545455 0.4205508474576271 0.49696969696969695 0.413135593220339 0.5075757575757576 0.4163135593220339 0.5606060606060606
0 0.4088983050847458 0.5621212121212121 0.4078389830508475 0.5 0.22033898305084745 0.5015151515151515 0.22351694915254236 0.5575757575757576
0 0.2097457627118644 0.5590909090909091 0.2108050847457627 0.5 0.06038135593220339 0.48787878787878786 0.025423728813559324 0.4984848484848485 0.03072033898305085 0.5545454545454546
0 0.211864406779661 0.6227272727272727 0.2108050847457627 0.5606060606060606 0.02754237288135593 0.5590909090909091 0.029661016949152543 0.6075757575757575 0.037076271186440676 0.6181818181818182
0 0.4046610169491525 0.6257575757575757 0.4078389830508475 0.5666666666666667 0.22139830508474576 0.5575757575757576 0.21610169491525424 0.5681818181818182 0.21610169491525424 0.6136363636363636 0.22351694915254236 0.6212121212121212
0 0.4427966101694915 0.6257575757575757 0.5942796610169492 0.6212121212121212 0.5995762711864406 0.5621212121212121 0.4120762711864407 0.5666666666666667 0.4110169491525424 0.6196969696969697
0 0.6588983050847458 0.6196969696969697 0.7680084745762712 0.6151515151515151 0.7902542372881356 0.5893939393939394 0.7923728813559322 0.556060606060606 0.6038135593220338 0.5621212121212121 0.6038135593220338 0.6075757575757575 0.611228813559322 0.6181818181818182
0 0.8029661016949152 0.6166666666666667 0.9671610169491526 0.6121212121212121 0.9745762711864406 0.556060606060606 0.7997881355932204 0.5545454545454546 0.7923728813559322 0.5681818181818182 0.7923728813559322 0.6136363636363636
0 0.8792372881355932 0.6772727272727272 0.9671610169491526 0.6727272727272727 0.9745762711864406 0.6227272727272727 0.9692796610169492 0.6121212121212121 0.7966101694915254 0.6227272727272727 0.7955508474576272 0.6757575757575758
0 0.652542372881356 0.6863636363636364 0.7870762711864406 0.6787878787878788 0.7944915254237288 0.6712121212121213 0.7944915254237288 0.6227272727272727 0.6091101694915254 0.6212121212121212 0.6080508474576272 0.6833333333333333
0 0.4703389830508475 0.6893939393939394 0.5985169491525424 0.6848484848484848 0.6038135593220338 0.6257575757575757 0.413135593220339 0.6287878787878788 0.4163135593220339 0.6878787878787879
0 0.24152542372881355 0.6924242424242424 0.4099576271186441 0.6878787878787879 0.413135593220339 0.6378787878787879 0.4099576271186441 0.6272727272727273 0.2277542372881356 0.6242424242424243 0.2245762711864407 0.6712121212121213
0 0.21822033898305085 0.6893939393939394 0.21716101694915255 0.6242424242424243 0.037076271186440676 0.6212121212121212 0.03389830508474576 0.6318181818181818 0.0413135593220339 0.6848484848484848
0 0.21822033898305085 0.759090909090909 0.21716101694915255 0.693939393939394 0.04978813559322034 0.6848484848484848 0.03389830508474576 0.6924242424242424 0.03919491525423729 0.7454545454545455
0 0.3389830508474576 0.753030303030303 0.4078389830508475 0.7484848484848485 0.4088983050847458 0.6954545454545454 0.22245762711864406 0.6954545454545454 0.225635593220339 0.7515151515151515
0 0.5148305084745762 0.753030303030303 0.5985169491525424 0.7484848484848485 0.6016949152542372 0.6954545454545454 0.413135593220339 0.6954545454545454 0.4163135593220339 0.7545454545454545
0 0.6101694915254238 0.75 0.7870762711864406 0.7424242424242424 0.7923728813559322 0.7015151515151515 0.7828389830508474 0.6818181818181818 0.6069915254237288 0.6878787878787879 0.6038135593220338 0.746969696969697
0 0.8177966101694916 0.7439393939393939 0.965042372881356 0.7303030303030303 0.9703389830508474 0.6772727272727272 0.7934322033898306 0.6818181818181818 0.7902542372881356 0.740909090909091
0 0.8114406779661016 0.8136363636363636 0.9565677966101694 0.793939393939394 0.972457627118644 0.7742424242424243 0.972457627118644 0.7378787878787879 0.965042372881356 0.7303030303030303 0.7997881355932204 0.7484848484848485 0.7944915254237288 0.8106060606060606
0 0.7690677966101694 0.8106060606060606 0.7902542372881356 0.8075757575757576 0.7891949152542372 0.7484848484848485 0.6133474576271186 0.7484848484848485 0.6059322033898306 0.759090909090909 0.6091101694915254 0.8090909090909091
0 0.4322033898305085 0.8136363636363636 0.5963983050847458 0.8090909090909091 0.6016949152542372 0.753030303030303 0.4141949152542373 0.7545454545454545 0.413135593220339 0.8106060606060606
0 0.3326271186440678 0.8196969696969697 0.4078389830508475 0.8151515151515152 0.4067796610169492 0.7560606060606061 0.2245762711864407 0.759090909090909 0.2319915254237288 0.8181818181818182
0 0.21822033898305085 0.8227272727272728 0.2245762711864407 0.8166666666666667 0.21927966101694915 0.7606060606060606 0.038135593220338986 0.753030303030303 0.04025423728813559 0.7984848484848485 0.04766949152542373 0.8090909090909091
0 0.22033898305084745 0.8742424242424243 0.21927966101694915 0.8242424242424242 0.04025423728813559 0.8136363636363636 0.045550847457627115 0.8696969696969697
0 0.22033898305084745 0.9348484848484848 0.21927966101694915 0.8787878787878788 0.0423728813559322 0.8742424242424243 0.04449152542372881 0.9166666666666666 0.05614406779661017 0.9333333333333333
0 0.09533898305084745 0.9984848484848485 0.225635593220339 0.9939393939393939 0.2266949152542373 0.943939393939394 0.05084745762711865 0.9378787878787879 0.04978813559322034 1
0 0.3855932203389831 0.9954545454545455 0.4110169491525424 0.9893939393939394 0.4078389830508475 0.9363636363636364 0.2288135593220339 0.9409090909090909 0.23622881355932204 0.996969696969697
0 0.4067796610169492 0.8772727272727273 0.4036016949152542 0.8181818181818182 0.2245762711864407 0.8257575757575758 0.2277542372881356 0.8787878787878788
0 0.3538135593220339 0.9378787878787879 0.4036016949152542 0.9363636363636364 0.4046610169491525 0.8803030303030303 0.22245762711864406 0.8833333333333333 0.2277542372881356 0.9363636363636364
0 0.5953389830508474 0.8712121212121212 0.597457627118644 0.8257575757575758 0.5879237288135594 0.8121212121212121 0.4480932203389831 0.8121212121212121 0.4141949152542373 0.8151515151515152 0.4088983050847458 0.8257575757575758 0.4120762711864407 0.8696969696969697
0 0.5783898305084746 0.9318181818181818 0.6016949152542372 0.9257575757575758 0.5985169491525424 0.8727272727272727 0.4226694915254237 0.8727272727272727 0.4152542372881356 0.8863636363636364 0.4152542372881356 0.9257575757575758 0.4290254237288136 0.9333333333333333
0 0.5063559322033898 0.9924242424242424 0.590042372881356 0.990909090909091 0.5953389830508474 0.9378787878787879 0.4184322033898305 0.9303030303030303 0.4110169491525424 0.9409090909090909 0.4141949152542373 0.990909090909091
0 0.6694915254237288 0.9893939393939394 0.7722457627118644 0.9818181818181818 0.777542372881356 0.9378787878787879 0.5953389830508474 0.9378787878787879 0.5963983050847458 0.9878787878787879
0 0.6567796610169492 0.9318181818181818 0.7764830508474576 0.9303030303030303 0.7838983050847458 0.9227272727272727 0.7860169491525424 0.8772727272727273 0.6038135593220338 0.8772727272727273 0.6069915254237288 0.9333333333333333
0 0.6610169491525424 0.8712121212121212 0.7828389830508474 0.8696969696969697 0.788135593220339 0.8166666666666667 0.6016949152542372 0.8196969696969697 0.6048728813559322 0.8727272727272727
0 0.826271186440678 0.8681818181818182 0.9629237288135594 0.8515151515151516 0.9661016949152542 0.7984848484848485 0.7934322033898306 0.8151515151515152 0.7902542372881356 0.8651515151515151
0 0.8199152542372882 0.9287878787878788 0.9459745762711864 0.9151515151515152 0.9639830508474576 0.9045454545454545 0.9661016949152542 0.8590909090909091 0.7934322033898306 0.8696969696969697 0.7902542372881356 0.9287878787878788
0 0.7944915254237288 0.9863636363636363 0.9396186440677966 0.9727272727272728 0.9491525423728814 0.9590909090909091 0.951271186440678 0.9227272727272727 0.7807203389830508 0.9333333333333333 0.7754237288135594 0.9772727272727273
0 0.20177562550443895 0.35497835497835495 0.016142050040355158 0.35497835497835495 0.01715092816787738 0.41702741702741697 0.20883777239709445 0.41991341991341985
0 0.21388216303470536 0.3607503607503607 0.3995157384987892 0.3621933621933622 0.4025423728813559 0.4213564213564213 0.21085552865213886 0.4184704184704184
0 0.4085956416464891 0.3607503607503607 0.6012913640032282 0.3650793650793651 0.6002824858757061 0.42857142857142855 0.41061339790153334 0.41991341991341985
0 0.6063357546408393 0.29292929292929293 0.8030669895076675 0.30014430014430005 0.8010492332526231 0.3578643578643579 0.609362389023406 0.35209235209235207
0 0.6123890234059726 0.2251082251082251 0.6113801452784502 0.28715728715728706 0.8000403551251009 0.28715728715728717 0.8020581113801453 0.22655122655122653
0 0.6113801452784503 0.09090909090909091 0.806093623890234 0.08513708513708507 0.806093623890234 0.15151515151515152 0.614406779661017 0.1515151515151515
0 0.8141646489104115 0.0836940836940837 0.9987893462469731 0.08946608946608944 1 0.15295815295815293 0.8171912832929783 0.14285714285714282
0 0.826271186440678 0.015873015873015883 0.8252623083131557 0.08080808080808083 0.9997982243744954 0.08658008658008655 1 0.024531024531024542