0 0.30310880829015546 0.48933901918976547 0.31088082901554404 0.48507462686567165 0.3126079447322971 0.35714285714285715 0.30958549222797926 0.34754797441364604 0.2810880829015544 0.34754797441364604 0.21977547495682212 0.3304904051172708 0.20595854922279794 0.3304904051172708 0.20120898100172713 0.337953091684435 0.19905008635578583 0.464818763326226 0.26295336787564766 0.4861407249466951
0 0.29533678756476683 0.6257995735607675 0.3013816925734024 0.5298507462686567 0.30008635578583764 0.4968017057569296 0.19991364421416236 0.4690831556503198 0.18998272884283246 0.47654584221748403 0.18739205526770294 0.5639658848614072 0.1895509499136442 0.603411513859275
0 0.28929188255613125 0.7601279317697228 0.2927461139896373 0.7452025586353944 0.29447322970639034 0.6940298507462687 0.29317789291882557 0.6311300639658849 0.18393782383419688 0.6108742004264393 0.18307426597582038 0.7281449893390192 0.18609671848013817 0.744136460554371 0.21977547495682212 0.7547974413646056
0 0.3998272884283247 0.7899786780383795 0.40414507772020725 0.7814498933901919 0.4110535405872193 0.6897654584221748 0.40889464594127806 0.6609808102345416 0.3121761658031088 0.6268656716417911 0.3035405872193437 0.6268656716417911 0.3005181347150259 0.6343283582089553 0.29533678756476683 0.6982942430703625 0.2957685664939551 0.7547974413646056
0 0.40846286701208984 0.6556503198294243 0.41450777202072536 0.5490405117270789 0.4123488773747841 0.5202558635394456 0.31563039723661485 0.4946695095948827 0.3022452504317789 0.502132196162047 0.29965457685664937 0.6172707889125799 0.3026770293609672 0.6247334754797441
0 0.41018998272884283 0.5085287846481876 0.42487046632124353 0.5 0.42443868739205526 0.36886993603411516 0.33031088082901555 0.35181236673773986 0.3143350604490501 0.35714285714285715 0.3130397236614853 0.488272921108742 0.32944732297063906 0.4989339019189765
0 0.533678756476684 0.5170575692963753 0.538860103626943 0.502132196162047 0.540587219343696 0.46375266524520253 0.542314335060449 0.38912579957356075 0.5384283246977547 0.3795309168443497 0.4952504317789292 0.3646055437100213 0.44602763385146804 0.3624733475479744 0.4283246977547496 0.3720682302771855 0.42875647668393785 0.5053304904051172
0 0.5077720207253886 0.6535181236673774 0.5241796200345423 0.6471215351812367 0.5276338514680483 0.5341151385927505 0.5228842832469776 0.5223880597014925 0.4322107081174439 0.509594882729211 0.4170984455958549 0.5149253731343284 0.41407599309153714 0.6439232409381663
0 0.5198618307426598 0.7899786780383795 0.5233160621761658 0.7004264392324094 0.5211571675302246 0.6588486140724946 0.41364421416234887 0.6492537313432836 0.40932642487046633 0.7473347547974414 0.4123488773747841 0.7739872068230277 0.483160621761658 0.7910447761194029
0 0.6286701208981001 0.8070362473347548 0.6364421416234888 0.6940298507462687 0.635146804835924 0.6716417910447762 0.5436096718480138 0.6609808102345416 0.5267702936096719 0.6663113006396588 0.5215889464594128 0.7707889125799574 0.5237478411053541 0.7931769722814499
0 0.6295336787564767 0.6684434968017058 0.6338514680483592 0.6343283582089553 0.6360103626943006 0.5458422174840085 0.5531088082901554 0.5266524520255863 0.5341105354058722 0.5266524520255863 0.5293609671848014 0.5341151385927505 0.5241796200345423 0.6471215351812367 0.5263385146804835 0.6545842217484008
0 0.6424870466321243 0.5426439232409381 0.6485319516407599 0.5298507462686567 0.6519861830742659 0.4168443496801706 0.6481001727115717 0.4072494669509595 0.5440414507772021 0.39125799573560766 0.5401554404145078 0.5159914712153518 0.592832469775475 0.535181236673774
0 0.7556131260794473 0.5575692963752665 0.7625215889464594 0.502132196162047 0.7655440414507773 0.42643923240938164 0.6791882556131261 0.4072494669509595 0.6558721934369602 0.39232409381663114 0.653713298791019 0.3976545842217484 0.6502590673575129 0.5106609808102346 0.6524179620034543 0.535181236673774
0 0.7435233160621761 0.6812366737739872 0.7495682210708118 0.6599147121535182 0.7538860103626943 0.5810234541577826 0.751727115716753 0.5607675906183369 0.6506908462867013 0.5437100213219617 0.6407599309153713 0.5618336886993603 0.6373056994818653 0.6535181236673774 0.6446459412780656 0.67590618336887
0 0.7392055267702936 0.8326226012793176 0.7443868739205527 0.826226012793177 0.7495682210708118 0.7217484008528785 0.7487046632124352 0.7046908315565032 0.7430915371329879 0.6929637526652452 0.6390328151986183 0.6812366737739872 0.6329879101899827 0.7814498933901919 0.6386010362694301 0.8123667377398721 0.6783246977547496 0.8294243070362474
0 0.7435233160621761 0.9776119402985075 0.7495682210708118 0.964818763326226 0.7530224525043178 0.9157782515991472 0.7530224525043178 0.8603411513859275 0.7491364421416234 0.8486140724946695 0.7206390328151986 0.8400852878464818 0.6511226252158895 0.8390191897654584 0.6442141623488774 0.94136460554371 0.6463730569948186 0.9701492537313433
0 0.8480138169257341 0.9712153518123667 0.8566493955094991 0.8667377398720683 0.8518998272884283 0.8400852878464818 0.7521588946459413 0.8368869936034116 0.7547495682210709 0.8710021321961621 0.7504317789291882 0.9541577825159915 0.7525906735751295 0.9701492537313433
0 0.8221070811744386 0.8304904051172708 0.8398100172711571 0.8294243070362474 0.8488773747841105 0.8198294243070362 0.853195164075993 0.7388059701492538 0.8510362694300518 0.7014925373134329 0.7487046632124352 0.6940298507462687 0.7504317789291882 0.7281449893390192 0.7452504317789291 0.7985074626865671 0.7465457685664939 0.8272921108742004
0 0.8523316062176166 0.6982942430703625 0.8566493955094991 0.6876332622601279 0.8596718480138169 0.5756929637526652 0.7802245250431779 0.5692963752665245 0.7646804835924007 0.5607675906183369 0.7556131260794473 0.5682302771855011 0.7495682210708118 0.6748400852878464 0.7543177892918825 0.6929637526652452
0 0.8601036269430051 0.5682302771855011 0.8678756476683938 0.5533049040511727 0.8730569948186528 0.5191897654584222 0.8756476683937824 0.4488272921108742 0.8726252158894646 0.43923240938166314 0.7750431778929189 0.42643923240938164 0.768566493955095 0.44029850746268656 0.7616580310880829 0.5362473347547975 0.7689982728842832 0.5607675906183369 0.7776338514680483 0.5671641791044776
0 0.9585492227979274 0.7089552238805971 0.9620034542314335 0.6940298507462687 0.9658894645941278 0.582089552238806 0.8829879101899827 0.5735607675906184 0.8626943005181347 0.5788912579957356 0.8592400690846287 0.6513859275053305 0.8592400690846287 0.6833688699360341 0.8622625215889465 0.6908315565031983
0 0.9283246977547496 0.8368869936034116 0.946027633851468 0.835820895522388 0.9499136442141624 0.8283582089552238 0.959412780656304 0.7388059701492538 0.9563903281519862 0.7121535181236673 0.8708981001727115 0.6929637526652452 0.8596718480138169 0.6929637526652452 0.8566493955094991 0.7004264392324094 0.8506044905008635 0.8091684434968017 0.8527633851468048 0.8251599147121536
0 0.18048359240069084 0.7515991471215352 0.18307426597582038 0.7473347547974414 0.18134715025906736 0.6108742004264393 0.17832469775474957 0.603411513859275 0.16968911917098445 0.6098081023454158 0.06476683937823834 0.5970149253731345 0.06044905008635579 0.6432125088841506 0.05936960276338515 0.6769722814498936 0.056131260794473205 0.728500355366027 0.10621761658031088 0.7388059701492538 0.11010362694300518 0.746268656716418
0 0.16580310880829016 0.9051172707889126 0.1692573402417962 0.8880597014925373 0.17443868739205526 0.7643923240938166 0.16882556131260795 0.7569296375266524 0.05757052389176743 0.7391613361762617 0.044617156016119736 0.8635394456289981
0 0.6771732872769141 0.08884150675195455 0.7808002302820956 0.11904761904761901 0.7721646516983304 0.23987206823027712 0.6663788140472077 0.21677327647476896
0 0.8815486470926884 0.13859275053304904 0.8757915947035119 0.2700781805259416 0.775762809441566 0.24697938877043343 0.7829591249280368 0.11549395877754084
0 0.17098445595854922 0.6044776119402985 0.17789291882556132 0.593816631130064 0.18134715025906736 0.48507462686567165 0.17918825561312607 0.47121535181236673 0.06476683937823836 0.43710021321961606 0.06332757628094417 0.5792466240227433 0.15112262521588946 0.611229566453447
0 0.7800805987334484 0.28962331201137176 0.8750719631548647 0.30383795309168454 0.870754173862982 0.4299928926794598 0.7692861255037421 0.41755508173418615
0 0.8909038572251008 0.314498933901919 0.9923719055843409 0.32338308457711445 0.9909326424870466 0.4388770433546554 0.8930627518710421 0.43710021321961623
0 0.1950201496833621 0.17768301350390905 0.3051237766263673 0.21321961620469077 0.29792746113989643 0.3464818763326226 0.18710420264824418 0.316275764036958
0 0.30872193436960277 0.20788912579957355 0.41882556131260795 0.21855010660980814 0.4224237190558434 0.3553660270078181 0.30872193436960277 0.33582089552238814 0.3116004605641911 0.20611229566453457
0 0.426741508347726 0.19900497512437812 0.5354058721934369 0.21321961620469077 0.5361255037420841 0.3500355366027007 0.42530224525043175 0.33226723525230983
0 0.5490788716177316 0.2523098791755508 0.6555843408175014 0.27363184079601993 0.6491076568796775 0.4033404406538734 0.5418825561312608 0.3820184790334043
0 0.6663788140472077 0.26474769012082444 0.7721646516983305 0.28784648187633277 0.7628094415659182 0.42288557213930345 0.659182498560737 0.3926794598436389 0.667098445595855 0.26297085998578523
0 0.8901842256764536 0.31627576403695806 0.9887737478411055 0.32515991471215366 0.9873344847438111 0.4442075337597725 0.8916234887737479 0.433546552949538
0 0.8973805411629246 0.1439232409381663 0.9938111686816349 0.17412935323383089 0.9880541162924583 0.28962331201137176 0.9643062751871043 0.2985074626865673 0.8916234887737479 0.2771855010660982
0 0.8981001727115717 0.0017768301350391104 0.8894645941278065 0.13148542999289273 0.985895221646517 0.15813788201847903 0.9952504317789291 0.02842928216062548
0 0.9542314335060451 0.8599857853589196 0.8599597006332756 0.8617626154939587 0.8570811744386874 0.9808102345415781 0.9527921704087506 0.9843638948116559
0 0.5397236614853195 0.8244491826581378 0.6447898675877949 0.8315565031982941 0.6375935521013241 0.9719260838663824 0.5411629245826136 0.9434968017057569
0 0.41738629821531376 0.8049040511727078 0.5231721358664364 0.8297796730632552 0.5188543465745539 0.9541577825159914 0.41090961427748995 0.9257285003553661
0 0.30008635578583764 0.7800284292821604 0.4080310880829015 0.8066808813077468 0.4080310880829015 0.9310589907604834 0.3015256188831318 0.9079601990049749
0 0.18278641335636156 0.7640369580668086 0.29145077720207246 0.7960199004975123 0.2835348301669546 0.9203980099502488 0.1820667818077145 0.8901918976545841
0 0.18890328151986183 0.4712153518123668 0.19149395509499137 0.46481876332622607 0.1932210708117444 0.3518123667377399 0.1901986183074266 0.3464818763326227 0.18329015544041452 0.3571428571428572 0.17551813471502592 0.3571428571428572 0.0694444444444445 0.3073916133617628 0.05793033966609097 0.42466240227434254
0 0.18566493955094993 0.31449893390191896 0.19142199194012668 0.19367448471926085 0.15903857225100745 0.17412935323383077 0.0791594703511802 0.1634683724235963 0.07196315486470925 0.21677327647476907 0.07052389176741512 0.2771855010660982 0.18048359240069084 0.31236673773987206
0 0.8750719631548647 0.44776119402985076 0.978698906160046 0.45131485429992885 0.9671848013816927 0.5792466240227436 0.8678756476683938 0.568585643212509