0 0.9127857747671465 0.15153538050734314 0.9187129551227773 0.10747663551401869 0.9174428450465707 0.09078771695594126 0.8784928027095682 0.0774365821094793 0.8408128704487722 0.07276368491321762 0.8386960203217613 0.13351134846461948
0 0.9051651143099069 0.21428571428571427 0.9085520745131245 0.2116154873164219 0.9102455546147333 0.19292389853137518 0.9089754445385266 0.15353805073431243 0.8412362404741744 0.13885180240320427 0.8323454699407282 0.14218958611481977 0.8289585097375106 0.19692923898531375 0.831922099915326 0.20293724966622162 0.8615580016934801 0.2109479305740988
0 0.9889923793395428 0.22496662216288385 0.9932260795935648 0.21829105473965288 0.9974597798475868 0.1862483311081442 0.9974597798475868 0.16755674232309747 0.9944961896697714 0.1628838451268358 0.9225232853513972 0.14686248331108145 0.9161727349703641 0.15020026702269693 0.9110922946655376 0.19692923898531375 0.915749364944962 0.21228304405874499
0 0.9889923793395428 0.1568758344459279 1 0.15287049399198932 0.9995766299745978 0.08811748998664887 0.9301439458086368 0.0774365821094793 0.9195596951735817 0.08077436582109479 0.9178662150719729 0.1315086782376502 0.9208298052497883 0.13885180240320427
0 0.9771380186282811 0.2903871829105474 0.9881456392887383 0.2863818424566088 0.9923793395427604 0.24632843791722298 0.9902624894157493 0.22830440587449932 0.9335309060118544 0.21762349799732977 0.9199830651989839 0.21895861148197596 0.9144792548687553 0.22630173564753003 0.9110922946655376 0.2583444592790387 0.9132091447925487 0.27636849132176233
0 0.9060118543607113 0.28371161548731644 0.9110922946655376 0.232977303070761 0.9081287044877223 0.22029372496662217 0.8331922099915327 0.2076101468624833 0.8281117696867062 0.25567423230974634 0.8302286198137172 0.26702269692923897 0.8564775613886537 0.27636849132176233
0 0.8230313293818797 0.2650200267022697 0.8264182895850973 0.2623497997329773 0.8289585097375106 0.2409879839786382 0.8298052497883149 0.21428571428571427 0.8268416596104996 0.20427236315086783 0.7485182049110923 0.19559412550066757 0.7497883149872989 0.2590120160213618
0 0.39796782387806945 0.2970627503337784 0.4038950042337002 0.2903871829105474 0.40643522438611346 0.2596795727636849 0.4008594407998055 0.2377215993743076 0.39986867019429007 0.23694018605552017 0.39986867019429007 0.23615875783222906 0.3993733604767174 0.23537735941794533 0.39986867019429007 0.23537735941794533 0.39788728015362934 0.23537735941794533 0.327688399661304 0.22897196261682243 0.32430143945808637 0.25433911882510013 0.32514817950889074 0.2823765020026702 0.3281117696867062 0.2883845126835781
0 0.32260795935647757 0.2983978638184246 0.3259949195596952 0.2917222963951936 0.32430143945808637 0.2409879839786382 0.32357825476165436 0.23973884776284346 0.32193946991388045 0.2392217877130069 0.30948474508019497 0.2371536559926244 0.281297625693787 0.23405140417256876 0.24983296161770377 0.23198327245218633 0.2497883149872989 0.232977303070761 0.2472480948348857 0.2863818424566088 0.2502116850127011 0.2923898531375167 0.28746824724809483 0.29906542056074764
0 0.17585995576268842 0.22982533959682833 0.17657576865387192 0.28565734218472755 0.24643245599506214 0.2940981355927259 0.24762151052822465 0.2350125727925467 0.19500605721957043 0.22516495663204097
0 0.24216765453005928 0.3758344459279039 0.2531752751905165 0.36248331108144194 0.2557154953429297 0.3037383177570093 0.2527519051651143 0.29906542056074764 0.18670618120237087 0.2910547396528705 0.17612193056731584 0.29973297730307075 0.1710414902624894 0.34512683578104136 0.17400508044030483 0.3591455273698264 0.21464860287891618 0.3724966622162884
0 0.3302286198137172 0.38117489986648867 0.3344623200677392 0.3170894526034713 0.3314987298899238 0.31108144192256343 0.28916172734970363 0.30574098798397864 0.2629127857747671 0.30707610146862485 0.25656223539373413 0.3144192256341789 0.2574089754445385 0.3718291054739653 0.26037256562235395 0.376502002670227
0 0.40812870448772226 0.3878504672897196 0.4106689246401355 0.3437917222963952 0.4085520745131245 0.32309746328437916 0.35012701100762067 0.3164218958611482 0.3374259102455546 0.3177570093457944 0.3344623200677392 0.32242990654205606 0.3348856900931414 0.3818424566088118
0 0.4877222692633362 0.3878504672897196 0.49026248941574935 0.3317757009345794 0.48729889923793396 0.32443257676902537 0.4212531752751905 0.3137516688918558 0.4123624047417443 0.3184245660881175 0.4127857747671465 0.37783711615487314 0.4635901778154107 0.3885180240320427
0 0.5664690939881456 0.397196261682243 0.5698560541913632 0.38117489986648867 0.5685859441151566 0.3311081441922563 0.5008467400508044 0.32309746328437916 0.4928027095681626 0.32777036048064084 0.49026248941574935 0.36114819759679573 0.49237933954276036 0.3885180240320427
0 0.48433530906011857 0.3144192256341789 0.4877222692633362 0.3090787716955941 0.48645215918712953 0.2523364485981308 0.4089754445385267 0.24499332443257676 0.40939881456392885 0.30574098798397864 0.4415749364944962 0.3137516688918558
0 0.5698560541913632 0.3197596795727637 0.5749364944961897 0.3157543391188251 0.5757832345469941 0.30640854472630175 0.5757832345469941 0.25567423230974634 0.5728196443691786 0.25100133511348466 0.4953429297205758 0.2530040053404539 0.4953429297205758 0.30507343124165553 0.4983065198983912 0.3137516688918558
0 0.6570702794242168 0.3197596795727637 0.65961049957663 0.3170894526034713 0.6591871295512278 0.25634178905206945 0.5817104149026249 0.25433911882510013 0.5821337849280271 0.315086782376502
0 0.7104149026248942 0.32242990654205606 0.7400508044030483 0.3197596795727637 0.7387806943268417 0.2590120160213618 0.678662150719729 0.25500667556742324 0.6621507197290432 0.2583444592790387 0.661727349703641 0.3177570093457944
0 0.8204911092294666 0.33978638184245663 0.825571549534293 0.29572763684913217 0.823454699407282 0.27636849132176233 0.779424216765453 0.2683578104138852 0.745977984758679 0.2690253671562083 0.7425910245554614 0.3130841121495327 0.7455546147332769 0.3311081441922563
0 0.9026248941574937 0.3477970627503338 0.9085520745131245 0.30240320427236317 0.905588484335309 0.2857142857142857 0.8454699407281965 0.27636849132176233 0.8289585097375106 0.27970627503337786 0.825571549534293 0.33444592790387184 0.827688399661304 0.3377837116154873
0 0.9856054191363252 0.36114819759679573 0.9898391193903472 0.3531375166889186 0.9932260795935648 0.3184245660881175 0.9932260795935648 0.3037383177570093 0.9868755292125317 0.2937249666221629 0.9225232853513972 0.2803738317757009 0.9119390347163421 0.2850467289719626 0.90770533446232 0.32910547396528705 0.9132091447925487 0.3417890520694259 0.9386113463166808 0.35246995994659547
0 0.97883149872989 0.42923898531375165 0.9822184589331076 0.42389853137516686 0.9847586790855207 0.397196261682243 0.9834885690093141 0.3644859813084112 0.9182895850973751 0.35514018691588783 0.90770533446232 0.3598130841121495 0.905588484335309 0.4218958611481976
0 0.9000846740050804 0.4225634178905207 0.9043183742591024 0.40520694259012013 0.9030482641828959 0.3591455273698264 0.825571549534293 0.3531375166889186 0.8251481795088907 0.4152202937249666
0 0.817104149026249 0.4145527369826435 0.8209144792548687 0.41388518024032045 0.8230313293818797 0.40654205607476634 0.8230313293818797 0.3531375166889186 0.8200677392040644 0.3484646194926569 0.7434377646062659 0.33978638184245663 0.7417442845046571 0.40120160213618156 0.7447078746824725 0.40720961281708945
0 0.7341236240474175 0.40520694259012013 0.7375105842506351 0.39586114819759677 0.7375105842506351 0.3464619492656876 0.7320067739204065 0.3324432576769025 0.6634208298052497 0.32710280373831774 0.6570702794242168 0.335781041388518 0.655376799322608 0.3945260347129506 0.6583403895004234 0.40186915887850466
0 0.6494496189669772 0.397196261682243 0.6519898391193903 0.3945260347129506 0.6528365791701948 0.3664886515353805 0.6528365791701948 0.3371161548731642 0.6498729889923793 0.3311081441922563 0.5829805249788315 0.32710280373831774 0.5740897544453852 0.3317757009345794 0.5745131244707875 0.3925233644859813
0 0.9813717188823031 0.49198931909212285 0.9864521591871296 0.48664886515353806 0.9881456392887383 0.4719626168224299 0.9889923793395428 0.438584779706275 0.9860287891617273 0.42857142857142855 0.9174428450465707 0.4259012016021362 0.9119390347163421 0.4319092122830441 0.9123624047417442 0.48598130841121495
0 0.903471634208298 0.48798397863818427 0.9068585944115156 0.48664886515353806 0.9085520745131245 0.4773030707610147 0.9064352243861135 0.4259012016021362 0.8370025402201524 0.417890520694259 0.8281117696867062 0.4212283044058745 0.8285351397121083 0.4779706275033378
0 0.8137171888230313 0.4786381842456609 0.8175275190516511 0.4192256341789052 0.7548687552921253 0.4098798397863818 0.7392040643522438 0.41188251001335113 0.7387806943268417 0.4712950600801068
0 0.7231160033869602 0.4732977303070761 0.7358171041490262 0.4706275033377837 0.7345469940728196 0.411214953271028 0.6812023708721423 0.40587449933244324 0.6562235393734124 0.40921228304405877 0.6591871295512278 0.46862483311081443
0 0.6511430990685859 0.4719626168224299 0.6536833192209992 0.4666221628838451 0.6532599491955969 0.40854472630173566 0.5766299745977985 0.40253671562082777 0.5770533446232007 0.46328437917222964 0.6117696867061811 0.4712950600801068
0 0.5715495342929721 0.4652870493991989 0.5723962743437765 0.40654205607476634 0.569432684165961 0.40186915887850466 0.49364944961896695 0.3998664886515354 0.4966130397967824 0.4606141522029373
0 0.48433530906011857 0.4546061415220294 0.4877222692633362 0.4252336448598131 0.48645215918712953 0.3925233644859813 0.4195596951735817 0.3818424566088118 0.41151566469093986 0.38651535380507346 0.40812870448772226 0.4198931909212283 0.40812870448772226 0.43724966622162886 0.4110922946655377 0.4432576769025367
0 0.4005080440304826 0.4546061415220294 0.40474174428450466 0.4506008010680908 0.4055884843353091 0.43457943925233644 0.40347163420829807 0.3951935914552737 0.34504657070279426 0.38584779706275035 0.327688399661304 0.3891855807743658 0.329805249788315 0.4445927903871829
0 0.3259949195596952 0.4439252336448598 0.327688399661304 0.3891855807743658 0.3247248094834886 0.38317757009345793 0.25867908552074514 0.376502002670227 0.2523285351397121 0.37983978638184246 0.2523285351397121 0.43324432576769023 0.25529212531752754 0.4392523364485981
0 0.2438611346316681 0.44125500667556744 0.2489415749364945 0.43324432576769023 0.2476714648602879 0.37917222963951935 0.18585944115156647 0.3684913217623498 0.1727349703640982 0.37316421895861146 0.1718882303132938 0.42923898531375165 0.17485182049110923 0.43391188251001334
0 0.2489415749364945 0.5040053404539386 0.2514817950889077 0.5013351134846462 0.2514817950889077 0.4532710280373832 0.2476714648602879 0.44192256341789055 0.17696867061812024 0.438584779706275 0.17993226079593566 0.49666221628838453
0 0.2523285351397121 0.5667556742323098 0.2519051651143099 0.507343124165554 0.18035563082133785 0.5 0.18247248094834886 0.5567423230974633
0 0.2506350550381033 0.6281708945260347 0.2540220152413209 0.6201602136181575 0.2531752751905165 0.5921228304405874 0.2514817950889077 0.5801068090787717 0.24513124470787467 0.5700934579439252 0.18839966130397967 0.5607476635514018 0.17950889077053345 0.5667556742323098 0.18035563082133785 0.6081441922563418 0.18585944115156647 0.6221628838451269
0 0.25656223539373413 0.6989319092122831 0.2544453852667231 0.6381842456608812 0.20279424216765454 0.6328437917222964 0.18501270110076207 0.6328437917222964 0.18204911092294665 0.6375166889185581 0.18839966130397967 0.6915887850467289
0 0.2540220152413209 0.7563417890520694 0.2548687552921253 0.7202937249666221 0.2519051651143099 0.7009345794392523 0.18374259102455545 0.6935914552736983 0.18416596104995767 0.7503337783711616
0 0.2540220152413209 0.8190921228304406 0.2557154953429297 0.8030707610146862 0.2519051651143099 0.7596795727636849 0.18585944115156647 0.753004005340454 0.18204911092294665 0.7563417890520694 0.18585944115156647 0.8117489986648865
0 0.2523285351397121 0.8738317757009346 0.2557154953429297 0.8684913217623498 0.25359864521591874 0.8210947930574098 0.19009314140558847 0.8130841121495327 0.18543607112616428 0.8164218958611482 0.18839966130397967 0.8678237650200267
0 0.2557154953429297 0.9365821094793058 0.25910245554614736 0.9299065420560748 0.25910245554614736 0.8871829105473965 0.2561388653683319 0.8811748998664887 0.1943268416596105 0.8704939919893191 0.18797629127857748 0.8738317757009346 0.18712955122777308 0.9072096128170895 0.19093988145639287 0.9252336448598131
0 0.18120237087214225 0.9285714285714286 0.18628281117696868 0.9232309746328438 0.18331922099915327 0.8744993324432577 0.11515664690939881 0.8684913217623498 0.11515664690939881 0.9058744993324432 0.11896697713801863 0.9198931909212283 0.14860287891617274 0.9279038718291055
0 0.18120237087214225 0.8724966622162884 0.18374259102455545 0.8644859813084113 0.18077900084674006 0.8157543391188251 0.1093339784241793 0.8045073427972322 0.1126164267569856 0.8391188251001335 0.11346316680779 0.8604806408544726 0.11812023708721422 0.8664886515353805
0 0.17696867061812024 0.8137516688918558 0.18035563082133785 0.8110814419225634 0.17739204064352243 0.7583444592790387 0.11102907886486431 0.7497153144671883 0.10848642820383687 0.7764431331647708 0.10848642820383687 0.8004981699925949 0.12489415749364945 0.8050734312416555
0 0.3259949195596952 0.8297730307076101 0.3327688399661304 0.8257676902536716 0.33065198983911936 0.7716955941255007 0.25825571549534293 0.7630173564753004 0.25825571549534293 0.8097463284379173 0.2612193056731583 0.8210947930574098
0 0.327688399661304 0.8911882510013351 0.331922099915326 0.8845126835781041 0.329805249788315 0.8331108144192256 0.25825571549534293 0.8257676902536716 0.2557154953429297 0.8684913217623498 0.26037256562235395 0.8811748998664887
0 0.3302286198137172 0.9485981308411215 0.3336155800169348 0.9459279038718291 0.3344623200677392 0.9339118825100133 0.329805249788315 0.8931909212283045 0.26164267569856053 0.8871829105473965 0.26248941574936496 0.9339118825100133 0.26545300592718035 0.9385847797062751 0.29424216765453004 0.9465954606141522
0 0.3302286198137172 0.7069425901201603 0.3327688399661304 0.7029372496662216 0.3327688399661304 0.6748998664886515 0.329805249788315 0.6448598130841121 0.264606265876376 0.6381842456608812 0.25910245554614736 0.6428571428571429 0.26037256562235395 0.6995994659546061
0 0.3310753598645216 0.767022696929239 0.33065198983911936 0.7102803738317757 0.25825571549534293 0.7042723631508678 0.2612193056731583 0.7583444592790387
0 0.32430143945808637 0.6321762349799733 0.327688399661304 0.6281708945260347 0.32726502963590176 0.5727636849132176 0.25656223539373413 0.5667556742323098 0.2561388653683319 0.6248331108144193 0.2806943268416596 0.6315086782376502
0 0.327688399661304 0.5707610146862483 0.3302286198137172 0.5186915887850467 0.32726502963590176 0.5113484646194927 0.25656223539373413 0.5053404539385847 0.25698560541913634 0.562082777036048
0 0.3268416596104996 0.5080106809078772 0.3293818797629128 0.5040053404539386 0.3302286198137172 0.4666221628838451 0.3281117696867062 0.4472630173564753 0.2557154953429297 0.4425901201602136 0.25529212531752754 0.5006675567423231 0.2798475867908552 0.507343124165554
0 0.4005080440304826 0.5186915887850467 0.40643522438611346 0.5146862483311081 0.4072819644369179 0.46395193591455275 0.40431837425910244 0.45660881174899864 0.34335309060118546 0.4485981308411215 0.3310753598645216 0.45193591455273696 0.3323454699407282 0.5086782376502003
0 0.4826418289585097 0.5200267022696929 0.48687552921253174 0.5 0.4847586790855207 0.45660881174899864 0.4187129551227773 0.4472630173564753 0.40812870448772226 0.45193591455273696 0.4085520745131245 0.5086782376502003
0 0.5690093141405589 0.5307076101468625 0.5732430143945809 0.5200267022696929 0.5711261642675699 0.4699599465954606 0.4944961896697714 0.4652870493991989 0.4953429297205758 0.5160213618157543 0.4983065198983912 0.5246995994659546
0 0.6502963590177815 0.5373831775700935 0.6545300592718035 0.49065420560747663 0.6515664690939882 0.4779706275033378 0.5757832345469941 0.46929238985313754 0.5762066045723963 0.5300400534045394
0 0.7307366638441999 0.5400534045393859 0.7358171041490262 0.49198931909212285 0.7337002540220152 0.4766355140186916 0.6579170194750211 0.4719626168224299 0.6528365791701948 0.5253671562082777 0.6558001693480101 0.5313751668891856
0 0.8128704487722269 0.5413885180240321 0.8154106689246401 0.5093457943925234 0.8132938187976291 0.48064085447263016 0.7692633361558001 0.4753004005340454 0.7383573243014394 0.4773030707610147 0.7349703640982218 0.5213618157543392 0.7370872142252328 0.5327102803738317
0 0.8941574936494496 0.5507343124165555 0.8937341236240475 0.4886515353805073 0.827688399661304 0.47930574098798395 0.8179508890770534 0.4826435246995995 0.8183742591024555 0.540720961281709
0 0.9745977984758679 0.5587449933244326 0.97883149872989 0.5507343124165555 0.9805249788314987 0.5160213618157543 0.9775613886536834 0.49666221628838453 0.9149026248941575 0.48998664886515353 0.9026248941574937 0.493324432576769 0.9000846740050804 0.5213618157543392 0.9022015241320914 0.5527369826435247
0 0.9729043183742591 0.6201602136181575 0.9771380186282811 0.5974632843791722 0.9767146486028789 0.5607476635514018 0.9017781541066893 0.554739652870494 0.8983911939034717 0.5921228304405874 0.9005080440304827 0.6128170894526035
0 0.9712108382726503 0.6789052069425902 0.9771380186282811 0.6388518024032043 0.9741744284504658 0.6221628838451269 0.9123624047417442 0.6154873164218959 0.8983911939034717 0.6188251001335113 0.8950042337002541 0.6588785046728972 0.8979678238780694 0.6755674232309746
0 0.9661303979678239 0.7496662216288384 0.9703640982218459 0.692256341789052 0.9648602878916173 0.6809078771695594 0.949618966977138 0.6862483311081442 0.8933107535986452 0.6829105473965287 0.890770533446232 0.7202937249666221 0.892887383573243 0.7423230974632844
0 0.9652836579170194 0.8084112149532711 0.9703640982218459 0.7937249666221629 0.9720575783234547 0.7616822429906542 0.9690939881456393 0.7503337783711616 0.8958509737510584 0.7496662216288384 0.8937341236240475 0.8064085447263017
0 0.9593564775613886 0.869826435246996 0.9635901778154107 0.8658210947930574 0.9652836579170194 0.8538050734312417 0.9640135478408128 0.8117489986648865 0.8945808636748518 0.807743658210948 0.890770533446232 0.8124165554072096 0.8903471634208298 0.8651535380507344
0 0.955969517358171 0.9312416555407209 0.9618966977138018 0.8911882510013351 0.9618966977138018 0.8765020026702269 0.9589331075359865 0.8718291054739653 0.8920406435224386 0.8678237650200267 0.88653683319221 0.8711615487316422 0.8861134631668078 0.9238985313751669
0 0.9576629974597799 0.9886515353805073 0.9593564775613886 0.9419225634178905 0.9563928873835732 0.931909212283044 0.8839966130397968 0.9299065420560748 0.8852667231160034 0.9853137516688919
0 0.8729889923793396 0.985981308411215 0.882303132938188 0.9833110814419226 0.882303132938188 0.9339118825100133 0.8793395427603725 0.9279038718291055 0.8077900084674005 0.9259012016021362 0.8082133784928027 0.9826435246995995
0 0.8797629127857748 0.92456608811749 0.8839966130397968 0.9058744993324432 0.8827265029635902 0.8691588785046729 0.8132938187976291 0.8638184245660881 0.8086367485182049 0.8671562082777036 0.8099068585944115 0.9212283044058746
0 0.8839966130397968 0.8618157543391188 0.8882303132938189 0.8564753004005341 0.8869602032176122 0.8050734312416555 0.8344623200677392 0.8037383177570093 0.8183742591024555 0.8050734312416555 0.8111769686706182 0.8110814419225634 0.8116003386960203 0.8611481975967957
0 0.88653683319221 0.8030707610146862 0.8899237933954276 0.7563417890520694 0.8869602032176122 0.7436582109479306 0.8149872988992379 0.7423230974632844 0.8128704487722269 0.746995994659546 0.8120237087214225 0.7977303070761015 0.8149872988992379 0.8010680907877169
0 0.88653683319221 0.7416555407209613 0.8890770533446232 0.7323097463284379 0.8861134631668078 0.6822429906542056 0.8111769686706182 0.6789052069425902 0.8124470787468248 0.7383177570093458
0 0.8848433530906011 0.6762349799732977 0.8890770533446232 0.6668891855807744 0.8916172734970365 0.6268357810413885 0.8878069432684166 0.616822429906542 0.8158340389500424 0.6061415220293725 0.8128704487722269 0.6108144192256342 0.8132938187976291 0.6688918558077437
0 0.8941574936494496 0.6134846461949266 0.8966977138018628 0.6081441922563418 0.8945808636748518 0.5527369826435247 0.8179508890770534 0.5493991989319092 0.8179508890770534 0.6001335113484646 0.8217612193056731 0.6074766355140186
0 0.8086367485182049 0.602803738317757 0.8120237087214225 0.6001335113484646 0.8128704487722269 0.5841121495327103 0.8116003386960203 0.5433911882510013 0.7650296359017782 0.5393858477970628 0.7349703640982218 0.5427236315086782 0.7353937341236241 0.5994659546061415
0 0.7281964436917866 0.6014686248331108 0.7294665537679932 0.5420560747663551 0.6545300592718035 0.5360480640854473 0.6511430990685859 0.5761014686248331 0.6511430990685859 0.5921228304405874 0.6541066892464014 0.5967957276368492
0 0.6452159187129551 0.6001335113484646 0.6494496189669772 0.5961281708945261 0.6498729889923793 0.540720961281709 0.5880609652836579 0.5327102803738317 0.5740897544453852 0.5360480640854473 0.5728196443691786 0.5914552736982643
0 0.56731583403895 0.5947930574098799 0.5698560541913632 0.5921228304405874 0.5698560541913632 0.5507343124165555 0.5668924640135479 0.5340453938584779 0.4966130397967824 0.5260347129506008 0.49026248941574935 0.5293724966622163 0.49026248941574935 0.5761014686248331 0.4949195596951736 0.5874499332443258
0 0.4877222692633362 0.5854472630173565 0.48645215918712953 0.5260347129506008 0.42209991532599495 0.514018691588785 0.4123624047417443 0.5186915887850467 0.4119390347163421 0.5727636849132176 0.46020321761219307 0.5847797062750334
0 0.40474174428450466 0.5827770360480641 0.4089754445385267 0.5453938584779706 0.40770533446232005 0.5246995994659546 0.3712955122777307 0.5153538050734312 0.3327688399661304 0.513351134846462 0.3323454699407282 0.5700934579439252
0 0.40135478408128705 0.6481975967957276 0.4055884843353091 0.6401869158878505 0.40431837425910244 0.5847797062750334 0.3416596104995766 0.5727636849132176 0.331922099915326 0.5774365821094793 0.3285351397121084 0.6001335113484646 0.32895850973751056 0.6328437917222964 0.3585944115156647 0.6435246995994659
0 0.40982218458933106 0.7136181575433912 0.40939881456392885 0.6542056074766355 0.35097375105842504 0.6461949265687583 0.336155800169348 0.6495327102803738 0.3365791701947502 0.7049399198931909
0 0.40643522438611346 0.7736982643524699 0.4106689246401355 0.7630173564753004 0.40939881456392885 0.7169559412550067 0.3353090601185436 0.7096128170894526 0.3353090601185436 0.7536715620827771 0.338272650296359 0.7676902536715621
0 0.4055884843353091 0.8377837116154874 0.40812870448772226 0.8244325767690254 0.40516511430990687 0.7783711615487316 0.3336155800169348 0.7736982643524699 0.3327688399661304 0.8124165554072096 0.3357324301439458 0.8304405874499332
0 0.40135478408128705 0.8965287049399199 0.4068585944115157 0.8945260347129506 0.4089754445385267 0.8871829105473965 0.4089754445385267 0.8484646194926568 0.40601185436071124 0.8411214953271028 0.3353090601185436 0.8337783711615487 0.3374259102455546 0.8865153538050734
0 0.4072819644369179 0.9552736982643525 0.4089754445385267 0.937917222963952 0.40516511430990687 0.8985313751668892 0.3336155800169348 0.8911882510013351 0.3365791701947502 0.9492656875834445
0 0.4826418289585097 0.9619492656875834 0.48518204911092294 0.959279038718291 0.48518204911092294 0.9339118825100133 0.48221845893310755 0.9065420560747663 0.4136325148179509 0.8985313751668892 0.4106689246401355 0.9018691588785047 0.4119390347163421 0.9532710280373832
0 0.4826418289585097 0.9058744993324432 0.48602878916172737 0.8991989319092123 0.48602878916172737 0.8591455273698264 0.4830651989839119 0.8504672897196262 0.4106689246401355 0.8444592790387183 0.4106689246401355 0.8898531375166889 0.4136325148179509 0.897196261682243
0 0.4877222692633362 0.8484646194926568 0.49026248941574935 0.8431241655540721 0.48814563928873833 0.7850467289719626 0.4140558848433531 0.7857142857142857 0.4140558848433531 0.8324432576769025 0.4170194750211685 0.842456608811749
0 0.47671464860287893 0.7830440587449933 0.48856900931414055 0.7643524699599465 0.489415749364945 0.7296395193591455 0.48645215918712953 0.7236315086782377 0.42379339542760375 0.7182910547396528 0.4153259949195597 0.7182910547396528 0.4123624047417443 0.7229639519359146 0.41151566469093986 0.7736982643524699 0.4153259949195597 0.7797062750333779
0 0.48687552921253174 0.7216288384512684 0.489415749364945 0.7189586114819759 0.48729889923793396 0.6622162883845126 0.43564775613886536 0.6528704939919893 0.4140558848433531 0.6562082777036048 0.4161727349703641 0.7142857142857143
0 0.5664690939881456 0.7283044058744993 0.5690093141405589 0.7242990654205608 0.5677392040643523 0.6675567423230975 0.5008467400508044 0.6622162883845126 0.49195596951735815 0.6655540720961282 0.49195596951735815 0.7176234979973297 0.4949195596951736 0.7236315086782377
0 0.4775613886536833 0.6508678237650201 0.48348856900931414 0.6388518024032043 0.48602878916172737 0.6014686248331108 0.48391193903471635 0.5927903871829105 0.4204064352243861 0.5767690253671562 0.40812870448772226 0.5801068090787717 0.4085520745131245 0.636849132176235
0 0.5639288738357324 0.6602136181575434 0.5664690939881456 0.6562082777036048 0.5664690939881456 0.6041388518024032 0.5635055038103303 0.5967957276368492 0.48856900931414055 0.5921228304405874 0.48687552921253174 0.6281708945260347 0.4898391193903472 0.6555407209612817
0 0.642675698560542 0.6628838451268357 0.6452159187129551 0.6588785046728972 0.6447925486875529 0.6034712950600801 0.5939881456392887 0.5967957276368492 0.5711261642675699 0.5967957276368492 0.56731583403895 0.6014686248331108 0.569432684165961 0.6568758344459279
0 0.7231160033869602 0.6655540720961282 0.7256562235393734 0.6615487316421896 0.7235393734123624 0.6048064085447263 0.6515664690939882 0.6008010680907877 0.6469093988145639 0.6054739652870494 0.6469093988145639 0.6522029372496663 0.6498729889923793 0.6608811748998665
0 0.8069432684165961 0.6682242990654206 0.8103302286198137 0.664218958611482 0.8111769686706182 0.6495327102803738 0.8090601185436072 0.6061415220293725 0.7332768839966131 0.6041388518024032 0.7337002540220152 0.664886515353805
0 0.8018628281117697 0.7429906542056075 0.8052497883149873 0.7389853137516689 0.8069432684165961 0.7176234979973297 0.8065198983911939 0.6822429906542056 0.7353937341236241 0.671562082777036 0.7307366638441999 0.6748998664886515 0.7281964436917866 0.7269692923898531 0.731160033869602 0.7343124165554072
0 0.720575783234547 0.7349799732977303 0.7273497036409822 0.7296395193591455 0.729043183742591 0.6855807743658211 0.7252328535139713 0.6728971962616822 0.6502963590177815 0.6748998664886515 0.6532599491955969 0.7343124165554072
0 0.6375952582557155 0.7323097463284379 0.6494496189669772 0.7283044058744993 0.6473327688399662 0.671562082777036 0.5723962743437765 0.6682242990654206 0.5736663844199831 0.7289719626168224
0 0.5690093141405589 0.7897196261682243 0.5685859441151566 0.7316421895861148 0.49364944961896695 0.7269692923898531 0.4949195596951736 0.7837116154873164
0 0.56731583403895 0.8471295060080107 0.5677392040643523 0.7917222963951935 0.49364944961896695 0.7870493991989319 0.49407281964436917 0.8411214953271028 0.5330228619813717 0.8477970627503337
0 0.5639288738357324 0.9072096128170895 0.56731583403895 0.8991989319092123 0.5660457239627434 0.8491321762349799 0.5059271803556308 0.8451268357810414 0.49195596951735815 0.8484646194926568 0.49237933954276036 0.9025367156208278
0 0.5622353937341237 0.9672897196261683 0.5647756138865369 0.9632843791722296 0.5626587637595258 0.9092122830440588 0.4966130397967824 0.9038718291054739 0.48856900931414055 0.9072096128170895 0.49068585944115156 0.9612817089452603
0 0.6392887383573242 0.9779706275033377 0.642675698560542 0.9299065420560748 0.640558848433531 0.9185580774365821 0.5804403048264183 0.9118825100133512 0.5664690939881456 0.9152202937249666 0.5660457239627434 0.9719626168224299
0 0.6452159187129551 0.9138851802403204 0.6477561388653683 0.9085447263017357 0.6464860287891617 0.8584779706275033 0.5723962743437765 0.8538050734312417 0.5698560541913632 0.8965287049399199 0.5745131244707875 0.9078771695594126
0 0.6443691786621507 0.8551401869158879 0.6494496189669772 0.8471295060080107 0.6481795088907706 0.7997329773030708 0.5732430143945809 0.7937249666221629 0.5723962743437765 0.8417890520694259 0.5753598645215918 0.8504672897196262
0 0.6443691786621507 0.7963951935914553 0.6486028789161727 0.7923898531375166 0.6481795088907706 0.7369826435246996 0.5770533446232007 0.7316421895861148 0.5740897544453852 0.7349799732977303 0.5736663844199831 0.7890520694259012
0 0.7265029635901779 0.7963951935914553 0.7281964436917866 0.7403204272363151 0.7252328535139713 0.7369826435246996 0.6549534292972058 0.7369826435246996 0.6511430990685859 0.7429906542056075 0.6519898391193903 0.7883845126835781 0.6549534292972058 0.7930574098798397
0 0.8052497883149873 0.8030707610146862 0.8103302286198137 0.7977303070761015 0.8107535986452159 0.7449933244325768 0.7366638441998307 0.7389853137516689 0.7345469940728196 0.7930574098798397
0 0.8027095681625741 0.8618157543391188 0.8052497883149873 0.8578104138851802 0.8065198983911939 0.8037383177570093 0.7387806943268417 0.794392523364486 0.7307366638441999 0.7990654205607477 0.7294665537679932 0.8518024032042724
0 0.724809483488569 0.8578104138851802 0.7281964436917866 0.8164218958611482 0.7260795935647756 0.8010680907877169 0.6528365791701948 0.7963951935914553 0.6515664690939882 0.8518024032042724 0.682895850973751 0.8584779706275033
0 0.724809483488569 0.9205607476635514 0.7273497036409822 0.9138851802403204 0.7252328535139713 0.8624833110814419 0.6502963590177815 0.8604806408544726 0.6515664690939882 0.9172229639519359
0 0.8018628281117697 0.9218958611481975 0.8052497883149873 0.8991989319092123 0.8031329381879763 0.8638184245660881 0.7396274343776461 0.8571428571428571 0.729043183742591 0.8618157543391188 0.7294665537679932 0.9158878504672897
0 0.7256562235393734 0.979305740987984 0.7260795935647756 0.9238985313751669 0.6511430990685859 0.9205607476635514 0.6515664690939882 0.9773030707610146
0 0.7840812870448772 0.9819759679572764 0.8044030482641829 0.9766355140186916 0.8031329381879763 0.9252336448598131 0.7565622353937341 0.9212283044058746 0.729043183742591 0.92456608811749 0.7303132938187976 0.9799732977303071
0 0.1668077900084674 0.3638184245660881 0.170194750211685 0.36114819759679573 0.17527519051651144 0.2917222963951936 0.16892464013547842 0.2870493991989319 0.09746827533938468 0.28598766006413245 0.09916337578006965 0.3180610425012314 0.09407807445801479 0.356816379612726
0 0.1685012701100762 0.4279038718291055 0.1693480101608806 0.3691588785046729 0.10424867710212447 0.36483472522200067 0.10594377754280943 0.42764509916131954
0 0.1668077900084674 0.49065420560747663 0.17442845046570704 0.4826435246995995 0.1718882303132938 0.43724966622162886 0.1672311600338696 0.42990654205607476 0.10509622732246697 0.4263087082264404 0.1067913277631519 0.48510990936112186 0.14987298899237933 0.48531375166889185 0.15198983911939035 0.48998664886515353
0 0.1735817104149026 0.5560747663551402 0.17612193056731584 0.5520694259012016 0.17612193056731584 0.4986648865153538 0.17061812023708722 0.49265687583444595 0.15283657917019475 0.49132176234979974 0.11018152864452184 0.48644630029600094 0.10933397842417936 0.550593065170199
0 0.17696867061812024 0.6161548731642189 0.17527519051651144 0.5587449933244326 0.10933397842417933 0.5532658470399572 0.10594377754280943 0.6134034391095176
0 0.17781541066892464 0.6949265687583445 0.18204911092294665 0.6869158878504673 0.18035563082133785 0.6348464619492656 0.17654530059271803 0.630173564753004 0.15368331922099915 0.6288384512683578 0.10509622732246697 0.6214217847187926 0.11102907886486428 0.6775502039837157
0 0.17696867061812024 0.7576769025367156 0.18035563082133785 0.7483311081441922 0.17950889077053345 0.6989319092122831 0.11102907886486431 0.6828957677232322 0.11102907886486431 0.7443697507276719 0.15029635901778154 0.7556742323097463
0 0.4454784081287045 0.2151001335113485 0.07620660457239628 0.07120160213618157
0 0.5287383573243015 0.21436582109479307 0.08091447925486876 0.0697196261682243
0 0.615766299745978 0.22252336448598128 0.08373412362404742 0.07120160213618157
0 0.6882133784928027 0.1476101468624833 0.07808636748518205 0.06675567423230974
0 0.7027942421676545 0.22473965287049402 0.07526672311600338 0.06675567423230974
0 0.9191833662621132 0.011867675419077304 0.9935083262771663 0.0267022696929239 0.9888042148838087 0.08752410621569506 0.9135384325900836 0.07565643079661773
0 0.8373318280176875 0.0074172971369233075 0.8345093611816732 0.06378875537754045 0.9088343211967259 0.0845571873609257 0.9125976103114122 0.025218810265539272
0 0.7601844011666197 0.0652722148049251 0.7583027566092767 0.12609405132769616 0.8307460720669865 0.13054442960985016 0.8401542948537023 0.06823913365969445
0 0.7470128892652179 0.1349948078920042 0.8251011383949572 0.1409286456015428 0.827923605230972 0.20026702269692928 0.7423087778718601 0.18988280670523666
0 0.16558472104619437 0.23141967067200703 0.10170602644109704 0.2311956317340885 0.09831582555972716 0.2873240509990116 0.16464389876752283 0.2863076694852395