0 0.5270541082164328 0.21923076923076923 0.5781563126252505 0.2153846153846154 0.5851703406813628 0.011538461538461539 0.46392785571142287 0 0.44288577154308617 0.08846153846153847 0.4438877755511022 0.2230769230769231
0 0.6953907815631263 0.21153846153846154 0.7254509018036072 0.19615384615384615 0.7254509018036072 0.08846153846153847 0.7104208416833667 0 0.5891783567134269 0.0038461538461538464 0.5921843687374749 0.2153846153846154
0 0.8677354709418837 0.22692307692307692 0.8677354709418837 0.09615384615384616 0.8406813627254509 0.007692307692307693 0.717434869739479 0.0038461538461538464 0.7364729458917836 0.2230769230769231
0 1 0.25769230769230766 1 0.10384615384615385 0.9549098196392786 0.007692307692307693 0.8787575150300602 0 0.8637274549098196 0.057692307692307696 0.8807615230460922 0.23846153846153847
0 1 0.38846153846153847 0.998997995991984 0.2692307692307692 0.8697394789579158 0.2423076923076923 0.8697394789579158 0.35 0.8827655310621243 0.3769230769230769
0 0.8657314629258517 0.35 0.8667334669338678 0.23076923076923078 0.7314629258517034 0.22692307692307692 0.7344689378757515 0.34615384615384615
0 0.7034068136272545 0.3346153846153846 0.7274549098196392 0.3269230769230769 0.7244488977955912 0.2076923076923077 0.5891783567134269 0.21923076923076923 0.5901803607214429 0.3384615384615385
0 0.46893787575150303 0.3576923076923077 0.5821643286573146 0.3384615384615385 0.5811623246492986 0.21923076923076923 0.4438877755511022 0.2230769230769231 0.44288577154308617 0.35
0 0.4308617234468938 0.38076923076923075 0.43887775551102204 0.35 0.43587174348697394 0.24615384615384617 0.2925851703406814 0.25769230769230766 0.2955911823647295 0.38461538461538464
0 0.028056112224448898 0.55 0.13527054108216433 0.5461538461538461 0.1402805611222445 0.41923076923076924 0.009018036072144289 0.4076923076923077 0.008016032064128256 0.5346153846153846
0 0.280561122244489 0.5346153846153846 0.2775551102204409 0.3923076923076923 0.14428857715430862 0.4115384615384615 0.1492985971943888 0.5384615384615384
0 0.4028056112224449 0.5346153846153846 0.4308617234468938 0.5192307692307693 0.4278557114228457 0.38461538461538464 0.2865731462925852 0.40384615384615385 0.2865731462925852 0.5192307692307693 0.2955911823647295 0.5384615384615384 0.3517034068136273 0.5307692307692308 0.35562979517199145 0.5302037462527787 0.35971943887775554 0.5307692307692308
0 0.5731462925851704 0.47307692307692306 0.5701402805611222 0.34615384615384615 0.43687374749499 0.38076923076923075 0.437875751503006 0.47692307692307695
0 0.6613226452905812 0.4807692307692308 0.7124248496993988 0.46923076923076923 0.7134268537074149 0.35 0.5771543086172345 0.35 0.5781563126252505 0.4846153846153846
0 0.8557114228456913 0.49615384615384617 0.8587174348697395 0.36153846153846153 0.7214428857715431 0.3576923076923077 0.7244488977955912 0.49230769230769234
0 0.9378757515030061 0.48846153846153845 0.9519038076152304 0.47307692307692306 0.9509018036072144 0.3923076923076923 0.8617234468937875 0.36538461538461536 0.8627254509018036 0.47692307692307695
0 0.9659318637274549 0.6192307692307693 0.9679358717434869 0.5192307692307693 0.9589178356713427 0.47692307692307695 0.8597194388777555 0.49615384615384617 0.8627254509018036 0.6153846153846154
0 0.9078156312625251 0.7346153846153847 0.9629258517034068 0.7307692307692307 0.9659318637274549 0.6269230769230769 0.8416833667334669 0.6346153846153846 0.8416833667334669 0.7115384615384616 0.8507014028056112 0.7384615384615385
0 0.9038076152304609 0.95 0.9549098196392786 0.9461538461538461 0.9579158316633266 0.8346153846153846 0.8376753507014028 0.85 0.8386773547094188 0.9461538461538461
0 0.9519038076152304 0.8346153846153846 0.9559118236472945 0.7961538461538461 0.9539078156312625 0.7884615384615384 0.9539078156312625 0.7423076923076923 0.9509018036072144 0.7307692307692307 0.9308617234468938 0.7307692307692307 0.9288577154308617 0.7384615384615385 0.9268537074148296 0.7307692307692307 0.9228456913827655 0.7384615384615385 0.8486973947895792 0.7384615384615385 0.8406813627254509 0.7230769230769231 0.8376753507014028 0.7346153846153847 0.8376753507014028 0.8038461538461539 0.8406813627254509 0.8384615384615385
0 0.8356713426853707 0.9115384615384615 0.8356713426853707 0.8269230769230769 0.8376753507014028 0.8192307692307692 0.8326653306613226 0.8 0.7244488977955912 0.8 0.7224448897795591 0.7923076923076923 0.717434869739479 0.8038461538461539 0.717434869739479 0.9038461538461539 0.720440881763527 0.9153846153846154
0 0.8557114228456913 0.6192307692307693 0.856548388880991 0.5372176223150952 0.8567134268537074 0.5 0.8346693386773547 0.5 0.8326653306613226 0.49230769230769234 0.8286573146292585 0.5 0.8266533066132264 0.49230769230769234 0.7214428857715431 0.49615384615384617 0.7214428857715431 0.5961538461538461 0.7244488977955912 0.6153846153846154 0.7304609218436874 0.6230769230769231 0.748496993987976 0.6230769230769231 0.750501002004008 0.6153846153846154 0.7605210420841684 0.6230769230769231
0 0.5250501002004008 0.926923076923077 0.594188376753507 0.9230769230769231 0.5971943887775552 0.8961538461538462 0.5971943887775552 0.8038461538461539 0.594188376753507 0.7923076923076923 0.5861723446893787 0.8 0.4939879759519038 0.8 0.49198396793587174 0.7923076923076923 0.47995991983967934 0.7923076923076923 0.4749498997995992 0.8115384615384615 0.4749498997995992 0.9038461538461539 0.4779559118236473 0.9230769230769231 0.4879759519038076 0.9230769230769231 0.48997995991983967 0.9307692307692308 0.4939879759519038 0.9230769230769231 0.5040080160320641 0.9230769230769231 0.5060120240480962 0.9307692307692308 0.5100200400801603 0.9230769230769231
0 0.5130260521042084 0.6807692307692308 0.5881763527054108 0.676923076923077 0.5891783567134269 0.6269230769230769 0.5801603206412825 0.6076923076923076 0.4709418837675351 0.6115384615384616 0.47194388777555113 0.6846153846153846
0 0.7114228456913828 0.6038461538461538 0.7154308617234469 0.5961538461538461 0.7154308617234469 0.48846153846153845 0.7104208416833667 0.46923076923076923 0.6903807615230461 0.4846153846153846 0.5781563126252505 0.4846153846153846 0.5751503006012024 0.49615384615384617 0.5751503006012024 0.5884615384615385 0.5801603206412825 0.6076923076923076
0 0.4749498997995992 0.6038461538461538 0.5721442885771543 0.6 0.5731462925851704 0.48846153846153845 0.5701402805611222 0.47692307692307695 0.43987975951903807 0.47692307692307695 0.43687374749499 0.48846153846153845 0.43987975951903807 0.6 0.4438877755511022 0.6076923076923076
0 0.12024048096192384 0.6730769230769231 0.13927855711422846 0.6692307692307692 0.14428857715430862 0.65 0.14428857715430862 0.5807692307692308 0.14228456913827656 0.573076923076923 0.14428857715430862 0.5576923076923077 0.14128256513026052 0.5461538461538461 0.03707414829659319 0.5461538461538461 0.03507014028056112 0.5538461538461539 0.01002004008016032 0.5576923076923077 0.01002004008016032 0.6423076923076924 0.012024048096192385 0.6653846153846154 0.01903807615230461 0.676923076923077 0.02905811623246493 0.6692307692307692 0.031062124248496994 0.676923076923077 0.03507014028056112 0.6692307692307692
0 0.2785571142284569 0.6653846153846154 0.28256513026052105 0.6576923076923077 0.281563126252505 0.5384615384615384 0.1462925851703407 0.5423076923076923 0.1462925851703407 0.65 0.15130260521042085 0.6692307692307692
0 0.37074148296593185 0.6653846153846154 0.4258517034068136 0.6615384615384615 0.4308617234468938 0.6269230769230769 0.4308617234468938 0.5346153846153846 0.31162324649298595 0.5307692307692308 0.2935871743486974 0.5384615384615384 0.2895791583166333 0.5307692307692308 0.2865731462925852 0.5423076923076923 0.2865731462925852 0.65 0.29158316633266534 0.6692307692307692
0 0.4308617234468938 0.7961538461538461 0.47394789579158314 0.7923076923076923 0.4749498997995992 0.7115384615384616 0.4729458917835671 0.6961538461538461 0.46993987975951906 0.6846153846153846 0.44589178356713427 0.6846153846153846 0.4338677354709419 0.6692307692307692 0.3657314629258517 0.6692307692307692 0.36072144288577157 0.6807692307692308 0.36072144288577157 0.7884615384615384 0.3637274549098196 0.8
0 0.3592985971943888 0.18269230769230768 0.14314629258517036 0.1346153846153846
0 0.14779559118236474 0.07969230769230769 0.1696192384769539 0.15930769230769232
0 0.15280561122244488 0.25 0.16246492985971941 0.1703076923076923
0 0.07657314629258517 0.33376923076923076 0.1273947895791583 0.1346153846153846
0 0.08016032064128256 0.20876923076923076 0.13168336673346692 0.11538461538461539
0 0.650941883767535 0.6524615384615384 0.11380761523046092 0.09069230769230768
0 0.6527254509018036 0.739 0.11450901803607215 0.09338461538461539
0 0.6548897795591183 0.8612307692307691 0.11022044088176353 0.14007692307692307
0 0.7761923847695391 0.7417692307692308 0.11380761523046092 0.08792307692307692
0 0.7740480961923848 0.6414615384615384 0.1195190380761523 0.09615384615384616
0 0.17963927855711423 0.8846153846153846 0.117374749498998 0.10438461538461538
0 0.17927855711422844 0.7637692307692309 0.10949899799599198 0.10438461538461538
0 0.3020240480961924 0.8791538461538462 0.11450901803607215 0.12084615384615385
0 0.2995190380761523 0.7582307692307692 0.11665330661322645 0.09338461538461539
0 0.4186973947895792 0.8722307692307693 0.11308617234468937 0.1346153846153846
0 0.4779559118236473 0.6923076923076923 0.4779559118236473 0.7923076923076923 0.5951903807615231 0.7884615384615384 0.5921843687374749 0.676923076923077