0 0.10172272354388844 0.1726835138387485 0.10500410172272355 0.1690734055354994 0.10459392945036916 0.10589651022864019 0.030762920426579164 0.10709987966305656 0.026251025430680888 0.11131167268351384 0.02378999179655455 0.14981949458483754 0.02830188679245283 0.16967509025270758
0 0.10090237899917966 0.24127557160048135 0.10131255127153405 0.17689530685920576 0.034044298605414275 0.17087845968712395 0.02461033634126333 0.17388688327316487 0.02132895816242822 0.2003610108303249 0.023379819524200166 0.23345367027677497
0 0.09433962264150944 0.30505415162454874 0.10746513535684987 0.2882069795427196 0.10746513535684987 0.2593261131167268 0.1029532403609516 0.24428399518652227 0.02830188679245283 0.2358604091456077 0.019688269073010665 0.2388688327316486 0.01804757998359311 0.2821901323706378 0.022559474979491387 0.29843561973525873
0 0.022969647251845776 0.31829121540312877 0.020508613617719443 0.36040914560770154 0.023379819524200166 0.36702767749699156 0.04963084495488105 0.3778580024067389 0.08654634946677604 0.3838748495788207 0.09885151763740771 0.3838748495788207 0.10500410172272355 0.37364620938628157 0.1062346185397867 0.3104693140794224 0.027481542247744052 0.30445246690734057
0 0.016406890894175553 0.3796630565583634 0.01763740771123872 0.4380264741275572 0.07260049220672682 0.4464500601684717 0.09680065627563576 0.4434416365824308 0.09844134536505332 0.3916967509025271 0.09474979491386382 0.3850782190132371 0.04963084495488105 0.3802647412755716 0.02420016406890894 0.3694344163658243
0 0.017227235438884332 0.4434416365824308 0.017227235438884332 0.49518652226233456 0.02091878589007383 0.5042117930204573 0.09474979491386382 0.5114320096269555 0.10254306808859721 0.5 0.10090237899917966 0.4554753309265945 0.09474979491386382 0.44885679903730447 0.03568498769483183 0.4416365824308063
0 0.01394585726004922 0.5072202166064982 0.01394585726004922 0.5469314079422383 0.018457752255947497 0.5643802647412756 0.06931911402789172 0.5716004813477737 0.09598031173092698 0.5697954271961492 0.09844134536505332 0.5409145607701564 0.0955701394585726 0.5138387484957883 0.026661197703035273 0.5042117930204573
0 0.02543068088597211 0.5709987966305656 0.026251025430680888 0.6287605294825511 0.03158326497128794 0.6377858002406739 0.03568498769483183 0.6329723225030084 0.09803117309269893 0.6401925391095066 0.10418375717801477 0.6359807460890493 0.10582444626743231 0.6131167268351384 0.1029532403609516 0.5800240673886883 0.06767842493847416 0.5728038507821901
0 0.033223954060705496 0.641395908543923 0.03199343724364233 0.6853188929001204 0.03568498769483183 0.7027677496991577 0.09967186218211649 0.7123947051744886 0.10992616899097621 0.7093862815884476 0.10910582444626743 0.6564380264741275 0.10541427399507794 0.6486161251504212 0.05127153404429861 0.6389891696750902
0 0.03527481542247744 0.7057761732851986 0.03527481542247744 0.7563176895306859 0.03814602132895816 0.7617328519855595 0.0734208367514356 0.7689530685920578 0.11156685808039377 0.7683513838748496 0.1103363412633306 0.7148014440433214
0 0.03527481542247744 0.7635379061371841 0.034454470877768664 0.8008423586040915 0.03732567678424938 0.8182912154031288 0.09064807219031994 0.8279181708784596 0.11238720262510254 0.8249097472924187 0.1103363412633306 0.7737665463297232
0 0.043888433141919606 0.8219013237063778 0.04552912223133716 0.8760529482551144 0.09064807219031994 0.8856799037304453 0.11977030352748154 0.8838748495788207 0.11607875307629205 0.8291215403128761
0 0.04183757178014766 0.8802647412755716 0.04265791632485644 0.9175691937424789 0.04634946677604594 0.9326113116726835 0.09064807219031994 0.941034897713598 0.12059064807219032 0.9404332129963899 0.12059064807219032 0.907942238267148 0.11689909762100081 0.8892900120336944 0.04716981132075472 0.8772563176895307
0 0.12223133716160788 0.8935018050541517 0.1251025430680886 0.9446450060168472 0.20098441345365053 0.9548736462093863 0.19811320754716982 0.9001203369434416 0.13494667760459392 0.8904933814681107
0 0.12100082034454471 0.8279181708784596 0.11977030352748154 0.8574007220216606 0.12346185397867104 0.8832731648616126 0.14971287940935193 0.8904933814681107 0.1985233798195242 0.8922984356197352 0.19647251845775227 0.8351383874849578
0 0.11484823625922888 0.7719614921780987 0.11484823625922888 0.8140794223826715 0.11771944216570959 0.8243080625752106 0.15217391304347827 0.8327316486161251 0.19278096800656275 0.8321299638989169 0.19278096800656275 0.7876052948255114 0.18990976210008204 0.7821901323706378
0 0.11689909762100081 0.7135980746089049 0.11484823625922888 0.7442839951865222 0.11771944216570959 0.7689530685920578 0.19360131255127153 0.7791817087845969 0.19524200164068908 0.7310469314079422 0.19237079573420837 0.7220216606498195
0 0.11156685808039377 0.6528279181708785 0.11279737489745693 0.7111913357400722 0.18949958982772763 0.7190132370637786 0.18826907301066448 0.6582430806257521 0.15381460213289583 0.6522262334536703
0 0.10828547990155865 0.5830324909747292 0.10910582444626743 0.6335740072202166 0.11197703035274816 0.6401925391095066 0.1878589007383101 0.6432009626955475 0.18498769483182936 0.5848375451263538
0 0.10172272354388844 0.5180505415162455 0.1029532403609516 0.5764139590854392 0.16037735849056603 0.5848375451263538 0.18211648892534865 0.5806257521058965 0.18293683347005743 0.5312876052948255 0.1800656275635767 0.5234657039711191 0.12264150943396226 0.5186522262334536 0.1062346185397867 0.5126353790613718
0 0.10582444626743231 0.45788206979542717 0.10951599671862182 0.5126353790613718 0.11936013125512715 0.5174488567990373 0.1611977030352748 0.5210589651022864 0.18498769483182936 0.5222623345367028 0.18867924528301888 0.5180505415162455 0.18949958982772763 0.4879663056558363 0.1878589007383101 0.46630565583634176 0.18498769483182936 0.4620938628158845 0.11525840853158327 0.4548736462093863
0 0.10336341263330599 0.3916967509025271 0.10254306808859721 0.44584837545126355 0.10541427399507794 0.45246690734055356 0.18293683347005743 0.45788206979542717 0.18170631665299425 0.3983152827918171 0.10951599671862182 0.38868832731648617
0 0.10828547990155865 0.3279181708784597 0.11115668580803938 0.38868832731648617 0.17186218211648893 0.394705174488568 0.18949958982772763 0.3916967509025271 0.18826907301066448 0.3297232250300842 0.11936013125512715 0.32250300842358604
0 0.11115668580803938 0.2527075812274368 0.11074651353568499 0.3062575210589651 0.11443806398687449 0.3164861612515042 0.18088597210828547 0.3212996389891697 0.19360131255127153 0.31708784596871237 0.18990976210008204 0.25511432009626955
0 0.10418375717801477 0.17990373044524668 0.10541427399507794 0.2394705174488568 0.16694011484823626 0.25150421179302046 0.18170631665299425 0.25150421179302046 0.18621821164889255 0.24729241877256317 0.18498769483182936 0.1865222623345367 0.11771944216570959 0.17689530685920576
0 0.10746513535684987 0.1125150421179302 0.10787530762920426 0.16606498194945848 0.1833470057424118 0.17809867629362214 0.18867924528301888 0.17388688327316487 0.19196062346185397 0.1305655836341757 0.1874487284659557 0.11311672683513839 0.11443806398687449 0.10108303249097472 0.10910582444626743 0.10529482551143202
0 0.1911402789171452 0.057160048134777375 0.1911402789171452 0.11131167268351384 0.19401148482362593 0.11552346570397112 0.2670221493027071 0.12033694344163658 0.2748154224774405 0.11371841155234658 0.27440525020508616 0.056558363417569195 0.19319114027891715 0.05174488567990373
0 0.1944216570959803 0.14500601684717207 0.1944216570959803 0.1762936221419976 0.20057424118129613 0.18170878459687123 0.2719442165709598 0.18772563176895307 0.2797374897456932 0.17870036101083034 0.27850697292863 0.12274368231046931 0.19729286300246104 0.11793020457280386
0 0.1878589007383101 0.18351383874849578 0.18990976210008204 0.24428399518652227 0.2317473338802297 0.25150421179302046 0.27317473338802295 0.2496991576413959 0.27112387202625104 0.18892900120336945
0 0.1944216570959803 0.2509025270758123 0.1956521739130435 0.3104693140794224 0.2456931911402789 0.3200962695547533 0.27645611156685806 0.3206979542719615 0.2752255947497949 0.2575210589651023 0.2136997538966366 0.2490974729241877
0 0.19196062346185397 0.33754512635379064 0.19319114027891715 0.3898916967509025 0.2571780147662018 0.3971119133574007 0.27317473338802295 0.39290012033694344 0.2748154224774405 0.33393501805054154 0.2719442165709598 0.3309265944645006 0.19647251845775227 0.3249097472924188
0 0.18580803937653814 0.3971119133574007 0.18580803937653814 0.457280385078219 0.2571780147662018 0.4645006016847172 0.2666119770303528 0.4614921780986763 0.2670221493027071 0.4019253910950662
0 0.1944216570959803 0.463898916967509 0.19524200164068908 0.5120336943441637 0.20057424118129613 0.5246690734055355 0.27358490566037735 0.5282791817087846 0.27727645611156687 0.5240673886883274 0.27727645611156687 0.46991576413959085 0.27440525020508616 0.46690734055354993
0 0.18867924528301888 0.5252707581227437 0.18908941755537326 0.5836341756919374 0.25635767022149303 0.5896510228640193 0.26989335520918784 0.585439229843562 0.26784249384741593 0.5306859205776173 0.20877768662838392 0.5270758122743683 0.19401148482362593 0.5222623345367028
0 0.18949958982772763 0.5878459687123947 0.1915504511894996 0.6438026474127557 0.2317473338802297 0.6510228640192539 0.2715340442986054 0.6516245487364621 0.27030352748154224 0.5932611311672683
0 0.19237079573420837 0.6534296028880866 0.1948318293683347 0.7099879663056559 0.26210008203445445 0.7208182912154031 0.27399507793273176 0.7141997593261131 0.2727645611156686 0.6606498194945848
0 0.19688269073010664 0.7274368231046932 0.19606234618539786 0.7671480144404332 0.19975389663658738 0.7725631768953068 0.2662018047579984 0.7858002406738869 0.2727645611156686 0.7858002406738869 0.2748154224774405 0.7815884476534296 0.2780968006562756 0.733453670276775 0.2752255947497949 0.7244283995186522 0.2013945857260049 0.7148014440433214
0 0.19524200164068908 0.7864019253910951 0.1944216570959803 0.8237063778580024 0.19811320754716982 0.8291215403128761 0.26538146021328957 0.8447653429602888 0.2719442165709598 0.8447653429602888 0.27399507793273176 0.8405535499398316 0.2727645611156686 0.7882069795427196 0.2054963084495488 0.7749699157641395 0.1989335520918786 0.776173285198556
0 0.20098441345365053 0.8345367027677497 0.2022149302707137 0.8880866425992779 0.23420836751435603 0.8977135980746089 0.2719442165709598 0.901323706377858 0.2797374897456932 0.898315282791817 0.2797374897456932 0.8525872442839952 0.2752255947497949 0.8459687123947052
0 0.20385561936013125 0.8929001203369434 0.20385561936013125 0.9458483754512635 0.2358490566037736 0.9542719614921781 0.2830188679245283 0.9560770156438027 0.2830188679245283 0.9139590854392299 0.2793273174733388 0.9001203369434416
0 0.2863002461033634 0.8971119133574007 0.28753076292042656 0.9518652226233454 0.3465955701394586 0.9590854392298436 0.36587366694011486 0.957280385078219 0.36546349466776046 0.9073405535499398
0 0.28753076292042656 0.8411552346570397 0.2863002461033634 0.8886883273164862 0.2899917965545529 0.8953068592057761 0.36587366694011486 0.9031287605294825 0.36546349466776046 0.8495788206979543
0 0.27850697292863 0.7833935018050542 0.2756357670221493 0.7876052948255114 0.2756357670221493 0.8128760529482552 0.2793273174733388 0.8375451263537906 0.33675143560295323 0.8435619735258725 0.3556193601312551 0.8435619735258725 0.3584905660377358 0.8393501805054152 0.3556193601312551 0.789410348977136
0 0.280557834290402 0.7298435619735258 0.2797374897456932 0.7803850782190133 0.2826086956521739 0.7845968712394705 0.35726004922067267 0.7882069795427196 0.36177194421657094 0.782791817087846 0.36259228876127975 0.737063778580024 0.35890073831009023 0.7280385078219013 0.2826086956521739 0.7256317689530686
0 0.2797374897456932 0.6648616125150422 0.2826086956521739 0.7244283995186522 0.35972108285479903 0.7256317689530686 0.36259228876127975 0.7214199759326113 0.36177194421657094 0.6696750902527075 0.35726004922067267 0.6630565583634176 0.2867104183757178 0.6606498194945848
0 0.2752255947497949 0.5944645006016848 0.2756357670221493 0.6456077015643803 0.2793273174733388 0.6534296028880866 0.35397867104183756 0.6570397111913358 0.3576702214930271 0.6516245487364621 0.35684987694831827 0.6070998796630566 0.3531583264971288 0.5968712394705175
0 0.2727645611156686 0.5318892900120337 0.2719442165709598 0.5884476534296029 0.3342904019688269 0.5956678700361011 0.35192780968006565 0.5926594464500602 0.35151763740771125 0.5367027677496992
0 0.2801476620180476 0.4681107099879663 0.2780968006562756 0.5012033694344163 0.27891714520098443 0.5216606498194946 0.28178835110746514 0.5270758122743683 0.32608695652173914 0.5318892900120337 0.3556193601312551 0.5318892900120337 0.36177194421657094 0.5276774969915764 0.36177194421657094 0.47713598074608904 0.35890073831009023 0.4693140794223827
0 0.2723543888433142 0.40613718411552346 0.2723543888433142 0.4602888086642599 0.2752255947497949 0.4645006016847172 0.35397867104183756 0.4681107099879663 0.35684987694831827 0.463898916967509 0.35684987694831827 0.4073405535499398 0.35397867104183756 0.4043321299638989 0.27686628383921247 0.4019253910950662
0 0.2756357670221493 0.33995186522262333 0.27399507793273176 0.39290012033694344 0.2776866283839213 0.3971119133574007 0.35397867104183756 0.39951865222623345 0.3584905660377358 0.3941034897713598 0.35931091058244463 0.338748495788207 0.3556193601312551 0.3345367027677497 0.2801476620180476 0.3297232250300842
0 0.2793273174733388 0.2575210589651023 0.27891714520098443 0.3146811070998797 0.28178835110746514 0.3200962695547533 0.35726004922067267 0.32611311672683513 0.36505332239540605 0.32190132370637786 0.36218211648892534 0.2611311672683514
0 0.2780968006562756 0.21359807460890493 0.2793273174733388 0.25150421179302046 0.3129614438063987 0.25872442839951865 0.3634126333059885 0.25691937424789413 0.3613617719442166 0.19494584837545126 0.28178835110746514 0.18772563176895307
0 0.28424938474159145 0.12274368231046931 0.2834290401968827 0.18531889290012032 0.3638228055783429 0.18892900120336945 0.3675143560295324 0.18471720818291215 0.36628383921246926 0.12274368231046931
0 0.4634946677604594 0.0018050541516245488 0.46267432321575064 0.04512635379061372 0.4663658736669401 0.049338146811071 0.5488105004101723 0.04753309265944645 0.5500410172272354 0
0 0.45693191140278916 0.0631768953068592 0.4552912223133716 0.1161251504211793 0.4589827727645611 0.12274368231046931 0.5287120590648072 0.13237063778580024 0.5406070549630845 0.12936221419975932 0.5438884331419196 0.08724428399518652 0.5418375717801477 0.06738868832731648 0.4671862182116489 0.056558363417569195 0.4589827727645611 0.05776173285198556
0 0.3724364232977851 0.1305655836341757 0.3716160787530763 0.18832731648616124 0.3753076292042658 0.19614921780986763 0.440935192780968 0.197352587244284 0.45488105004101725 0.19614921780986763 0.4585726004922067 0.19193742478941034 0.45775225594749797 0.13537906137184116 0.45406070549630845 0.1299638989169675
0 0.36505332239540605 0.19915764139590855 0.3642329778506973 0.2496991576413959 0.367104183757178 0.259927797833935 0.4495488105004102 0.2641395908543923 0.4491386382280558 0.20216606498194944 0.4228876127973749 0.197352587244284
0 0.3675143560295324 0.27978339350180503 0.3687448728465956 0.3249097472924188 0.4474979491386382 0.3309265944645006 0.4528301886792453 0.3243080625752106 0.45365053322395404 0.2749699157641396 0.4474979491386382 0.2647412755716005 0.37284659557013944 0.2611311672683514 0.36833470057424117 0.266546329723225
0 0.3609515996718622 0.338748495788207 0.36300246103363415 0.39951865222623345 0.38433141919606234 0.4043321299638989 0.44626743232157506 0.4049338146811071 0.4450369155045119 0.3417569193742479 0.3826907301066448 0.33574007220216606
0 0.3646431501230517 0.4055354993983153 0.36628383921246926 0.46690734055354993 0.44872846595570137 0.4687123947051745 0.4495488105004102 0.41817087845968715 0.44667760459392947 0.40794223826714804
0 0.367104183757178 0.4693140794223827 0.36628383921246926 0.529482551143201 0.4056603773584906 0.5354993983152828 0.44872846595570137 0.5336943441636582 0.4474979491386382 0.4741275571600481
0 0.35438884331419196 0.5409145607701564 0.3535684987694832 0.589049338146811 0.3564397046759639 0.5944645006016848 0.42124692370795735 0.5992779783393501 0.43519278096800657 0.5968712394705175 0.4372436423297785 0.5926594464500602 0.4360131255127153 0.5379061371841155 0.3605414273995078 0.53309265944645 0.3564397046759639 0.5342960288808665
0 0.3584905660377358 0.598676293622142 0.3584905660377358 0.6516245487364621 0.3613617719442166 0.6546329723225031 0.4376538146021329 0.6582430806257521 0.4413453650533224 0.6540312876052948 0.43929450369155043 0.5992779783393501
0 0.3642329778506973 0.6648616125150422 0.3646431501230517 0.7256317689530686 0.44011484823625924 0.7340553549939831 0.44626743232157506 0.7298435619735258 0.4479081214109926 0.6805054151624549 0.4442165709598031 0.6642599277978339
0 0.3642329778506973 0.733453670276775 0.36628383921246926 0.789410348977136 0.4089417555373257 0.7942238267148014 0.4446267432321575 0.7924187725631769 0.44544708777686626 0.7527075812274369 0.44257588187038555 0.7364620938628159 0.374487284659557 0.7304452466907341
0 0.3634126333059885 0.7936221419975933 0.36259228876127975 0.8393501805054152 0.36546349466776046 0.8471720818291215 0.42945036915504514 0.8531889290012034 0.4417555373256768 0.8531889290012034 0.4446267432321575 0.8489771359807461 0.44257588187038555 0.7966305655836342 0.37366694011484825 0.7906137184115524
0 0.36915504511895 0.8513838748495788 0.37038556193601313 0.9049338146811071 0.43273174733388026 0.910950661853189 0.44667760459392947 0.910950661853189 0.44872846595570137 0.9067388688327317 0.4495488105004102 0.8610108303249098 0.44667760459392947 0.855595667870036
0 0.3675143560295324 0.9103489771359807 0.3675143560295324 0.957280385078219 0.3712059064807219 0.9626955475330926 0.4479081214109926 0.9681107099879663 0.44585726004922066 0.9133574007220217 0.374487284659557 0.9073405535499398
0 0.45036915504511893 0.9139590854392299 0.45159967186218214 0.9687123947051745 0.5270713699753896 0.9723225030084236 0.5299425758818704 0.96690734055355 0.529532403609516 0.9157641395908543
0 0.4520098441345365 0.8537906137184116 0.45118949958982774 0.8995186522262335 0.45488105004101725 0.9085439229843562 0.5254306808859721 0.914560770156438 0.5307629204265791 0.9091456077015644 0.5324036095159967 0.8610108303249098 0.529532403609516 0.8580024067388689
0 0.44626743232157506 0.7972322503008423 0.448318293683347 0.8495788206979543 0.5139458572600493 0.855595667870036 0.527481542247744 0.8525872442839952 0.5283018867924528 0.8080625752105897 0.5254306808859721 0.7990373044524669 0.46472518457752254 0.7942238267148014
0 0.44872846595570137 0.7358604091456077 0.4499589827727646 0.7918170878459687 0.5098441345365053 0.7966305655836342 0.5291222313371616 0.7936221419975933 0.5315832649712879 0.7454873646209387 0.5287120590648072 0.740072202166065 0.46226415094339623 0.7328519855595668
0 0.45036915504511893 0.6949458483754513 0.4495488105004102 0.7262334536702768 0.4524200164068909 0.7304452466907341 0.5237899917965545 0.7388688327316486 0.5287120590648072 0.7388688327316486 0.5315832649712879 0.733453670276775 0.534864643150123 0.6805054151624549 0.5278917145200984 0.6678700361010831 0.45488105004101725 0.6654632972322503
0 0.45036915504511893 0.6010830324909747 0.4495488105004102 0.6504211793020457 0.4524200164068909 0.6594464500601684 0.5332239540607056 0.6588447653429603 0.5319934372436423 0.6040914560770156
0 0.44380639868744876 0.5577617328519856 0.44298605414273995 0.5914560770156438 0.44585726004922066 0.5956678700361011 0.5139458572600493 0.601684717208183 0.527481542247744 0.5974729241877257 0.5270713699753896 0.542719614921781 0.4491386382280558 0.5367027677496992 0.44544708777686626 0.5409145607701564
0 0.45447087776866285 0.4855595667870036 0.45365053322395404 0.5312876052948255 0.45734208367514356 0.5354993983152828 0.4942575881870386 0.5403128760529483 0.5336341263330598 0.5403128760529483 0.538966365873667 0.5361010830324909 0.536915504511895 0.48014440433212996 0.4663658736669401 0.4753309265944645
0 0.4520098441345365 0.41335740072202165 0.4520098441345365 0.4675090252707581 0.45488105004101725 0.4729241877256318 0.4917965545529122 0.47653429602888087 0.5356849876948319 0.47352587244283995 0.5373256767842494 0.4265944645006017 0.5344544708777687 0.4151624548736462 0.4589827727645611 0.41034897713598073
0 0.45036915504511893 0.36522262334536704 0.4495488105004102 0.40252707581227437 0.4524200164068909 0.4091456077015644 0.5328137817883511 0.4127557160048135 0.534864643150123 0.4085439229843562 0.5373256767842494 0.35318892900120336 0.5344544708777687 0.34777376654632974 0.45488105004101725 0.34296028880866425 0.45118949958982774 0.3471720818291215
0 0.4552912223133716 0.27376654632972325 0.45652173913043476 0.3333333333333333 0.5328137817883511 0.3417569193742479 0.5397867104183757 0.338748495788207 0.5410172272354389 0.2767749699157641 0.46226415094339623 0.27075812274368233
0 0.45365053322395404 0.20998796630565583 0.4520098441345365 0.2605294825511432 0.455701394585726 0.2683513838748496 0.5205086136177195 0.2743682310469314 0.538966365873667 0.2713598074608905 0.5422477440525021 0.21961492178098677 0.5393765381460214 0.20818291215403129 0.45734208367514356 0.2009626955475331
0 0.4610336341263331 0.12936221419975932 0.46226415094339623 0.19253910950661854 0.49917965545529125 0.197352587244284 0.5463494667760459 0.19554753309265946 0.5467596390484003 0.1371841155234657 0.4712879409351928 0.1263537906137184
0 0.5512715340442986 0.005415162454873646 0.5488105004101723 0.05956678700361011 0.551681706316653 0.06257521058965103 0.6197703035274815 0.06979542719614922 0.6320754716981132 0.06979542719614922 0.6357670221493027 0.06438026474127558 0.638228055783429 0.007821901323706379 0.6353568498769483 0.0036101083032490976 0.6296144380639869 0 0.5533223954060705 0
0 0.5447087776866284 0.06919374247894103 0.5459392945036915 0.12876052948255115 0.6123872026251025 0.13477737665463296 0.6308449548810501 0.13176895306859207 0.6304347826086957 0.07340553549939831 0.5730106644790812 0.06498194945848375 0.5475799835931091 0.06498194945848375
0 0.5488105004101723 0.15703971119133575 0.5500410172272354 0.197352587244284 0.6320754716981132 0.20216606498194944 0.6349466776045939 0.19554753309265946 0.6374077112387203 0.14500601684717207 0.6320754716981132 0.13598074608904934 0.551681706316653 0.13357400722021662
0 0.5479901558654635 0.20517448856799037 0.551681706316653 0.26594464500601683 0.6123872026251025 0.26714801444043323 0.6337161607875308 0.2647412755716005 0.6374077112387203 0.2593261131167268 0.6349466776045939 0.21600481347773767 0.6312551271534045 0.2045728038507822
0 0.5438884331419196 0.29061371841155237 0.5422477440525021 0.3243080625752106 0.5459392945036915 0.3309265944645006 0.6197703035274815 0.3417569193742479 0.627563576702215 0.33754512635379064 0.6316652994257588 0.2833935018050541 0.6296144380639869 0.2767749699157641 0.5475799835931091 0.26594464500601683
0 0.5397867104183757 0.3483754512635379 0.5418375717801477 0.41155234657039713 0.6251025430680885 0.4121540312876053 0.6238720262510254 0.35018050541516244 0.5902378999179655 0.345367027677497
0 0.5381460213289582 0.4193742478941035 0.5373256767842494 0.46991576413959085 0.5410172272354389 0.4777376654632972 0.6218211648892535 0.47713598074608904 0.6242821985233798 0.42539109506618533 0.6214109926168991 0.4175691937424789 0.5401968826907301 0.4151624548736462
0 0.5414273995077933 0.4879663056558363 0.5406070549630845 0.5312876052948255 0.5434782608695652 0.5391095066185319 0.6156685808039376 0.542719614921781 0.6251025430680885 0.5336943441636582 0.6267432321575062 0.4843561973525872 0.6230516817063166 0.48014440433212996 0.5434782608695652 0.48014440433212996
0 0.5291222313371616 0.5685920577617328 0.5283018867924528 0.5926594464500602 0.5328137817883511 0.601684717208183 0.6050041017227236 0.6077015643802648 0.6127973748974569 0.6046931407942239 0.6123872026251025 0.54632972322503 0.5344544708777687 0.5415162454873647 0.5299425758818704 0.5457280385078219
0 0.534864643150123 0.6070998796630566 0.536915504511895 0.6618531889290012 0.5992616899097621 0.6678700361010831 0.6140278917145201 0.6678700361010831 0.6168990976210008 0.6636582430806257 0.6156685808039376 0.6089049338146811 0.551681706316653 0.6040914560770156
0 0.5365053322395406 0.6720818291215404 0.5377358490566038 0.7280385078219013 0.5730106644790812 0.7340553549939831 0.6185397867104184 0.7322503008423586 0.618129614438064 0.6750902527075813 0.5492206726825266 0.6678700361010831
0 0.534864643150123 0.7418772563176895 0.5360951599671863 0.7930204572803851 0.6140278917145201 0.7942238267148014 0.6168990976210008 0.7900120336943441 0.6156685808039376 0.7388688327316486 0.5418375717801477 0.7328519855595668
0 0.5299425758818704 0.8104693140794224 0.5291222313371616 0.8477737665463297 0.5319934372436423 0.8507821901323707 0.559064807219032 0.855595667870036 0.6103363412633306 0.8513838748495788 0.6111566858080394 0.8116726835138387 0.6000820344544708 0.7978339350180506 0.5344544708777687 0.7942238267148014
0 0.5340442986054142 0.858604091456077 0.5336341263330598 0.9061371841155235 0.5721903199343724 0.910950661853189 0.6082854799015587 0.910950661853189 0.6136177194421657 0.9067388688327317 0.6144380639868745 0.8598074608904934 0.6115668580803938 0.855595667870036 0.536915504511895 0.8531889290012034
0 0.5377358490566038 0.9133574007220217 0.5381460213289582 0.9693140794223827 0.5410172272354389 0.9747292418772563 0.6173092698933552 0.9771359807460891 0.6201804757998359 0.9717208182912154 0.6164889253486464 0.9169675090252708
0 0.6210008203445447 0.9151624548736462 0.6201804757998359 0.9608904933814681 0.6230516817063166 0.9675090252707581 0.684577522559475 0.97352587244284 0.6997538966365874 0.970517448856799 0.7013945857260049 0.9211793020457281 0.6977030352748155 0.9157641395908543 0.6279737489745694 0.9121540312876053
0 0.6185397867104184 0.8670276774969916 0.616078753076292 0.9031287605294825 0.6214109926168991 0.910950661853189 0.6894995898277276 0.914560770156438 0.6981132075471698 0.9007220216606499 0.7005742411812962 0.8634175691937425 0.6977030352748155 0.8580024067388689 0.6246923707957343 0.8567990373044525 0.6193601312551271 0.8610108303249098
0 0.6136177194421657 0.8008423586040915 0.6127973748974569 0.8477737665463297 0.6173092698933552 0.8567990373044525 0.6911402789171452 0.8592057761732852 0.6948318293683347 0.8537906137184116 0.6972928630024611 0.809265944645006 0.6952420016406891 0.8014440433212996 0.6214109926168991 0.7978339350180506
0 0.6193601312551271 0.7454873646209387 0.6214109926168991 0.7966305655836342 0.6944216570959804 0.8002406738868832 0.7005742411812962 0.796028880866426 0.699343724364233 0.7436823104693141 0.6238720262510254 0.7388688327316486
0 0.6226415094339622 0.6925391095066186 0.6230516817063166 0.7364620938628159 0.6903199343724364 0.7412755716004813 0.7030352748154225 0.737063778580024 0.7063166529942576 0.6853188929001204 0.7001640689089418 0.677496991576414 0.6312551271534045 0.6726835138387485 0.6251025430680885 0.6768953068592057
0 0.6201804757998359 0.6167268351383874 0.6205906480721903 0.6642599277978339 0.6517637407711239 0.6678700361010831 0.7005742411812962 0.6648616125150422 0.70467596390484 0.6191335740072202 0.7018047579983593 0.6101083032490975 0.6222313371616078 0.6064981949458483
0 0.6193601312551271 0.5553549939831528 0.6185397867104184 0.5950661853188929 0.6230516817063166 0.605294825511432 0.7038556193601313 0.6058965102286402 0.7063166529942576 0.5577617328519856 0.7026251025430681 0.5487364620938628 0.6230516817063166 0.5439229843561973
0 0.6292042657916325 0.4843561973525872 0.6304347826086957 0.542719614921781 0.7009844134536505 0.54632972322503 0.7128794093519278 0.5409145607701564 0.7128794093519278 0.49398315282791816 0.7100082034454471 0.4861612515042118
0 0.627563576702215 0.4326113116726835 0.6267432321575062 0.46991576413959085 0.6320754716981132 0.4777376654632972 0.6878589007383101 0.4825511432009627 0.706726825266612 0.4825511432009627 0.7104183757178015 0.47833935018050544 0.7116488925348646 0.4223826714801444 0.6304347826086957 0.4175691937424789
0 0.6304347826086957 0.35018050541516244 0.6312551271534045 0.4151624548736462 0.712059064807219 0.4193742478941035 0.7153404429860541 0.3628158844765343 0.7116488925348646 0.3561973525872443
0 0.6316652994257588 0.2833935018050541 0.6320754716981132 0.3381468110709988 0.7018047579983593 0.34657039711191334 0.7108285479901558 0.34657039711191334 0.7145200984413453 0.33995186522262333 0.7178014766201805 0.29061371841155237 0.7141099261689909 0.28399518652226236 0.6468416735028713 0.2743682310469314 0.6345365053322395 0.2743682310469314
0 0.6390484003281378 0.21359807460890493 0.640278917145201 0.2719614921780987 0.7132895816242822 0.28279181708784595 0.7219031993437244 0.27978339350180503 0.726825266611977 0.2328519855595668 0.7231337161607875 0.22021660649819494 0.6517637407711239 0.20818291215403129 0.6435602953240361 0.20818291215403129
0 0.6398687448728466 0.1510228640192539 0.6374077112387203 0.20156438026474127 0.640278917145201 0.20577617328519857 0.7108285479901558 0.21660649819494585 0.7210828547990156 0.21359807460890493 0.7284659557013946 0.1618531889290012 0.7255947497949139 0.1552346570397112 0.6566858080393765 0.14320096269554752 0.6427399507793273 0.14320096269554752
0 0.6415094339622641 0.08243080625752106 0.6398687448728466 0.13537906137184116 0.6427399507793273 0.14199759326113118 0.7149302707136997 0.14921780986762936 0.7223133716160788 0.14921780986762936 0.726825266611977 0.14380264741275572 0.7284659557013946 0.08724428399518652 0.7255947497949139 0.0842358604091456 0.6558654634946678 0.07701564380264742 0.6452009844134536 0.07701564380264742
0 0.7284659557013946 0.08002406738868832 0.7276456111566858 0.1341756919374248 0.7305168170631665 0.14320096269554752 0.8113207547169812 0.1510228640192539 0.8162428219852338 0.09807460890493382 0.8141919606234619 0.08904933814681107 0.7337981952420016 0.07581227436823104
0 0.7292863002461034 0.14741275571600482 0.7243642329778507 0.20156438026474127 0.7264150943396226 0.20577617328519857 0.7584085315832649 0.21299638989169675 0.8088597210828548 0.21600481347773767 0.8129614438063987 0.17509025270758122 0.8109105824446268 0.15403128760529483
0 0.726825266611977 0.21961492178098677 0.7272354388843314 0.273164861612515 0.7764561115668581 0.28038507821901326 0.8088597210828548 0.2785800240673887 0.8121410992616899 0.22322503008423586 0.8084495488105005 0.21660649819494585 0.7329778506972928 0.21058965102286403
0 0.7210828547990156 0.3062575210589651 0.7186218211648893 0.3243080625752106 0.7206726825266612 0.3345367027677497 0.7559474979491386 0.345367027677497 0.7994257588187038 0.35018050541516244 0.8047579983593109 0.3315282791817088 0.8080393765381461 0.29061371841155237 0.7994257588187038 0.2851985559566787 0.7264150943396226 0.2743682310469314
0 0.7169811320754716 0.351985559566787 0.717391304347826 0.4151624548736462 0.7518457752255947 0.42358604091456076 0.7965545529122231 0.42418772563176893 0.8002461033634126 0.3622141997593261 0.7411812961443807 0.35018050541516244
0 0.7136997538966365 0.43381468110709986 0.712059064807219 0.47833935018050544 0.7149302707136997 0.48375451263537905 0.7912223133716161 0.48856799037304455 0.7957342083675144 0.48194945848375453 0.7973748974569319 0.4326113116726835 0.7936833470057424 0.42719614921780985 0.717391304347826 0.42117930204572807
0 0.7153404429860541 0.5096269554753309 0.7145200984413453 0.5385078219013237 0.717391304347826 0.5451263537906137 0.783839212469237 0.5499398315282792 0.7965545529122231 0.5445246690734056 0.7977850697292863 0.49097472924187724 0.7198523379819525 0.4861612515042118 0.7169811320754716 0.4879663056558363
0 0.7095980311730927 0.5613718411552346 0.7063166529942576 0.598676293622142 0.7091878589007383 0.605294825511432 0.7452830188679245 0.6101083032490975 0.7891714520098442 0.6070998796630566 0.7924528301886793 0.5734055354993983 0.7924528301886793 0.5565583634175691 0.7895816242821985 0.5523465703971119 0.7165709598031174 0.5475330926594465
0 0.7054963084495488 0.6155234657039711 0.7059064807219032 0.6678700361010831 0.7813781788351107 0.6702767749699158 0.7858900738310091 0.6660649819494585 0.7875307629204266 0.6179302045728039 0.7846595570139459 0.6125150421179302 0.7100082034454471 0.6077015643802648
0 0.7087776866283839 0.6805054151624549 0.7038556193601313 0.737063778580024 0.7059064807219032 0.740072202166065 0.7362592288761279 0.7448856799037304 0.7813781788351107 0.7448856799037304 0.7858900738310091 0.7406738868832732 0.7883511074651354 0.6937424789410349 0.7846595570139459 0.6847172081829122 0.7378999179655455 0.6787003610108303
0 0.7038556193601313 0.7539109506618532 0.7030352748154225 0.7900120336943441 0.7059064807219032 0.7990373044524669 0.7850697292863003 0.7984356197352587 0.7846595570139459 0.7460890493381468 0.7108285479901558 0.7436823104693141
0 0.7087776866283839 0.8116726835138387 0.7079573420836751 0.8477737665463297 0.7095980311730927 0.8574007220216606 0.7132895816242822 0.8604091456077015 0.7846595570139459 0.8628158844765343 0.7908121410992617 0.8574007220216606 0.7924528301886793 0.809265944645006 0.787940935192781 0.8038507821901324 0.7124692370795734 0.8014440433212996
0 0.7022149302707137 0.8766546329723225 0.7005742411812962 0.9103489771359807 0.7042657916324856 0.9157641395908543 0.7616899097621 0.9229843561973526 0.7801476620180475 0.9187725631768953 0.7842493847415914 0.8742478941034898 0.7821985233798195 0.865222623345367 0.7059064807219032 0.8604091456077015
0 0.7022149302707137 0.9404332129963899 0.7013945857260049 0.9693140794223827 0.7042657916324856 0.9771359807460891 0.7715340442986054 0.9807460890493381 0.7776866283839212 0.9753309265944645 0.7858900738310091 0.9271961492178099 0.7083675143560295 0.9217809867629362 0.7030352748154225 0.9271961492178099
0 0.7973748974569317 0.4546730846369834 0.796554552912223 0.4823505816285598 0.8002461033634124 0.4865623746490171 0.8494667760459391 0.4925792218210989 0.8887065901011759 0.4953870838347373 0.8900738310090238 0.43722422783794623 0.8486464315012303 0.4300040112314479 0.80188679245283 0.42519053349378244 0.7990155865463493 0.42819895707982336
0 0.7990155865463495 0.40252707581227437 0.8002461033634126 0.42358604091456076 0.8846048673776321 0.43120738066586445 0.8873393491933279 0.39711191335740065 0.8955427946404158 0.36903329322101885 0.8051681706316653 0.35980746089049337
0 0.8080393765381461 0.3038507821901324 0.8055783429040196 0.34596871239470517 0.8084495488105005 0.35138387484957884 0.8215750615258408 0.35379061371841153 0.8859721082854799 0.35499398315282804 0.8908941755537325 0.31227436823104693 0.8888433141919606 0.296028880866426 0.8478260869565217 0.2888086642599278 0.8117309269893355 0.28640192539109505
0 0.8121410992616899 0.2545126353790614 0.8121410992616899 0.2713598074608905 0.8191140278917145 0.27557160048134777 0.8913043478260869 0.29121540312876054 0.8958162428219852 0.27978339350180503 0.9023789991796555 0.2364620938628159 0.8954060705496308 0.22743682310469315 0.8191140278917145 0.21058965102286403
0 0.815422477440525 0.1510228640192539 0.8141919606234619 0.20818291215403129 0.8949958982772764 0.22322503008423586 0.9023789991796555 0.1726835138387485 0.9003281378178835 0.1588447653429603 0.8199343724364233 0.1407942238267148
0 0.8178835110746514 0.11131167268351384 0.8162428219852338 0.12815884476534295 0.828137817883511 0.14199759326113118 0.9011484823625923 0.15764139590854392 0.906070549630845 0.15643802647412755 0.9089417555373257 0.14981949458483754 0.911402789171452 0.09927797833935018 0.9077112387202625 0.09386281588447654 0.8289581624282198 0.07701564380264742
0 0.8326497128794094 0.025872442839951864 0.8305988515176375 0.06979542719614922 0.8970467596390485 0.08543922984356198 0.9105824446267432 0.08483754512635379 0.9163248564397046 0.04753309265944645 0.9159146841673503 0.024067388688327317 0.8388022969647252 0.0036101083032490976
0 0.883237626469784 0.5635780184516646 0.881870385561936 0.5214600882470919 0.8859721082854799 0.4993983152827918 0.8018867924528302 0.49458483754512633 0.7973748974569319 0.5481347773766546 0.805988515176374 0.5547533092659447
0 0.8791359037462402 0.6197352587244284 0.87913590374624 0.5916566385880467 0.8805031446540882 0.579622944243883 0.87913590374624 0.5675892498997195 0.8027071369975389 0.555956678700361 0.7957342083675144 0.562575210589651 0.7936833470057424 0.6113116726835138
0 0.8873393491933277 0.6839149618933013 0.8887065901011759 0.6257521058965101 0.7912223133716161 0.6173285198555957 0.7875307629204266 0.6732851985559567
0 0.881870385561936 0.7541115122342559 0.8873393491933279 0.6939430405134377 0.7901285206453377 0.6823104693140792 0.7847962811047307 0.7394705174488566 0.7884878315559202 0.743682310469314
0 0.9302707136997539 0.17148014440433212 0.9885151763740769 0.17849979943842761 0.9898824172819249 0.12033694344163652 0.9142739950779327 0.1022864019253911 0.9089417555373257 0.1618531889290012 0.9150943396226415 0.1684717208182912
0 0.9442165709598032 0.10770156438026474 0.9912496581897732 0.11833132771760928 0.992616899097621 0.05816285599679099 0.9183757178014766 0.04091456077015644 0.911402789171452 0.08724428399518652 0.9130434782608695 0.09566787003610108 0.9191960623461854 0.1022864019253911
0 0.9146841673502871 0.23164861612515042 0.9816789718348373 0.24267950260730045 0.992616899097621 0.1825110308864821 0.9302707136997539 0.17388688327316487 0.906070549630845 0.16726835138387486 0.8990976210008204 0.22081829121540314 0.906070549630845 0.2322503008423586
0 0.7973748974569319 0.805655836341757 0.883237626469784 0.8102687525070197 0.8832376264697839 0.7521058965102286 0.8076292042657917 0.7472924187725631 0.7920426579163249 0.7460890493381468 0.7891714520098442 0.7515042117930204 0.7875307629204266 0.8008423586040915
0 0.41017227235438886 0.08273164861612516 0.0840853158326497 0.0631768953068592
0 0.3168580803937654 0.08800240673886883 0.07998359310910583 0.06468110709987966
0 0.7249794913863823 0.025571600481347774 0.6357670221493027 0.010529482551143226 0.6337161607875309 0.07069795427196153 0.7219031993437245 0.08574007220216612
0 0.7444626743232158 0.0105294825511432 0.8285479901558657 0.02707581227436823 0.8213699753896639 0.0857400722021661 0.742411812961444 0.072202166064982