0 0.7866108786610881 0.04435483870967742 0.7897489539748956 0 0.6441312486236511 0 0.6422594142259417 0.033602150537634407 0.6579497907949793 0.043010752688172046
0 0.8598326359832636 0.10349462365591398 0.8640167364016736 0.05241935483870968 0.8313146883946267 0.04668930390492359 0.8015855538427659 0.04810413129598188 0.7876569037656904 0.0456989247311828 0.7238493723849372 0.05241935483870968 0.7269874476987448 0.09946236559139784
0 0.9937238493723849 0.05510752688172043 1 0.05241935483870968 0.9989539748953975 0.005376344086021506 0.8682008368200836 0.004032258064516129 0.8671548117154811 0.04838709677419355
0 1 0.11424731182795698 0.9989539748953975 0.06182795698924731 0.8682008368200836 0.05779569892473118 0.8713389121338913 0.10752688172043011
0 0.99581589958159 0.17069892473118278 0.9968619246861925 0.11559139784946236 0.8682008368200836 0.11693548387096774 0.8661087866108786 0.14919354838709678 0.8734309623430963 0.16666666666666666
0 0.8493723849372385 0.16263440860215053 0.8598326359832636 0.15725806451612903 0.858786610878661 0.10752688172043011 0.7196652719665272 0.11155913978494623 0.7196652719665272 0.14650537634408603 0.7269874476987448 0.1586021505376344
0 0.6317991631799164 0.15994623655913978 0.7102510460251046 0.1586021505376344 0.7154811715481172 0.10618279569892473 0.5753138075313807 0.10618279569892473 0.5784518828451883 0.1586021505376344
0 0.5627615062761506 0.15994623655913978 0.5711297071129707 0.11693548387096774 0.5658995815899581 0.10752688172043011 0.42887029288702927 0.09274193548387097 0.4299163179916318 0.14516129032258066
0 0.4246861924686193 0.15994623655913978 0.4215481171548117 0.10752688172043011 0.3253138075313807 0.09946236559139784 0.28661087866108786 0.10618279569892473 0.28765690376569036 0.15053763440860216
0 0.2594142259414226 0.15994623655913978 0.2803347280334728 0.15725806451612903 0.27510460251046026 0.10483870967741936 0.14225941422594143 0.11155913978494623 0.14748953974895398 0.16129032258064516
0 0.1401673640167364 0.16263440860215053 0.13493723849372385 0.10483870967741936 0.008368200836820083 0.11155913978494623 0.013598326359832637 0.1639784946236559
0 0.14435146443514643 0.21908602150537634 0.14330543933054393 0.16666666666666666 0.012552301255230125 0.17069892473118278 0.015690376569037656 0.22043010752688172
0 0.14225941422594143 0.27553763440860213 0.14435146443514643 0.2271505376344086 0.13702928870292888 0.22311827956989247 0.012552301255230125 0.2271505376344086 0.015690376569037656 0.27419354838709675
0 0.14225941422594143 0.3293010752688172 0.1412133891213389 0.27956989247311825 0.014644351464435146 0.28091397849462363 0.01778242677824268 0.33064516129032256
0 0.14435146443514643 0.385752688172043 0.14330543933054393 0.3333333333333333 0.014644351464435146 0.3346774193548387 0.0198744769874477 0.3844086021505376
0 0.1401673640167364 0.4475806451612903 0.13912133891213388 0.3924731182795699 0.028242677824267783 0.3897849462365591 0.012552301255230125 0.39919354838709675 0.015690376569037656 0.44623655913978494
0 0.14225941422594143 0.5013440860215054 0.13702928870292888 0.45161290322580644 0.014644351464435146 0.4529569892473118 0.015690376569037656 0.5
0 0.14435146443514643 0.5551075268817204 0.1412133891213389 0.5053763440860215 0.014644351464435146 0.5040322580645161 0.01778242677824268 0.553763440860215
0 0.14435146443514643 0.6061827956989247 0.14435146443514643 0.5631720430107527 0.13702928870292888 0.5564516129032258 0.028242677824267783 0.553763440860215 0.014644351464435146 0.5631720430107527 0.016736401673640166 0.5954301075268817 0.02615062761506276 0.6048387096774194
0 0.14853556485355648 0.6626344086021505 0.14748953974895398 0.6129032258064516 0.02092050209205021 0.6088709677419355 0.02301255230125523 0.646505376344086 0.030334728033472803 0.6532258064516129
0 0.13807531380753138 0.7137096774193549 0.15271966527196654 0.7110215053763441 0.14958158995815898 0.6639784946236559 0.03138075313807531 0.657258064516129 0.032426778242677826 0.7043010752688172
0 0.1506276150627615 0.7701612903225806 0.14748953974895398 0.7204301075268817 0.029288702928870293 0.7163978494623656 0.034518828451882845 0.760752688172043
0 0.14853556485355648 0.821236559139785 0.14748953974895398 0.7768817204301075 0.03138075313807531 0.7647849462365591 0.032426778242677826 0.8118279569892473
0 0.1506276150627615 0.8723118279569892 0.14748953974895398 0.8225806451612904 0.02510460251046025 0.8158602150537635 0.028242677824267783 0.8629032258064516
0 0.1506276150627615 0.9233870967741935 0.14958158995815898 0.8763440860215054 0.027196652719665274 0.8669354838709677 0.032426778242677826 0.9166666666666666
0 0.15690376569037656 0.9690860215053764 0.14958158995815898 0.9247311827956989 0.029288702928870293 0.918010752688172 0.034518828451882845 0.9623655913978495
0 0.28451882845188287 0.9717741935483871 0.2834728033472803 0.9247311827956989 0.15690376569037656 0.928763440860215 0.16213389121338911 0.9704301075268817
0 0.28451882845188287 0.9206989247311828 0.2792887029288703 0.8736559139784946 0.1600418410041841 0.8709677419354839 0.15481171548117154 0.8830645161290323 0.1579497907949791 0.9166666666666666
0 0.2824267782426778 0.8723118279569892 0.2792887029288703 0.8279569892473119 0.15481171548117154 0.8239247311827957 0.1579497907949791 0.8682795698924731
0 0.27824267782426776 0.8266129032258065 0.27719665271966526 0.7768817204301075 0.15271966527196654 0.7755376344086021 0.15585774058577406 0.8198924731182796
0 0.2824267782426778 0.7728494623655914 0.27719665271966526 0.7204301075268817 0.15481171548117154 0.7217741935483871 0.15585774058577406 0.7688172043010753
0 0.28661087866108786 0.7137096774193549 0.2834728033472803 0.6639784946236559 0.15690376569037656 0.6653225806451613 0.1579497907949791 0.7123655913978495
0 0.28661087866108786 0.6626344086021505 0.28556485355648537 0.6129032258064516 0.15690376569037656 0.614247311827957 0.16213389121338911 0.6612903225806451
0 0.2824267782426778 0.6115591397849462 0.2813807531380753 0.5591397849462365 0.14853556485355648 0.5604838709677419 0.15585774058577406 0.6075268817204301
0 0.26778242677824265 0.5551075268817204 0.2824267782426778 0.5524193548387096 0.2792887029288703 0.5026881720430108 0.14853556485355648 0.5067204301075269 0.15376569037656904 0.553763440860215
0 0.25732217573221755 0.5013440860215054 0.27824267782426776 0.4986559139784946 0.2730125523012552 0.4489247311827957 0.14225941422594143 0.4529569892473118 0.14958158995815898 0.5026881720430108
0 0.2803347280334728 0.4475806451612903 0.2813807531380753 0.3951612903225806 0.14853556485355648 0.39919354838709675 0.1506276150627615 0.44489247311827956 0.1579497907949791 0.4489247311827957
0 0.19874476987447698 0.385752688172043 0.28556485355648537 0.3844086021505376 0.28661087866108786 0.3346774193548387 0.1506276150627615 0.3346774193548387 0.15376569037656904 0.3844086021505376
0 0.2803347280334728 0.32661290322580644 0.2792887029288703 0.27419354838709675 0.14644351464435146 0.2728494623655914 0.14958158995815898 0.32526881720430106
0 0.28451882845188287 0.2701612903225806 0.2834728033472803 0.21774193548387097 0.1506276150627615 0.21908602150537634 0.15585774058577406 0.271505376344086
0 0.2719665271966527 0.2163978494623656 0.28661087866108786 0.21370967741935484 0.2834728033472803 0.16129032258064516 0.14853556485355648 0.16532258064516128 0.14853556485355648 0.2110215053763441 0.1579497907949791 0.21774193548387097
0 0.42887029288702927 0.2163978494623656 0.4299163179916318 0.1639784946236559 0.2907949790794979 0.16263440860215053 0.29602510460251047 0.21505376344086022
0 0.5711297071129707 0.21370967741935484 0.5753138075313807 0.17876344086021506 0.5679916317991632 0.16129032258064516 0.4330543933054393 0.16263440860215053 0.4361924686192469 0.21505376344086022
0 0.6569037656903766 0.2163978494623656 0.7186192468619247 0.21505376344086022 0.7238493723849372 0.16532258064516128 0.7123430962343096 0.1586021505376344 0.5815899581589958 0.16801075268817203 0.5847280334728033 0.21774193548387097
0 0.8619246861924686 0.2163978494623656 0.858786610878661 0.1639784946236559 0.7259414225941423 0.16263440860215053 0.7290794979079498 0.21505376344086022
0 0.9790794979079498 0.22983870967741934 1 0.2217741935483871 0.9989539748953975 0.17473118279569894 0.8682008368200836 0.17069892473118278 0.8713389121338913 0.22043010752688172
0 0.9937238493723849 0.28897849462365593 1 0.2540322580645161 0.9947698744769874 0.23387096774193547 0.8859832635983264 0.22043010752688172 0.8661087866108786 0.2271505376344086 0.8671548117154811 0.27419354838709675
0 0.8556485355648535 0.27553763440860213 0.856694560669456 0.22311827956989247 0.7217573221757322 0.2217741935483871 0.7228033472803347 0.271505376344086
0 0.7154811715481172 0.2701612903225806 0.7144351464435147 0.21774193548387097 0.5774058577405857 0.2217741935483871 0.5805439330543933 0.271505376344086
0 0.5711297071129707 0.2701612903225806 0.5700836820083682 0.21774193548387097 0.4330543933054393 0.2217741935483871 0.4361924686192469 0.271505376344086
0 0.4246861924686193 0.2728494623655914 0.4309623430962343 0.2701612903225806 0.4299163179916318 0.22043010752688172 0.2928870292887029 0.21908602150537634 0.29602510460251047 0.26881720430107525
0 0.4225941422594142 0.3293010752688172 0.4215481171548117 0.27956989247311825 0.2918410041841004 0.26881720430107525 0.28661087866108786 0.27553763440860213 0.28765690376569036 0.3225806451612903
0 0.5648535564853556 0.32661290322580644 0.5658995815899581 0.27419354838709675 0.4309623430962343 0.2782258064516129 0.4341004184100418 0.32526881720430106
0 0.7092050209205021 0.32661290322580644 0.7081589958158996 0.27419354838709675 0.5711297071129707 0.2782258064516129 0.5711297071129707 0.3185483870967742 0.5784518828451883 0.32526881720430106
0 0.8556485355648535 0.3293010752688172 0.856694560669456 0.2768817204301075 0.7217573221757322 0.27553763440860213 0.7228033472803347 0.32526881720430106
0 0.9895397489539749 0.34543010752688175 0.99581589958159 0.3293010752688172 0.9926778242677824 0.29301075268817206 0.8859832635983264 0.2768817204301075 0.8692468619246861 0.2768817204301075 0.8640167364016736 0.2862903225806452 0.8629707112970711 0.3279569892473118
0 0.9811715481171548 0.396505376344086 0.9884937238493724 0.3467741935483871 0.8577405857740585 0.33736559139784944 0.858786610878661 0.3844086021505376
0 0.8514644351464435 0.38306451612903225 0.852510460251046 0.3333333333333333 0.7175732217573222 0.3346774193548387 0.7186192468619247 0.3817204301075269
0 0.7112970711297071 0.385752688172043 0.7102510460251046 0.33064516129032256 0.5774058577405857 0.33198924731182794 0.5805439330543933 0.3790322580645161
0 0.5669456066945606 0.3803763440860215 0.5679916317991632 0.3279569892473118 0.4330543933054393 0.3293010752688172 0.4361924686192469 0.3790322580645161
0 0.4205020920502092 0.385752688172043 0.4236401673640167 0.3333333333333333 0.28870292887029286 0.33198924731182794 0.2897489539748954 0.3817204301075269
0 0.40794979079497906 0.44489247311827956 0.4225941422594142 0.4422043010752688 0.4215481171548117 0.3897849462365591 0.28661087866108786 0.39381720430107525 0.2897489539748954 0.4435483870967742
0 0.5606694560669456 0.4475806451612903 0.5669456066945606 0.4422043010752688 0.5617154811715481 0.3897849462365591 0.4299163179916318 0.3897849462365591 0.42677824267782427 0.39919354838709675 0.4320083682008368 0.44623655913978494
0 0.6924686192468619 0.44489247311827956 0.7133891213389121 0.43951612903225806 0.7102510460251046 0.3924731182795699 0.5753138075313807 0.38844086021505375 0.5732217573221757 0.4368279569892473 0.5805439330543933 0.4435483870967742
0 0.8326359832635983 0.44489247311827956 0.8514644351464435 0.43951612903225806 0.850418410041841 0.3924731182795699 0.7175732217573222 0.3911290322580645 0.7186192468619247 0.4435483870967742
0 0.9832635983263598 0.4529569892473118 0.9895397489539749 0.4368279569892473 0.9864016736401674 0.40053763440860213 0.8577405857740585 0.39381720430107525 0.858786610878661 0.44623655913978494
0 0.9832635983263598 0.5067204301075269 0.9895397489539749 0.4771505376344086 0.9843096234309623 0.4543010752688172 0.8535564853556485 0.45564516129032256 0.856694560669456 0.5026881720430108
0 0.8430962343096234 0.5013440860215054 0.8441422594142259 0.4489247311827957 0.7144351464435147 0.44623655913978494 0.7092050209205021 0.45564516129032256 0.7144351464435147 0.5
0 0.700836820083682 0.4986559139784946 0.6997907949790795 0.44623655913978494 0.5648535564853556 0.4529569892473118 0.5658995815899581 0.5
0 0.5606694560669456 0.4986559139784946 0.5596234309623431 0.4489247311827957 0.4246861924686193 0.45026881720430106 0.42573221757322177 0.49731182795698925
0 0.41841004184100417 0.5013440860215054 0.4194560669456067 0.4489247311827957 0.28451882845188287 0.4529569892473118 0.28765690376569036 0.5
0 0.41841004184100417 0.5577956989247311 0.41736401673640167 0.5053763440860215 0.28451882845188287 0.5067204301075269 0.28765690376569036 0.553763440860215
0 0.4665271966527197 0.5551075268817204 0.5575313807531381 0.5510752688172043 0.5606694560669456 0.5094086021505376 0.5156903765690377 0.5 0.4246861924686193 0.5067204301075269 0.42782426778242677 0.5564516129032258
0 0.696652719665272 0.5524193548387096 0.6956066945606695 0.5026881720430108 0.5627615062761506 0.5067204301075269 0.5658995815899581 0.553763440860215
0 0.7719665271966527 0.5551075268817204 0.8378661087866108 0.553763440860215 0.8430962343096234 0.5067204301075269 0.7071129707112971 0.5040322580645161 0.7060669456066946 0.5510752688172043
0 0.9790794979079498 0.5577956989247311 0.9874476987447699 0.5443548387096774 0.9822175732217573 0.5080645161290323 0.8535564853556485 0.5094086021505376 0.8514644351464435 0.5497311827956989 0.8608786610878661 0.5564516129032258
0 0.9748953974895398 0.6088709677419355 0.9780334728033473 0.5591397849462365 0.8472803347280334 0.5604838709677419 0.8462343096234309 0.6075268817204301
0 0.8117154811715481 0.6061827956989247 0.8430962343096234 0.6008064516129032 0.8420502092050209 0.553763440860215 0.7092050209205021 0.5604838709677419 0.7144351464435147 0.6075268817204301
0 0.700836820083682 0.6061827956989247 0.6997907949790795 0.553763440860215 0.5669456066945606 0.5604838709677419 0.5721757322175732 0.6075268817204301
0 0.5627615062761506 0.603494623655914 0.5596234309623431 0.553763440860215 0.42677824267782427 0.5604838709677419 0.4299163179916318 0.6048387096774194
0 0.4205020920502092 0.6088709677419355 0.4194560669456067 0.5591397849462365 0.28661087866108786 0.5577956989247311 0.2918410041841004 0.6048387096774194
0 0.4225941422594142 0.6626344086021505 0.4236401673640167 0.6129032258064516 0.2907949790794979 0.6115591397849462 0.2939330543933054 0.6586021505376344
0 0.5502092050209205 0.6599462365591398 0.5669456066945606 0.6545698924731183 0.5638075313807531 0.6075268817204301 0.4309623430962343 0.614247311827957 0.4341004184100418 0.6612903225806451
0 0.698744769874477 0.6599462365591398 0.7050209205020921 0.6518817204301075 0.7018828451882845 0.6102150537634409 0.5690376569037657 0.614247311827957 0.5742677824267782 0.6586021505376344
0 0.7280334728033473 0.6599462365591398 0.8357740585774058 0.6586021505376344 0.8430962343096234 0.6491935483870968 0.8430962343096234 0.6115591397849462 0.7102510460251046 0.6102150537634409 0.7092050209205021 0.6545698924731183
0 0.9644351464435147 0.6599462365591398 0.9748953974895398 0.657258064516129 0.9738493723849372 0.6129032258064516 0.8451882845188284 0.614247311827957 0.8483263598326359 0.6586021505376344
0 0.8326359832635983 0.7110215053763441 0.8315899581589958 0.6612903225806451 0.702928870292887 0.6653225806451613 0.7039748953974896 0.7123655913978495
0 0.6548117154811716 0.7137096774193549 0.6956066945606695 0.7123655913978495 0.700836820083682 0.6653225806451613 0.5669456066945606 0.6626344086021505 0.5700836820083682 0.7096774193548387
0 0.5564853556485355 0.7137096774193549 0.5575313807531381 0.6612903225806451 0.42677824267782427 0.6653225806451613 0.4299163179916318 0.7150537634408602
0 0.4225941422594142 0.7137096774193549 0.4215481171548117 0.6666666666666666 0.28870292887029286 0.668010752688172 0.2939330543933054 0.7150537634408602
0 0.41422594142259417 0.7755376344086021 0.4205020920502092 0.7701612903225806 0.41736401673640167 0.7204301075268817 0.28661087866108786 0.7244623655913979 0.2897489539748954 0.7741935483870968
0 0.9707112970711297 0.7137096774193549 0.9738493723849372 0.6639784946236559 0.8410041841004184 0.6653225806451613 0.8441422594142259 0.7123655913978495
0 0.9100418410041841 0.7728494623655914 0.9654811715481172 0.771505376344086 0.9707112970711297 0.7217741935483871 0.8389121338912134 0.7244623655913979 0.8420502092050209 0.7741935483870968
0 0.8284518828451883 0.7674731182795699 0.8326359832635983 0.7244623655913979 0.8232217573221757 0.717741935483871 0.700836820083682 0.7217741935483871 0.7018828451882845 0.7661290322580645
0 0.6569037656903766 0.7701612903225806 0.6956066945606695 0.7661290322580645 0.698744769874477 0.7217741935483871 0.5679916317991632 0.717741935483871 0.5627615062761506 0.7271505376344086 0.5700836820083682 0.771505376344086
0 0.5271966527196653 0.7728494623655914 0.5585774058577406 0.7674731182795699 0.555439330543933 0.717741935483871 0.4246861924686193 0.7217741935483871 0.42782426778242677 0.771505376344086
0 0.4121338912133891 0.7755376344086021 0.4205020920502092 0.7701612903225806 0.41736401673640167 0.7204301075268817 0.28661087866108786 0.7244623655913979 0.2897489539748954 0.7741935483870968
0 0.41631799163179917 0.8776881720430108 0.4131799163179916 0.8306451612903226 0.28661087866108786 0.8293010752688172 0.2897489539748954 0.8736559139784946
0 0.41422594142259417 0.8293010752688172 0.4131799163179916 0.7795698924731183 0.2824267782426778 0.7836021505376344 0.28556485355648537 0.8252688172043011
0 0.41841004184100417 0.9260752688172043 0.4131799163179916 0.8790322580645161 0.28661087866108786 0.8830645161290323 0.2918410041841004 0.9247311827956989
0 0.41631799163179917 0.9744623655913979 0.41736401673640167 0.9301075268817204 0.28661087866108786 0.928763440860215 0.2897489539748954 0.9704301075268817
0 0.5564853556485355 0.9717741935483871 0.5575313807531381 0.9274193548387096 0.42677824267782427 0.9314516129032258 0.4299163179916318 0.9731182795698925
0 0.6861924686192469 0.9233870967741935 0.6851464435146444 0.8763440860215054 0.5564853556485355 0.8776881720430108 0.5617154811715481 0.9247311827956989
0 0.801255230125523 0.9663978494623656 0.8221757322175732 0.9610215053763441 0.8211297071129707 0.9193548387096774 0.6924686192468619 0.9233870967741935 0.6935146443514645 0.967741935483871
0 0.891213389121339 0.9690860215053764 0.946652719665272 0.9650537634408602 0.9518828451882845 0.928763440860215 0.8315899581589958 0.9274193548387096 0.8263598326359832 0.9368279569892473 0.8253138075313807 0.9704301075268817
0 0.6882845188284519 0.9690860215053764 0.6872384937238494 0.9247311827956989 0.5585774058577406 0.928763440860215 0.5617154811715481 0.9704301075268817
0 0.5523012552301255 0.9233870967741935 0.549163179916318 0.8790322580645161 0.4205020920502092 0.8830645161290323 0.4236401673640167 0.9247311827956989
0 0.897489539748954 0.9233870967741935 0.950836820083682 0.9220430107526881 0.9539748953974896 0.875 0.8263598326359832 0.8776881720430108 0.8274058577405857 0.9220430107526881
0 0.7552301255230126 0.918010752688172 0.8211297071129707 0.9166666666666666 0.8242677824267782 0.8696236559139785 0.694560669456067 0.8696236559139785 0.6956066945606695 0.9193548387096774
0 0.9267782426778243 0.8723118279569892 0.9602510460251046 0.8669354838709677 0.9612970711297071 0.8252688172043011 0.8326359832635983 0.8293010752688172 0.8336820083682008 0.8736559139784946
0 0.8117154811715481 0.864247311827957 0.8284518828451883 0.8615591397849462 0.8294979079497908 0.8172043010752689 0.698744769874477 0.821236559139785 0.7018828451882845 0.8655913978494624
0 0.6861924686192469 0.8723118279569892 0.6924686192468619 0.8615591397849462 0.6872384937238494 0.8225806451612904 0.5658995815899581 0.8225806451612904 0.5585774058577406 0.8346774193548387 0.5617154811715481 0.8709677419354839
0 0.5502092050209205 0.8776881720430108 0.553347280334728 0.8306451612903226 0.4225941422594142 0.8266129032258065 0.42782426778242677 0.8736559139784946
0 0.5543933054393305 0.8266129032258065 0.5564853556485355 0.7836021505376344 0.547071129707113 0.7741935483870968 0.4236401673640167 0.7741935483870968 0.4205020920502092 0.7836021505376344 0.42573221757322177 0.8225806451612904
0 0.6882845188284519 0.821236559139785 0.6872384937238494 0.771505376344086 0.5585774058577406 0.7755376344086021 0.5617154811715481 0.8225806451612904
0 0.8075313807531381 0.8158602150537635 0.8263598326359832 0.8131720430107527 0.8253138075313807 0.7688172043010753 0.694560669456067 0.7728494623655914 0.6956066945606695 0.8172043010752689
0 0.9225941422594143 0.8239247311827957 0.9612970711297071 0.8225806451612904 0.9665271966527197 0.7755376344086021 0.8326359832635983 0.7782258064516129 0.8357740585774058 0.8252688172043011
0 0.21211297071129706 0.07690860215053763 0.14527196652719665 0.06422043010752689
0 0.35506276150627614 0.07169354838709678 0.1406276150627615 0.05674731182795699
0 0.5027196652719665 0.06841397849462365 0.1360460251046025 0.05731182795698925
0 0.6485355648535565 0.07169354838709678 0.14412133891213388 0.0656989247311828
0 0.06972803347280335 0.0821505376344086 0.1394560669456067 0.059731182795698924