0 0.7547169811320755 0.06924460431654676 0.7564322469982847 0.024280575539568347 0.7144082332761578 0.007194244604316547 0.6835334476843911 0 0.5077186963979416 0.0044964028776978415 0.5060034305317325 0.04226618705035971 0.5137221269296741 0.052158273381294966
0 0.9914236706689536 0.08723021582733813 0.9965694682675815 0.045863309352517985 0.9905660377358491 0.039568345323741004 0.8036020583190394 0.0017985611510791368 0.7186963979416809 0.0044964028776978415 0.758147512864494 0.02068345323741007 0.7607204116638079 0.0683453237410072
0 0.9948542024013722 0.1447841726618705 1 0.09982014388489209 0.9888507718696398 0.08992805755395683 0.7830188679245284 0.0737410071942446 0.7598627787307033 0.07823741007194245 0.7607204116638079 0.12410071942446044 0.8619210977701544 0.12769784172661872
0 0.7547169811320755 0.1196043165467626 0.7555746140651801 0.07194244604316546 0.5188679245283019 0.0539568345323741 0.5111492281303602 0.05845323741007194 0.5102915951972555 0.10431654676258993
0 0.7478559176672385 0.16636690647482014 0.7547169811320755 0.15737410071942445 0.7538593481989708 0.11510791366906475 0.6715265866209262 0.11690647482014388 0.5222984562607204 0.10431654676258993 0.5102915951972555 0.10431654676258993 0.5042881646655232 0.11241007194244604 0.5025728987993139 0.14838129496402877 0.5137221269296741 0.1564748201438849
0 0.9897084048027445 0.18794964028776978 0.9965694682675815 0.16636690647482014 0.9922813036020584 0.14388489208633093 0.8516295025728988 0.12769784172661872 0.758147512864494 0.12679856115107913 0.7590051457975986 0.17446043165467626
0 0.9862778730703259 0.2383093525179856 0.9888507718696398 0.1906474820143885 0.7830188679245284 0.17985611510791366 0.7555746140651801 0.17985611510791366 0.7495711835334476 0.18794964028776978 0.7504288164665524 0.22841726618705036
0 0.7427101200686106 0.2221223021582734 0.7478559176672385 0.17715827338129497 0.7384219554030875 0.17086330935251798 0.5068610634648371 0.15467625899280577 0.4974271012006861 0.1591726618705036 0.5 0.20503597122302158
0 0.48198970840480276 0.30305755395683454 0.48713550600343053 0.2580935251798561 0.4811320754716981 0.25539568345323743 0.25300171526586623 0.23381294964028776 0.23842195540308747 0.24010791366906475 0.2367066895368782 0.27248201438848924 0.24614065180102915 0.2841726618705036
0 0.7307032590051458 0.3210431654676259 0.7358490566037735 0.2778776978417266 0.7298456260720412 0.2733812949640288 0.5068610634648371 0.25719424460431656 0.49485420240137223 0.25719424460431656 0.4888507718696398 0.26888489208633093 0.4897084048027444 0.3039568345323741 0.6355060034305318 0.32014388489208634
0 0.9742710120068611 0.3408273381294964 0.9811320754716981 0.2994604316546763 0.9716981132075472 0.289568345323741 0.7409948542024014 0.27967625899280574 0.7401372212692967 0.32194244604316546
0 0.9639794168096055 0.3839928057553957 0.9699828473413379 0.34172661870503596 0.7341337907375644 0.32643884892086333 0.7307032590051458 0.36780575539568344 0.7367066895368782 0.37410071942446044
0 0.7221269296740995 0.36780575539568344 0.7307032590051458 0.3534172661870504 0.7324185248713551 0.32643884892086333 0.7264150943396226 0.32194244604316546 0.4888507718696398 0.30845323741007197 0.4854202401372213 0.3462230215827338 0.4914236706689537 0.35071942446043164 0.5360205831903945 0.35611510791366907 0.5840480274442539 0.35251798561151076 0.6406518010291595 0.36510791366906475
0 0.48027444253859347 0.3516187050359712 0.48284734133790735 0.3039568345323741 0.24528301886792453 0.2886690647482014 0.2478559176672384 0.3327338129496403
0 0.23499142367066894 0.4397482014388489 0.2367066895368782 0.4001798561151079 0.2307032590051458 0.39748201438848924 0.012864493996569469 0.37050359712230213 0.005145797598627788 0.38039568345323743 0.005145797598627788 0.4181654676258993 0.012864493996569469 0.4244604316546763
0 0.2144082332761578 0.48830935251798563 0.2195540308747856 0.4613309352517986 0.21526586620926244 0.44064748201438847 0 0.42176258992805754 0 0.4685251798561151 0.009433962264150943 0.47302158273381295
0 0.22641509433962265 0.533273381294964 0.2281303602058319 0.49550359712230213 0.21526586620926244 0.4892086330935252 0.02144082332761578 0.4748201438848921 0.0017152658662092624 0.47931654676258995 0.004288164665523156 0.5197841726618705
0 0.22641509433962265 0.5782374100719424 0.22384219554030874 0.5341726618705036 0 0.5224820143884892 0 0.560251798561151 0.006003430531732418 0.564748201438849
0 0.23156089193825044 0.625 0.2332761578044597 0.5872302158273381 0.225557461406518 0.5809352517985612 0.00686106346483705 0.5674460431654677 0.00686106346483705 0.5980215827338129 0.012864493996569469 0.6079136690647482
0 0.2367066895368782 0.6717625899280576 0.24013722126929674 0.6339928057553957 0.2307032590051458 0.6276978417266187 0.0137221269296741 0.612410071942446 0.0137221269296741 0.6447841726618705 0.026586620926243566 0.6564748201438849
0 0.2367066895368782 0.7239208633093526 0.24013722126929674 0.6789568345323741 0.23241852487135506 0.6744604316546763 0.03344768439108062 0.658273381294964 0.017152658662092625 0.664568345323741 0.015437392795883362 0.6951438848920863 0.023156089193825044 0.7068345323741008
0 0.22984562607204118 0.7688848920863309 0.22898799313893653 0.7266187050359713 0.024871355060034305 0.7068345323741008 0.016295025728987993 0.697841726618705 0.008576329331046312 0.7113309352517986 0.012006861063464836 0.7437050359712231 0.02144082332761578 0.75
0 0.23156089193825044 0.8066546762589928 0.22898799313893653 0.7697841726618705 0.024871355060034305 0.75 0.014579759862778732 0.75 0.012006861063464836 0.7580935251798561 0.0137221269296741 0.783273381294964 0.024871355060034305 0.7913669064748201
0 0.22641509433962265 0.8462230215827338 0.22984562607204118 0.8156474820143885 0.22041166380789023 0.8075539568345323 0.015437392795883362 0.7922661870503597 0.01972555746140652 0.829136690647482
0 0.23156089193825044 0.8839928057553957 0.2307032590051458 0.8471223021582733 0.02058319039451115 0.8318345323741008 0.018867924528301886 0.8588129496402878 0.024871355060034305 0.8669064748201439
0 0.23910198172886835 0.9252766566972144 0.2391019817288682 0.9243885827765441 0.2358490566037736 0.8866906474820144 0.022298456260720412 0.8714028776978417 0.025728987993138937 0.9001798561151079 0.03430531732418525 0.9073741007194245 0.05285743944481072 0.9086233471615401 0.06386348586671725 0.9075149072610192
0 0.24356775300171526 0.9649280575539568 0.2469982847341338 0.9343525179856115 0.24099485420240138 0.9262589928057554 0.032590051457975985 0.9091726618705036 0.03430531732418525 0.939748201438849 0.04030874785591767 0.9460431654676259
0 0.4648370497427101 0.97931654676259 0.46397941680960547 0.9442446043165468 0.24871355060034306 0.9361510791366906 0.24871355060034306 0.9703237410071942 0.25471698113207547 0.9730215827338129
0 0.4631217838765009 0.9415467625899281 0.46054888507718694 0.9046762589928058 0.24528301886792453 0.8929856115107914 0.24528301886792453 0.9253597122302158 0.25471698113207547 0.9316546762589928
0 0.4648370497427101 0.9037769784172662 0.46054888507718694 0.8687050359712231 0.241852487135506 0.8516187050359713 0.2444253859348199 0.8884892086330936
0 0.4614065180102916 0.8678057553956835 0.46054888507718694 0.829136690647482 0.24099485420240138 0.8111510791366906 0.2367066895368782 0.8174460431654677 0.2367066895368782 0.8444244604316546 0.24271012006861065 0.8489208633093526
0 0.4614065180102916 0.8282374100719424 0.46397941680960547 0.7859712230215827 0.44339622641509435 0.789568345323741 0.24013722126929674 0.7724820143884892 0.24099485420240138 0.8129496402877698
0 0.4562607204116638 0.7886690647482014 0.4631217838765009 0.7796762589928058 0.46054888507718694 0.7464028776978417 0.24271012006861065 0.7284172661870504 0.2332761578044597 0.7329136690647482 0.23156089193825044 0.7598920863309353 0.23927958833619212 0.7697841726618705
0 0.4716981132075472 0.7437050359712231 0.47084048027444253 0.6942446043165468 0.24356775300171526 0.6825539568345323 0.241852487135506 0.7257194244604317 0.2478559176672384 0.7302158273381295
0 0.4699828473413379 0.6915467625899281 0.4751286449399657 0.6843525179856115 0.4725557461406518 0.6492805755395683 0.241852487135506 0.6357913669064749 0.2444253859348199 0.6762589928057554
0 0.47684391080617494 0.6483812949640287 0.47598627787307035 0.5989208633093526 0.4468267581475129 0.6061151079136691 0.2564322469982847 0.5881294964028777 0.24013722126929674 0.5926258992805755 0.24271012006861065 0.6330935251798561
0 0.45969125214408235 0.6052158273381295 0.4665523156089194 0.5980215827338129 0.46569468267581476 0.5611510791366906 0.22984562607204118 0.5422661870503597 0.23413379073756432 0.5827338129496403
0 0.46826758147512865 0.5584532374100719 0.4691252144082333 0.5107913669064749 0.41938250428816465 0.512589928057554 0.2332761578044597 0.49550359712230213 0.23241852487135506 0.539568345323741 0.3730703259005146 0.5557553956834532
0 0.45797598627787306 0.5116906474820144 0.4648370497427101 0.47032374100719426 0.4571183533447684 0.46402877697841727 0.22126929674099485 0.44514388489208634 0.2195540308747856 0.48830935251798563 0.22898799313893653 0.49280575539568344
0 0.48198970840480276 0.4613309352517986 0.4811320754716981 0.4172661870503597 0.23842195540308747 0.4037769784172662 0.23927958833619212 0.4442446043165468 0.3850771869639794 0.460431654676259
0 0.9725557461406518 0.44694244604316546 0.9777015437392796 0.4073741007194245 0.9562607204116638 0.38669064748201437 0.8430531732418525 0.38848920863309355 0.7452830188679245 0.37949640287769787 0.7341337907375644 0.3839928057553957 0.7324185248713551 0.42356115107913667 0.7384219554030875 0.4370503597122302
0 0.9588336192109777 0.4919064748201439 0.9691252144082333 0.46672661870503596 0.9648370497427101 0.447841726618705 0.7384219554030875 0.4370503597122302 0.7324185248713551 0.44154676258992803 0.7307032590051458 0.48111510791366907 0.7367066895368782 0.4856115107913669
0 0.9536878216123499 0.5350719424460432 0.9596912521440824 0.49280575539568344 0.7332761578044596 0.48381294964028776 0.725557461406518 0.48830935251798563 0.7264150943396226 0.5305755395683454
0 0.9485420240137221 0.5818345323741008 0.9554030874785592 0.5638489208633094 0.9528301886792453 0.5359712230215827 0.7221269296740995 0.533273381294964 0.7212692967409948 0.5737410071942446
0 0.9433962264150944 0.6267985611510791 0.9493996569468267 0.5827338129496403 0.7238421955403087 0.5800359712230215 0.7246998284734134 0.6223021582733813
0 0.9108061749571184 0.6663669064748201 0.9416809605488851 0.6627697841726619 0.9408233276157805 0.6276978417266187 0.7229845626072041 0.6223021582733813 0.7186963979416809 0.6321942446043165 0.7169811320754716 0.6591726618705036 0.7281303602058319 0.6636690647482014
0 0.9193825042881647 0.7095323741007195 0.9271012006861064 0.7086330935251799 0.9331046312178388 0.6969424460431655 0.9305317324185248 0.6672661870503597 0.7169811320754716 0.664568345323741 0.7161234991423671 0.7050359712230215
0 0.9176672384219554 0.7688848920863309 0.9322469982847341 0.7679856115107914 0.9382504288164666 0.7580935251798561 0.9399656946826758 0.7257194244604317 0.9275630030347013 0.722191477587161 0.7152658662092625 0.7113309352517986 0.7118353344768439 0.7544964028776978 0.7195540308747856 0.7607913669064749
0 0.9313893653516295 0.8084532374100719 0.9399656946826758 0.7742805755395683 0.9356775300171527 0.7661870503597122 0.8516295025728988 0.7697841726618705 0.7212692967409948 0.762589928057554 0.7152658662092625 0.7922661870503597 0.7195540308747856 0.802158273381295 0.7469982847341338 0.8057553956834532
0 0.9159519725557461 0.8480215827338129 0.9245283018867925 0.835431654676259 0.9236706689536878 0.8093525179856115 0.7075471698113207 0.802158273381295 0.7015437392795884 0.810251798561151 0.7058319039451115 0.8471223021582733
0 0.9090909090909091 0.887589928057554 0.9176672384219554 0.8821942446043165 0.91852487135506 0.8471223021582733 0.7041166380789022 0.8471223021582733 0.7015437392795884 0.8534172661870504 0.6998284734133791 0.8785971223021583 0.7058319039451115 0.8866906474820144
0 0.9142367066895368 0.9235611510791367 0.9168096054888508 0.8866906474820144 0.7015437392795884 0.8893884892086331 0.6998284734133791 0.9199640287769785 0.7058319039451115 0.9244604316546763
0 0.7461406518010292 0.9613309352517986 0.8310463121783876 0.9550359712230215 0.9013722126929674 0.960431654676259 0.9108061749571184 0.9487410071942446 0.9142367066895368 0.9253597122302158 0.6981132075471698 0.9253597122302158 0.6989708404802745 0.960431654676259
0 0.8782161234991424 1 0.8936535162950258 0.9919064748201439 0.8962264150943396 0.9622302158273381 0.6903945111492281 0.960431654676259 0.6861063464837049 0.966726618705036 0.6843910806174958 0.9955035971223022 0.6921097770154374 1
0 0.6758147512864494 0.9937050359712231 0.6843910806174958 0.9829136690647482 0.6835334476843911 0.9586330935251799 0.4725557461406518 0.947841726618705 0.4665523156089194 0.9523381294964028 0.4691252144082333 0.987410071942446
0 0.6861063464837049 0.9577338129496403 0.6912521440823327 0.9379496402877698 0.6869639794168096 0.9172661870503597 0.46826758147512865 0.9127697841726619 0.47084048027444253 0.947841726618705
0 0.6878216123499142 0.9163669064748201 0.6903945111492281 0.8776978417266187 0.4691252144082333 0.8741007194244604 0.4665523156089194 0.8839928057553957 0.47084048027444253 0.9118705035971223
0 0.6912521440823327 0.8767985611510791 0.6938250428816467 0.8399280575539568 0.46826758147512865 0.8372302158273381 0.46826758147512865 0.8696043165467626 0.47598627787307035 0.8741007194244604
0 0.692967409948542 0.8390287769784173 0.6938250428816467 0.8003597122302158 0.49485420240137223 0.7949640287769785 0.47598627787307035 0.7787769784172662 0.46826758147512865 0.7868705035971223 0.47084048027444253 0.8345323741007195
0 0.7118353344768439 0.7976618705035972 0.7169811320754716 0.7652877697841727 0.7109777015437393 0.7589928057553957 0.48456260720411665 0.7535971223021583 0.48198970840480276 0.7616906474820144 0.483704974271012 0.7886690647482014 0.4897084048027444 0.7931654676258992
0 0.7049742710120068 0.7580935251798561 0.7135506003430532 0.7239208633093526 0.7024013722126929 0.7068345323741008 0.48198970840480276 0.7005395683453237 0.48456260720411665 0.7517985611510791
0 0.7101200686106347 0.7023381294964028 0.7152658662092625 0.6879496402877698 0.7109777015437393 0.6618705035971223 0.48456260720411665 0.6510791366906474 0.47684391080617494 0.6573741007194245 0.4794168096054888 0.6942446043165468
0 0.7084048027444254 0.6609712230215827 0.7152658662092625 0.6537769784172662 0.7144082332761578 0.6187050359712231 0.49313893653516294 0.6061151079136691 0.48198970840480276 0.612410071942446 0.48456260720411665 0.6510791366906474
0 0.7152658662092625 0.6196043165467626 0.7221269296740995 0.5800359712230215 0.7144082332761578 0.5737410071942446 0.4914236706689537 0.5629496402877698 0.4854202401372213 0.5764388489208633 0.4862778730703259 0.6061151079136691
0 0.7169811320754716 0.572841726618705 0.7204116638078902 0.5314748201438849 0.7144082332761578 0.5269784172661871 0.4897084048027444 0.512589928057554 0.47684391080617494 0.5224820143884892 0.47684391080617494 0.5548561151079137 0.48284734133790735 0.5629496402877698
0 0.7118353344768439 0.5260791366906474 0.7204116638078902 0.5116906474820144 0.7178387650085764 0.4802158273381295 0.47684391080617494 0.46672661870503596 0.4734133790737564 0.5044964028776978 0.48456260720411665 0.5107913669064749
0 0.725557461406518 0.47931654676258995 0.7246998284734134 0.4352517985611511 0.48713550600343053 0.42176258992805754 0.483704974271012 0.4613309352517986 0.49313893653516294 0.4658273381294964
0 0.4902801600914808 0.36720623501199046 0.7275586049170956 0.38968824940047964 0.7246998284734132 0.4316546762589928 0.4874213836477986 0.4151678657074341
0 0.004288164665523156 0.31774580335731417 0.23727844482561466 0.349220623501199 0.23299028016009155 0.39568345323740994 0.011435105774728425 0.3702038369304555
0 0.24871355060034295 0.3537170263788969 0.4817038307604346 0.3717026378896882 0.4817038307604346 0.41067146282973616 0.23727844482561466 0.3986810551558753
0 0.2480538329594933 0.18677365799667955 0.49214936007388815 0.20337576092971774 0.490829924792189 0.25041505257332597 0.24277609183269563 0.22966242390702826
0 0.4974271012006861 0.2061427780852241 0.7428420635967805 0.2241283895960155 0.7428420635967805 0.2767017155506364 0.4934687953555878 0.25456557830658544
0 0.7454809341601794 0.22689540675152184 0.9869375907111756 0.23934698395130052 0.9829792848660773 0.2905368013281682 0.7415226283150812 0.27393469839513