0 0.28378378378378377 0.4659090909090909 0.28957528957528955 0.4583333333333333 0.28957528957528955 0.35984848484848486 0.28667953667953666 0.3484848484848485 0.1611969111969112 0.3409090909090909 0.1583011583011583 0.3522727272727273 0.1583011583011583 0.4356060606060606 0.166988416988417 0.4696969696969697
0 0.44787644787644787 0.4356060606060606 0.5685328185328186 0.42424242424242425 0.5714285714285714 0.39015151515151514 0.5714285714285714 0.32196969696969696 0.5685328185328186 0.30303030303030304 0.4391891891891892 0.3106060606060606 0.4362934362934363 0.32196969696969696 0.4362934362934363 0.42045454545454547 0.4411196911196911 0.4393939393939394
0 0.8589946728991475 0.9405976251823845 0.86003861003861 0.8257575757575758 0.7277992277992278 0.8295454545454546 0.728902393308135 0.9364951056312529
0 0.8204633204633205 0.8295454545454546 0.861969111969112 0.8257575757575758 0.861003861003861 0.678030303030303 0.7258687258687259 0.6856060606060606 0.7306949806949807 0.8257575757575758
0 0.7644787644787645 0.6628787878787878 0.8542471042471043 0.6590909090909091 0.8548150254381044 0.536508604360416 0.7239382239382239 0.5416666666666666 0.7268339768339769 0.6666666666666666
0 0.7644787644787645 0.5340909090909091 0.8581081081081081 0.5303030303030303 0.859073359073359 0.4053030303030303 0.7239382239382239 0.3977272727272727 0.7268339768339769 0.5303030303030303
0 0.6698841698841699 0.5416666666666666 0.7133204633204633 0.5378787878787878 0.7162162162162162 0.42045454545454547 0.5868725868725869 0.42803030303030304 0.5897683397683398 0.5454545454545454
0 0.638996138996139 0.6704545454545454 0.7171814671814671 0.6666666666666666 0.7200772200772201 0.5340909090909091 0.5868725868725869 0.5492424242424242 0.5916988416988417 0.6742424242424242
0 0.6563706563706564 0.7916666666666666 0.721042471042471 0.7803030303030303 0.7239382239382239 0.678030303030303 0.5907335907335908 0.6856060606060606 0.5936293436293436 0.7954545454545454
0 0.6505791505791506 0.9128787878787878 0.721042471042471 0.9090909090909091 0.7239382239382239 0.7840909090909091 0.5926640926640927 0.8068181818181818 0.5936293436293436 0.9166666666666666
0 0.5 0.9356060606060606 0.5897683397683398 0.9242424242424242 0.5907335907335908 0.8068181818181818 0.4594594594594595 0.8143939393939394 0.4623552123552124 0.9393939393939394
0 0.5212355212355212 0.8068181818181818 0.5878378378378378 0.803030303030303 0.5907335907335908 0.6931818181818182 0.4575289575289575 0.6931818181818182 0.4584942084942085 0.803030303030303
0 0.5154440154440154 0.6856060606060606 0.582046332046332 0.6818181818181818 0.584942084942085 0.571969696969697 0.4498069498069498 0.571969696969697 0.4527027027027027 0.6893939393939394
0 0.5714285714285714 0.5568181818181818 0.5839980747839401 0.556996054880061 0.583976833976834 0.42424242424242425 0.4498069498069498 0.4431818181818182 0.45077104963203185 0.5631496777116389
0 0.43822393822393824 0.5946969696969697 0.4391891891891892 0.44696969696969696 0.3310810810810811 0.45454545454545453 0.305019305019305 0.4810606060606061 0.30984555984555984 0.5984848484848485
0 0.3552123552123552 0.7234848484848485 0.44305019305019305 0.7196969696969697 0.444015444015444 0.6098484848484849 0.3108108108108108 0.6022727272727273 0.3137065637065637 0.7272727272727273
0 0.43822393822393824 0.8371212121212122 0.44787644787644787 0.8143939393939394 0.4469111969111969 0.7196969696969697 0.3127413127413127 0.7462121212121212 0.3194980694980695 0.8409090909090909
0 0.4189189189189189 0.9810606060606061 0.4498069498069498 0.9734848484848485 0.4469111969111969 0.8484848484848485 0.3166023166023166 0.8522727272727273 0.3233590733590734 0.9848484848484849
0 0.277992277992278 0.9659090909090909 0.31177606177606176 0.9621212121212122 0.3108108108108108 0.8522727272727273 0.17953667953667954 0.8522727272727273 0.18243243243243243 0.9621212121212122
0 0.29343629343629346 0.8446969696969697 0.30694980694980695 0.8371212121212122 0.305984555984556 0.7196969696969697 0.1805019305019305 0.7121212121212122 0.17567567567567569 0.7386363636363636 0.18243243243243243 0.8484848484848485
0 0.2857142857142857 0.7159090909090909 0.3088803088803089 0.7083333333333334 0.30405405405405406 0.5909090909090909 0.1776061776061776 0.6022727272727273 0.1805019305019305 0.7121212121212122
0 0.21428571428571427 0.5946969696969697 0.30212355212355213 0.5909090909090909 0.3030888030888031 0.4659090909090909 0.17374517374517376 0.4810606060606061 0.17857142857142858 0.5984848484848485
0 0.06828185328185328 0.29037878787878785 0.12656370656370658 0.11507575757575757
0 0.07222007722007721 0.4166666666666667 0.12584942084942086 0.13749999999999998
0 0.09472972972972973 0.5513636363636364 0.1251158301158301 0.1262878787878788
0 0.09652509652509653 0.673409090909091 0.132992277992278 0.1121969696969697
0 0.11117760617760618 0.8081060606060606 0.12656370656370658 0.1121969696969697
0 0.1144015444015444 0.9329545454545455 0.1272779922779923 0.10939393939393939
0 0.2202123552123552 0.2721969696969697 0.13156370656370658 0.1290909090909091
0 0.3567760617760618 0.2525 0.12870656370656372 0.11787878787878789
0 0.36 0.3759848484848485 0.127992277992278 0.11787878787878789
0 0.5026447876447877 0.23992424242424243 0.13442084942084942 0.1262878787878788
0 0.6492277992277993 0.21325757575757576 0.1272779922779923 0.12348484848484849
0 0.6517181467181467 0.3409090909090909 0.13084942084942086 0.11507575757575757
0 0.7972200772200772 0.21045454545454545 0.1244015444015444 0.1290909090909091
0 0.7925868725868725 0.34234848484848485 0.13227799227799228 0.1065909090909091
0 0.9377220077220078 0.03787878787878788 0.12368725868725867 0.07575757575757576
0 0.9362934362934363 0.13325757575757577 0.1251158301158301 0.10939393939393939
0 0.9312934362934363 0.2721969696969697 0.13084942084942086 0.1290909090909091
0 0.9298648648648649 0.3886363636363636 0.12656370656370658 0.10939393939393939
0 0.9368725868725869 0.5373484848484849 0.12627413127413126 0.13749999999999998
0 0.9344980694980695 0.6706060606060605 0.1272779922779923 0.11787878787878789
0 0.933996138996139 0.8025000000000001 0.13198841698841698 0.1290909090909091
0 0.9354440154440155 0.9446969696969697 0.12913127413127412 0.11053030303030303