0 0.19224283305227655 0.049440298507462684 0.19898819561551434 0.04011194029850746 0.19645868465430016 0 0.11804384485666104 0.0009328358208955224 0.11467116357504216 0.03824626865671642 0.1239460370994941 0.048507462686567165
0 0.2748735244519393 0.05503731343283582 0.28330522765598654 0.03824626865671642 0.2824620573355818 0 0.20236087689713322 0.0065298507462686565 0.20320404721753793 0.054104477611940295
0 0.3676222596964587 0.05317164179104478 0.37436762225969644 0.0457089552238806 0.37352445193929174 0.0018656716417910447 0.2866779089376054 0.0046641791044776115 0.28583473861720066 0.05037313432835821
0 0.45868465430016864 0.05317164179104478 0.45952782462057334 0.0037313432835820895 0.3794266441821248 0.002798507462686567 0.3802698145025295 0.05037313432835821
0 0.5463743676222597 0.06436567164179105 0.5500064859255416 0.021526980482204378 0.47736411985990385 0.008610792192881741 0.463743676222597 0.0065298507462686565 0.4662731871838111 0.05970149253731343
0 0.6357504215851602 0.08115671641791045 0.6408094435075885 0.051305970149253734 0.636593591905565 0.033582089552238806 0.554806070826307 0.028917910447761194 0.5573355817875211 0.07462686567164178
0 0.7200674536256324 0.09048507462686567 0.7268128161888702 0.07555970149253731 0.7242833052276559 0.04291044776119403 0.642495784148398 0.03824626865671642 0.6416526138279932 0.08208955223880597
0 0.8094435075885329 0.08675373134328358 0.8145025295109612 0.0830223880597015 0.8102866779089376 0.03917910447761194 0.730185497470489 0.03824626865671642 0.7310286677908938 0.08395522388059702
0 0.9089376053962901 0.09981343283582089 0.9156829679595279 0.07182835820895522 0.9114671163575042 0.05223880597014925 0.8507588532883642 0.03731343283582089 0.8276040991049421 0.034443168771526964 0.8170320404721754 0.08208955223880597
0 0.984822934232715 0.11473880597014925 0.9966273187183811 0.10354477611940298 0.9940978077571669 0.06716417910447761 0.9173693086003373 0.05503731343283582 0.9148397976391232 0.10261194029850747
0 0.9831365935919055 0.16324626865671643 0.9839797639123102 0.11753731343283583 0.9038785834738617 0.11100746268656717 0.9047217537942664 0.15485074626865672
0 0.8988195615514334 0.1501865671641791 0.8962900505902193 0.1044776119402985 0.8128161888701517 0.09981343283582089 0.815345699831366 0.14738805970149255
0 0.8043844856661045 0.14272388059701493 0.8102866779089376 0.09514925373134328 0.7268128161888702 0.08675373134328358 0.7242833052276559 0.13246268656716417
0 0.7166947723440135 0.13899253731343283 0.7192242833052277 0.0914179104477612 0.6374367622259697 0.08675373134328358 0.636593591905565 0.13246268656716417
0 0.6306913996627319 0.13152985074626866 0.633220910623946 0.08395522388059702 0.551433389544688 0.07555970149253731 0.5489038785834739 0.12313432835820895
0 0.5396290050590219 0.11847014925373134 0.5472175379426644 0.07276119402985075 0.46037099494097805 0.06623134328358209 0.4629005059021922 0.11380597014925373
0 0.45193929173693087 0.10727611940298508 0.45446880269814505 0.05970149253731343 0.37099494097807756 0.05690298507462686 0.37015177065767285 0.10261194029850747
0 0.3625632377740304 0.10541044776119403 0.36677908937605397 0.055970149253731345 0.28330522765598654 0.05690298507462686 0.28414839797639124 0.10074626865671642
0 0.2765598650927487 0.10541044776119403 0.2790893760539629 0.05783582089552239 0.19898819561551434 0.05503731343283582 0.1981450252951096 0.10261194029850747
0 0.19392917369308602 0.10354477611940298 0.19477234401349072 0.054104477611940295 0.13237774030354132 0.05223880597014925 0.11804384485666104 0.058768656716417914 0.1205733558178752 0.10074626865671642
0 0.1905564924114671 0.15578358208955223 0.19561551433389546 0.14832089552238806 0.19477234401349072 0.10820895522388059 0.14418212478920742 0.10074626865671642 0.11804384485666104 0.10541044776119403 0.1205733558178752 0.1455223880597015
0 0.2765598650927487 0.15578358208955223 0.2774030354131535 0.10820895522388059 0.1973018549747049 0.10727611940298508 0.1981450252951096 0.15111940298507462
0 0.3608768971332209 0.15764925373134328 0.36593591905564926 0.15391791044776118 0.36677908937605397 0.11007462686567164 0.32293423271500843 0.1044776119402985 0.28499156829679595 0.10914179104477612 0.28583473861720066 0.15298507462686567
0 0.4502529510961214 0.17257462686567165 0.4527824620573356 0.125 0.37099494097807756 0.1166044776119403 0.3718381112984823 0.16417910447761194
0 0.5413153456998314 0.17257462686567165 0.5421585160202361 0.125 0.46037099494097805 0.12033582089552239 0.45952782462057334 0.166044776119403
0 0.627318718381113 0.18190298507462688 0.6323777403035413 0.146455223880597 0.6281618887015177 0.13432835820895522 0.5463743676222597 0.13152985074626866 0.5489038785834739 0.17537313432835822
0 0.7116357504215851 0.18936567164179105 0.7175379426644182 0.14365671641791045 0.6340640809443507 0.13712686567164178 0.633220910623946 0.1828358208955224
0 0.8026981450252951 0.1912313432835821 0.8052276559865092 0.1455223880597015 0.7580101180438449 0.13619402985074627 0.7217537942664418 0.13899253731343283 0.7192242833052277 0.1828358208955224
0 0.8954468802698144 0.19869402985074627 0.8962900505902193 0.15298507462686567 0.8128161888701517 0.14832089552238806 0.811973018549747 0.19402985074626866
0 0.9797639123102867 0.21361940298507462 0.9822934232715008 0.166044776119403 0.9021922428330523 0.15764925373134328 0.903035413153457 0.20335820895522388
0 0.9747048903878583 0.26026119402985076 0.978920741989882 0.21641791044776118 0.897133220910624 0.2080223880597015 0.8946037099494097 0.251865671641791
0 0.8903878583473862 0.2490671641791045 0.8929173693086003 0.20335820895522388 0.8111298482293423 0.19682835820895522 0.8086003372681282 0.24253731343283583
0 0.8010118043844857 0.24720149253731344 0.8035413153456998 0.19962686567164178 0.7217537942664418 0.19309701492537312 0.7209106239460371 0.23880597014925373
0 0.715008431703204 0.23973880597014927 0.7158516020236088 0.1921641791044776 0.6323777403035413 0.18563432835820895 0.633220910623946 0.23134328358208955
0 0.6256323777403036 0.23041044776119404 0.6281618887015177 0.18470149253731344 0.5446880269814502 0.18003731343283583 0.5438448566610455 0.22388059701492538
0 0.5362563237774031 0.22294776119402984 0.5387858347386172 0.17723880597014927 0.45868465430016864 0.16884328358208955 0.45446880269814505 0.21455223880597016
0 0.4451939291736931 0.22108208955223882 0.4477234401349072 0.17537313432835822 0.36593591905564926 0.16884328358208955 0.36677908937605397 0.2126865671641791
0 0.357504215851602 0.20988805970149255 0.35834738617200673 0.16417910447761194 0.29932546374367625 0.15671641791044777 0.2765598650927487 0.16138059701492538 0.2774030354131535 0.20335820895522388
0 0.2748735244519393 0.2042910447761194 0.2740303541315346 0.15858208955223882 0.20826306913996628 0.15298507462686567 0.19392917369308602 0.15764925373134328 0.19477234401349072 0.19962686567164178
0 0.1905564924114671 0.20242537313432835 0.1897133220910624 0.15671641791044777 0.1163575042158516 0.1501865671641791 0.11382799325463744 0.1958955223880597
0 0.09949409780775717 0.2416044776119403 0.10623946037099494 0.228544776119403 0.10708263069139966 0.1921641791044776 0.025295109612141653 0.1912313432835821 0.021922428330522766 0.23041044776119404 0.02782462057335582 0.23694029850746268
0 0.1821247892074199 0.25466417910447764 0.18887015177065766 0.23600746268656717 0.18634064080944351 0.20522388059701493 0.11888701517706576 0.19776119402985073 0.10792580101180438 0.20242537313432835 0.1087689713322091 0.2462686567164179
0 0.26981450252951095 0.25652985074626866 0.2715008431703204 0.21921641791044777 0.26559865092748736 0.21082089552238806 0.19224283305227655 0.20615671641791045 0.19477234401349072 0.2537313432835821
0 0.35581787521079256 0.26026119402985076 0.3600337268128162 0.2126865671641791 0.2782462057335582 0.2080223880597015 0.2790893760539629 0.2537313432835821
0 0.44013490725126475 0.269589552238806 0.4451939291736931 0.26399253731343286 0.4451939291736931 0.23041044776119404 0.43929173693086004 0.22388059701492538 0.3642495784148398 0.21921641791044777 0.3617200674536256 0.2630597014925373
0 0.5328836424957841 0.2733208955223881 0.5370994940978078 0.22574626865671643 0.4612141652613828 0.21641791044776118 0.4536256323777403 0.22108208955223882 0.45193929173693087 0.2583955223880597 0.45952782462057334 0.26492537313432835
0 0.6222596964586846 0.28451492537313433 0.6231028667790893 0.23694029850746268 0.5396290050590219 0.23414179104477612 0.5421585160202361 0.28171641791044777
0 0.7099494097807757 0.28638059701492535 0.715008431703204 0.25466417910447764 0.7107925801011804 0.24067164179104478 0.6306913996627319 0.23414179104477612 0.6264755480607083 0.27798507462686567
0 0.7959527824620574 0.2957089552238806 0.8001686340640809 0.25 0.7166947723440135 0.24347014925373134 0.7158516020236088 0.2873134328358209
0 0.8785834738617201 0.2994402985074627 0.8827993254637436 0.2537313432835821 0.8102866779089376 0.24440298507462688 0.8026981450252951 0.2490671641791045 0.8001686340640809 0.291044776119403
0 0.9595278246205734 0.310634328358209 0.9730185497470489 0.3069029850746269 0.9738617200674536 0.2630597014925373 0.8920741989881956 0.25652985074626866 0.8870151770657673 0.28078358208955223 0.8912310286677909 0.3003731343283582
0 0.10286677908937605 0.30130597014925375 0.10792580101180438 0.2957089552238806 0.10370994940978077 0.25 0.05143338954468803 0.24440298507462688 0.03035413153456998 0.2490671641791045 0.02951096121416526 0.291044776119403
0 0.18381112984822934 0.3087686567164179 0.18802698145025296 0.26119402985074625 0.1205733558178752 0.2574626865671642 0.11129848229342328 0.26399253731343286 0.112141652613828 0.30597014925373134
0 0.26812816188870153 0.314365671641791 0.2706576728499157 0.2667910447761194 0.1905564924114671 0.2621268656716418 0.19139966273187184 0.30783582089552236
0 0.35075885328836426 0.3199626865671642 0.35328836424957843 0.27425373134328357 0.2824620573355818 0.26492537313432835 0.27318718381112983 0.269589552238806 0.275716694772344 0.31529850746268656
0 0.43676222596964587 0.3292910447761194 0.43929173693086004 0.28171641791044777 0.3591905564924115 0.27705223880597013 0.35834738617200673 0.32276119402985076
0 0.5227655986509275 0.33302238805970147 0.5252951096121417 0.28544776119402987 0.4645868465430017 0.27798507462686567 0.4451939291736931 0.2826492537313433 0.44435075885328834 0.32649253731343286
0 0.6104553119730185 0.33675373134328357 0.6079258010118044 0.291044776119403 0.5295109612141653 0.28451492537313433 0.53035413153457 0.333955223880597
0 0.6964586846543002 0.34421641791044777 0.6973018549747049 0.2966417910447761 0.6155143338954469 0.29384328358208955 0.6146711635750421 0.33955223880597013
0 0.7875210792580101 0.34794776119402987 0.7866779089376054 0.30223880597014924 0.7048903878583473 0.2994402985074627 0.7074198988195616 0.3451492537313433
0 0.8718381112984823 0.3591417910447761 0.872681281618887 0.31343283582089554 0.7925801011804384 0.3050373134328358 0.7934232715008431 0.35261194029850745
0 0.9477234401349073 0.36100746268656714 0.9578414839797639 0.3516791044776119 0.9569983136593592 0.31529850746268656 0.8752107925801011 0.3087686567164179 0.8777403035413154 0.35634328358208955
0 0.9662731871838112 0.41138059701492535 0.9713322091062394 0.36847014925373134 0.9603709949409781 0.35634328358208955 0.9418212478920742 0.36380597014925375 0.8870151770657673 0.36100746268656714 0.8819561551433389 0.3927238805970149 0.8861720067453626 0.4048507462686567
0 0.8768971332209107 0.40951492537313433 0.8794266441821248 0.36380597014925375 0.8052276559865092 0.35447761194029853 0.7993254637436762 0.3591417910447761 0.8001686340640809 0.39925373134328357
0 0.7925801011804384 0.3983208955223881 0.7951096121416527 0.35447761194029853 0.7133220910623946 0.3516791044776119 0.7124789207419899 0.39365671641791045
0 0.7032040472175379 0.394589552238806 0.7074198988195616 0.34888059701492535 0.6239460370994941 0.34421641791044777 0.6247892074198989 0.38992537313432835
0 0.6104553119730185 0.38526119402985076 0.6096121416526138 0.33955223880597013 0.5295109612141653 0.33861940298507465 0.53035413153457 0.3824626865671642
0 0.524451939291737 0.3833955223880597 0.5219224283305227 0.3358208955223881 0.4451939291736931 0.33115671641791045 0.44435075885328834 0.375
0 0.4350758853288364 0.37779850746268656 0.43591905564924116 0.332089552238806 0.35581787521079256 0.3255597014925373 0.35497470489038785 0.3712686567164179
0 0.3490725126475548 0.37033582089552236 0.35160202360876897 0.32276119402985076 0.2715008431703204 0.3180970149253731 0.2723440134907251 0.3619402985074627
0 0.26475548060708265 0.3628731343283582 0.26559865092748736 0.31529850746268656 0.18718381112984822 0.3125 0.18802698145025296 0.35634328358208955
0 0.1821247892074199 0.3591417910447761 0.18296795952782463 0.31156716417910446 0.10623946037099494 0.3087686567164179 0.1087689713322091 0.35447761194029853
0 0.09612141652613827 0.3498134328358209 0.10286677908937605 0.33861940298507465 0.09696458684654301 0.3041044776119403 0.03625632377740304 0.292910447761194 0.01854974704890388 0.30130597014925375 0.022765598650927487 0.34701492537313433
0 0.09949409780775717 0.40205223880597013 0.09865092748735245 0.35447761194029853 0.021922428330522766 0.3516791044776119 0.024451939291736932 0.39552238805970147
0 0.18043844856661045 0.40578358208955223 0.17959527824620575 0.3619402985074627 0.112141652613828 0.35447761194029853 0.10286677908937605 0.3591417910447761 0.10370994940978077 0.39925373134328357
0 0.2596964586846543 0.41324626865671643 0.260539629005059 0.3675373134328358 0.18381112984822934 0.3628731343283582 0.18465430016863407 0.40671641791044777
0 0.3406408094435076 0.4207089552238806 0.3473861720067454 0.40205223880597013 0.34654300168634067 0.373134328358209 0.2740303541315346 0.3619402985074627 0.26644182124789206 0.3666044776119403 0.26559865092748736 0.41044776119402987
0 0.4317032040472175 0.4281716417910448 0.43676222596964587 0.3983208955223881 0.4325463743676223 0.3805970149253731 0.35413153456998314 0.37779850746268656 0.35328836424957843 0.4197761194029851
0 0.5227655986509275 0.4319029850746269 0.5236087689713322 0.38619402985074625 0.4418212478920742 0.38152985074626866 0.44097807757166946 0.4253731343283582
0 0.596964586846543 0.4337686567164179 0.612141652613828 0.4281716417910448 0.6079258010118044 0.38619402985074625 0.5278246205733558 0.38899253731343286 0.5286677908937606 0.43283582089552236
0 0.6964586846543002 0.4412313432835821 0.6973018549747049 0.39738805970149255 0.6155143338954469 0.3908582089552239 0.6180438448566611 0.43843283582089554
0 0.7824620573355818 0.44869402985074625 0.7892074198988196 0.42257462686567165 0.784991568296796 0.40111940298507465 0.7048903878583473 0.3983208955223881 0.7040472175379426 0.44216417910447764
0 0.8684654300168634 0.45615671641791045 0.8752107925801011 0.41697761194029853 0.8709949409780776 0.41044776119402987 0.7925801011804384 0.4039179104477612 0.7900505902192243 0.4458955223880597
0 0.954468802698145 0.46175373134328357 0.9679595278246206 0.42257462686567165 0.9620573355817875 0.4141791044776119 0.8895446880269815 0.40671641791044777 0.8785834738617201 0.41324626865671643 0.8794266441821248 0.4552238805970149
0 0.9460370994940978 0.5102611940298507 0.9561551433389545 0.49906716417910446 0.9569983136593592 0.4626865671641791 0.887858347386172 0.457089552238806 0.8768971332209107 0.46361940298507465 0.8743676222596964 0.5
0 0.8684654300168634 0.5027985074626866 0.8709949409780776 0.458955223880597 0.790893760539629 0.4505597014925373 0.7900505902192243 0.4944029850746269
0 0.7824620573355818 0.49347014925373134 0.784991568296796 0.4496268656716418 0.7032040472175379 0.4468283582089552 0.7057335581787522 0.4906716417910448
0 0.6981450252951096 0.4878731343283582 0.6973018549747049 0.44402985074626866 0.6172006745362564 0.4430970149253731 0.6180438448566611 0.4832089552238806
0 0.6087689713322091 0.4841417910447761 0.6096121416526138 0.43843283582089554 0.5295109612141653 0.435634328358209 0.5286677908937606 0.47947761194029853
0 0.5227655986509275 0.478544776119403 0.5219224283305227 0.43283582089552236 0.4418212478920742 0.4300373134328358 0.4426644182124789 0.47388059701492535
0 0.4350758853288364 0.4766791044776119 0.4376053962900506 0.43097014925373134 0.357504215851602 0.42630597014925375 0.3600337268128162 0.4701492537313433
0 0.35075885328836426 0.46921641791044777 0.35328836424957843 0.4253731343283582 0.27318718381112983 0.41884328358208955 0.2740303541315346 0.4626865671641791
0 0.26644182124789206 0.46361940298507465 0.26559865092748736 0.416044776119403 0.18887015177065766 0.41324626865671643 0.18802698145025296 0.4552238805970149
0 0.1821247892074199 0.4542910447761194 0.18296795952782463 0.4085820895522388 0.10792580101180438 0.4039179104477612 0.1087689713322091 0.44776119402985076
0 0.09949409780775717 0.4505597014925373 0.10033726812816189 0.4048507462686567 0.02023608768971332 0.4001865671641791 0.02023608768971332 0.4337686567164179 0.026138279932546374 0.44402985074626866
0 0.09780775716694773 0.49533582089552236 0.1045531197301855 0.48973880597014924 0.10202360876897133 0.45149253731343286 0.023608768971332208 0.4449626865671642 0.02782462057335582 0.48880597014925375
0 0.09780775716694773 0.5475746268656716 0.10033726812816189 0.5 0.026981450252951095 0.49533582089552236 0.026138279932546374 0.5410447761194029
0 0.09780775716694773 0.5942164179104478 0.09527824620573355 0.5485074626865671 0.023608768971332208 0.5438432835820896 0.026138279932546374 0.585820895522388
0 0.09949409780775717 0.6371268656716418 0.09865092748735245 0.5970149253731343 0.023608768971332208 0.5886194029850746 0.02951096121416526 0.6305970149253731
0 0.10286677908937605 0.6819029850746269 0.10033726812816189 0.6399253731343284 0.02866779089376054 0.6333955223880597 0.031197301854974706 0.6753731343283582
0 0.10623946037099494 0.7248134328358209 0.10202360876897133 0.6847014925373134 0.03035413153456998 0.6781716417910447 0.03456998313659359 0.7182835820895522
0 0.10792580101180438 0.7789179104477612 0.10708263069139966 0.7332089552238806 0.0387858347386172 0.7248134328358209 0.04131534569983136 0.7649253731343284
0 0.10792580101180438 0.8218283582089553 0.10539629005059022 0.7798507462686567 0.03541315345699832 0.769589552238806 0.03204047217537943 0.7994402985074627 0.03794266441821248 0.8134328358208955
0 0.10792580101180438 0.8610074626865671 0.10708263069139966 0.8246268656716418 0.0387858347386172 0.8180970149253731 0.04131534569983136 0.8526119402985075
0 0.11129848229342328 0.9020522388059702 0.1087689713322091 0.8619402985074627 0.03541315345699832 0.8572761194029851 0.04300168634064081 0.8955223880597015
0 0.10961214165261383 0.9430970149253731 0.11467116357504216 0.9393656716417911 0.112141652613828 0.9048507462686567 0.04047217537942664 0.898320895522388 0.04047217537942664 0.9300373134328358 0.048060708263069137 0.9421641791044776
0 0.1905564924114671 0.9486940298507462 0.18634064080944351 0.9085820895522388 0.1163575042158516 0.9039179104477612 0.1205733558178752 0.9402985074626866
0 0.26475548060708265 0.9598880597014925 0.26559865092748736 0.9235074626865671 0.19392917369308602 0.9151119402985075 0.1981450252951096 0.9514925373134329
0 0.3456998313659359 0.9654850746268657 0.3414839797639123 0.9253731343283582 0.26812816188870153 0.9207089552238806 0.2706576728499157 0.960820895522388
0 0.42158516020236086 0.9729477611940298 0.4266441821247892 0.9673507462686567 0.42411467116357504 0.9347014925373134 0.3473861720067454 0.9300373134328358 0.34991568296795955 0.9645522388059702
0 0.5059021922428331 0.976679104477612 0.5067453625632378 0.9384328358208955 0.4300168634064081 0.933768656716418 0.4308600337268128 0.9720149253731343
0 0.581787521079258 0.9860074626865671 0.5868465430016864 0.9785447761194029 0.5843170320404721 0.9440298507462687 0.5092748735244519 0.941231343283582 0.5101180438448567 0.9813432835820896
0 0.6728499156829679 0.9878731343283582 0.6720067453625632 0.9496268656716418 0.596964586846543 0.9468283582089553 0.5978077571669477 0.9850746268656716
0 0.7537942664418212 0.9897388059701493 0.7512647554806071 0.9514925373134329 0.6762225969645869 0.9505597014925373 0.6770657672849916 0.9888059701492538
0 0.8296795952782462 0.9934701492537313 0.8347386172006745 0.9860074626865671 0.8322091062394603 0.9533582089552238 0.7571669477234402 0.9524253731343284 0.7580101180438449 0.9906716417910447
0 0.8954468802698144 0.9972014925373134 0.9123102866779089 0.9934701492537313 0.9114671163575042 0.957089552238806 0.8381112984822934 0.9542910447761194 0.8372681281618887 0.9925373134328358
0 0.9123102866779089 0.9542910447761194 0.9165261382799326 0.9160447761194029 0.8397976391231029 0.9151119402985075 0.8381112984822934 0.9486940298507462 0.8440134907251264 0.9533582089552238
0 0.8330522765598651 0.9505597014925373 0.8381112984822934 0.9151119402985075 0.8322091062394603 0.9104477611940298 0.7588532883642496 0.9132462686567164 0.7613827993254637 0.9496268656716418
0 0.7537942664418212 0.9486940298507462 0.7546374367622259 0.9104477611940298 0.6779089376053963 0.9076492537313433 0.678752107925801 0.9458955223880597
0 0.6728499156829679 0.9486940298507462 0.6720067453625632 0.9067164179104478 0.596964586846543 0.9057835820895522 0.5994940978077572 0.9458955223880597
0 0.5919055649241147 0.941231343283582 0.5910623946037099 0.9029850746268657 0.5160202360876898 0.898320895522388 0.515177065767285 0.9347014925373134
0 0.5075885328836425 0.9356343283582089 0.5084317032040472 0.8955223880597015 0.43591905564924116 0.8917910447761194 0.4317032040472175 0.898320895522388 0.4325463743676223 0.9309701492537313
0 0.42327150084317033 0.933768656716418 0.42242833052276557 0.8955223880597015 0.35160202360876897 0.8899253731343284 0.3473861720067454 0.894589552238806 0.35160202360876897 0.9272388059701493
0 0.3440134907251265 0.9244402985074627 0.34317032040472173 0.8861940298507462 0.26981450252951095 0.8815298507462687 0.2723440134907251 0.9160447761194029
0 0.26475548060708265 0.9207089552238806 0.2639123102866779 0.8805970149253731 0.1905564924114671 0.8759328358208955 0.18887015177065766 0.9076492537313433 0.19477234401349072 0.914179104477612
0 0.18718381112984822 0.9057835820895522 0.18465430016863407 0.8694029850746269 0.11467116357504216 0.8628731343283582 0.11888701517706576 0.8992537313432836
0 0.18718381112984822 0.8684701492537313 0.18465430016863407 0.8264925373134329 0.11129848229342328 0.8218283582089553 0.11720067453625632 0.8619402985074627
0 0.18549747048903878 0.8255597014925373 0.18296795952782463 0.7854477611940298 0.11129848229342328 0.7807835820895522 0.11382799325463744 0.8190298507462687
0 0.18718381112984822 0.7845149253731343 0.18465430016863407 0.7406716417910447 0.11129848229342328 0.7378731343283582 0.11720067453625632 0.7779850746268657
0 0.18381112984822934 0.7360074626865671 0.1812816188870152 0.6958955223880597 0.10792580101180438 0.6893656716417911 0.11382799325463744 0.7294776119402985
0 0.18381112984822934 0.6930970149253731 0.18296795952782463 0.6511194029850746 0.10792580101180438 0.644589552238806 0.112141652613828 0.6847014925373134
0 0.1821247892074199 0.648320895522388 0.1812816188870152 0.6063432835820896 0.1045531197301855 0.5998134328358209 0.1087689713322091 0.6417910447761194
0 0.178752107925801 0.6035447761194029 0.17959527824620575 0.5615671641791045 0.10286677908937605 0.5531716417910447 0.10539629005059022 0.5970149253731343
0 0.18043844856661045 0.558768656716418 0.18296795952782463 0.5111940298507462 0.11382799325463744 0.5 0.10792580101180438 0.5046641791044776 0.10708263069139966 0.5466417910447762
0 0.1821247892074199 0.5027985074626866 0.18718381112984822 0.49906716417910446 0.18465430016863407 0.457089552238806 0.10961214165261383 0.45242537313432835 0.112141652613828 0.4962686567164179
0 0.26475548060708265 0.5083955223880597 0.26559865092748736 0.4664179104477612 0.18887015177065766 0.45988805970149255 0.1897133220910624 0.5
0 0.3456998313659359 0.5158582089552238 0.34654300168634067 0.47201492537313433 0.26981450252951095 0.4673507462686567 0.2706576728499157 0.5074626865671642
0 0.4300168634064081 0.523320895522388 0.4308600337268128 0.47761194029850745 0.3524451939291737 0.47294776119402987 0.35328836424957843 0.5167910447761194
0 0.5193929173693086 0.5270522388059702 0.5202360876897133 0.48134328358208955 0.43844856661045534 0.480410447761194 0.43929173693086004 0.5223880597014925
0 0.6070826306913997 0.5307835820895522 0.6096121416526138 0.4869402985074627 0.5278246205733558 0.4841417910447761 0.5286677908937606 0.5261194029850746
0 0.6913996627318718 0.5345149253731343 0.693929173693086 0.4906716417910448 0.6214165261382799 0.48507462686567165 0.6138279932546374 0.48973880597014924 0.6146711635750421 0.5317164179104478
0 0.7757166947723441 0.5438432835820896 0.781618887015177 0.498134328358209 0.6998313659359191 0.49533582089552236 0.6989881956155143 0.5373134328358209
0 0.863406408094435 0.5494402985074627 0.8676222596964587 0.5055970149253731 0.7875210792580101 0.49906716417910446 0.7824620573355818 0.5382462686567164 0.7866779089376054 0.542910447761194
0 0.9510961214165261 0.558768656716418 0.9578414839797639 0.5326492537313433 0.9536256323777403 0.5093283582089553 0.8844856661045531 0.5018656716417911 0.8735244519392917 0.5083955223880597 0.872681281618887 0.5447761194029851
0 0.9426644182124789 0.6072761194029851 0.9468802698145026 0.5615671641791045 0.8684654300168634 0.5569029850746269 0.863406408094435 0.5960820895522388 0.8676222596964587 0.6026119402985075
0 0.8600337268128162 0.601679104477612 0.8625632377740303 0.5559701492537313 0.7824620573355818 0.5531716417910447 0.781618887015177 0.5970149253731343
0 0.7774030354131535 0.5960820895522388 0.7765598650927488 0.5485074626865671 0.6981450252951096 0.5438432835820896 0.6973018549747049 0.5914179104477612
0 0.6863406408094435 0.5904850746268657 0.6913996627318718 0.5625 0.6871838111298483 0.5410447761194029 0.6070826306913997 0.5401119402985075 0.6079258010118044 0.585820895522388
0 0.5986509274873525 0.5848880597014925 0.5978077571669477 0.5373134328358209 0.5193929173693086 0.5382462686567164 0.5202360876897133 0.5802238805970149
0 0.5126475548060708 0.5830223880597015 0.515177065767285 0.5354477611940298 0.4350758853288364 0.5326492537313433 0.4376053962900506 0.5764925373134329
0 0.4300168634064081 0.5755597014925373 0.4291736930860034 0.5298507462686567 0.3524451939291737 0.523320895522388 0.35328836424957843 0.5690298507462687
0 0.3473861720067454 0.5718283582089553 0.34654300168634067 0.5242537313432836 0.26981450252951095 0.519589552238806 0.26897133220910624 0.5652985074626866
0 0.26475548060708265 0.5643656716417911 0.26559865092748736 0.5167910447761194 0.2166947723440135 0.5093283582089553 0.18718381112984822 0.5139925373134329 0.1897133220910624 0.5578358208955224
0 0.26138279932546377 0.6091417910447762 0.260539629005059 0.5652985074626866 0.18549747048903878 0.5606343283582089 0.18802698145025296 0.6026119402985075
0 0.2630691399662732 0.6539179104477612 0.260539629005059 0.6100746268656716 0.18718381112984822 0.605410447761194 0.18802698145025296 0.6473880597014925
0 0.2630691399662732 0.6968283582089553 0.2622259696458685 0.6567164179104478 0.18718381112984822 0.6520522388059702 0.19139966273187184 0.6902985074626866
0 0.2630691399662732 0.7397388059701493 0.2622259696458685 0.6996268656716418 0.18718381112984822 0.6949626865671642 0.19139966273187184 0.7350746268656716
0 0.26644182124789206 0.7919776119402985 0.2639123102866779 0.7481343283582089 0.19224283305227655 0.7434701492537313 0.19308600337268128 0.7873134328358209
0 0.26475548060708265 0.8348880597014925 0.26559865092748736 0.7947761194029851 0.1905564924114671 0.7901119402985075 0.19308600337268128 0.8264925373134329
0 0.26644182124789206 0.8777985074626866 0.26559865092748736 0.8376865671641791 0.1905564924114671 0.8311567164179104 0.19308600337268128 0.871268656716418
0 0.342327150084317 0.6184701492537313 0.34317032040472173 0.5764925373134329 0.2723440134907251 0.5671641791044776 0.26475548060708265 0.5718283582089553 0.26897133220910624 0.6119402985074627
0 0.42833052276559863 0.6222014925373134 0.4274873524451939 0.5783582089552238 0.3684654300168634 0.5708955223880597 0.3490725126475548 0.5755597014925373 0.35160202360876897 0.6138059701492538
0 0.5143338954468802 0.6296641791044776 0.5168634064080945 0.585820895522388 0.4350758853288364 0.5830223880597015 0.43929173693086004 0.625
0 0.6003372681281619 0.6352611940298507 0.6011804384485666 0.5895522388059702 0.5337268128161888 0.5839552238805971 0.521079258010118 0.5886194029850746 0.5236087689713322 0.628731343283582
0 0.684654300168634 0.6371268656716418 0.6897133220910624 0.6203358208955224 0.6854974704890388 0.5932835820895522 0.6070826306913997 0.5923507462686567 0.6096121416526138 0.6343283582089553
0 0.7706576728499157 0.6408582089552238 0.7757166947723441 0.6035447761194029 0.7715008431703204 0.5988805970149254 0.6913996627318718 0.5960820895522388 0.693929173693086 0.6380597014925373
0 0.863406408094435 0.648320895522388 0.8684654300168634 0.6408582089552238 0.8659359190556493 0.6044776119402985 0.7951096121416527 0.5988805970149254 0.7841483979763912 0.6035447761194029 0.784991568296796 0.6417910447761194
0 0.9426644182124789 0.6520522388059702 0.9494097807757167 0.6464552238805971 0.948566610455312 0.6063432835820896 0.8718381112984823 0.6091417910447762 0.872681281618887 0.6492537313432836
0 0.9325463743676222 0.6986940298507462 0.9409780775716695 0.683768656716418 0.9401349072512648 0.6548507462686567 0.8617200674536256 0.6520522388059702 0.8608768971332209 0.6940298507462687
0 0.851602023608769 0.6930970149253731 0.8524451939291737 0.6492537313432836 0.7740303541315345 0.644589552238806 0.7748735244519392 0.6865671641791045
0 0.7689713322091062 0.6856343283582089 0.769814502529511 0.6436567164179104 0.6897133220910624 0.6427238805970149 0.6888701517706577 0.6809701492537313
0 0.6812816188870152 0.683768656716418 0.6854974704890388 0.6399253731343284 0.6070826306913997 0.6371268656716418 0.6045531197301856 0.6772388059701493
0 0.596964586846543 0.6819029850746269 0.6037099494097807 0.6464552238805971 0.5994940978077572 0.6380597014925373 0.521079258010118 0.6333955223880597 0.5219224283305227 0.6753731343283582
0 0.5160202360876898 0.6744402985074627 0.5168634064080945 0.6324626865671642 0.43676222596964587 0.6277985074626866 0.44097807757166946 0.6697761194029851
0 0.42833052276559863 0.6669776119402985 0.4274873524451939 0.625 0.3490725126475548 0.6166044776119403 0.34991568296795955 0.6604477611940298
0 0.3440134907251265 0.6632462686567164 0.34317032040472173 0.6194029850746269 0.275716694772344 0.6119402985074627 0.26644182124789206 0.6166044776119403 0.2706576728499157 0.6567164179104478
0 0.3440134907251265 0.7080223880597015 0.34317032040472173 0.6660447761194029 0.26812816188870153 0.6595149253731343 0.26728499156829677 0.6977611940298507
0 0.342327150084317 0.7546641791044776 0.3414839797639123 0.710820895522388 0.2740303541315346 0.6996268656716418 0.26644182124789206 0.7042910447761194 0.26728499156829677 0.7444029850746269
0 0.3490725126475548 0.7994402985074627 0.3482293423271501 0.7593283582089553 0.2790893760539629 0.75 0.2715008431703204 0.7546641791044776 0.2723440134907251 0.792910447761194
0 0.3473861720067454 0.8404850746268657 0.3448566610455312 0.8003731343283582 0.26981450252951095 0.7957089552238806 0.2723440134907251 0.8339552238805971
0 0.3440134907251265 0.8852611940298507 0.34317032040472173 0.8432835820895522 0.26981450252951095 0.8404850746268657 0.2723440134907251 0.878731343283582
0 0.4300168634064081 0.894589552238806 0.4291736930860034 0.8488805970149254 0.35497470489038785 0.8470149253731343 0.35075885328836426 0.8535447761194029 0.35497470489038785 0.8899253731343284
0 0.418212478920742 0.8498134328358209 0.4300168634064081 0.8386194029850746 0.4291736930860034 0.8078358208955224 0.35075885328836426 0.8050373134328358 0.35328836424957843 0.8451492537313433
0 0.42833052276559863 0.8069029850746269 0.4291736930860034 0.7649253731343284 0.3524451939291737 0.7602611940298507 0.35328836424957843 0.8003731343283582
0 0.418212478920742 0.7583955223880597 0.4266441821247892 0.7472014925373134 0.42411467116357504 0.7164179104477612 0.3600337268128162 0.7052238805970149 0.3456998313659359 0.7098880597014925 0.3482293423271501 0.7481343283582089
0 0.42833052276559863 0.7136194029850746 0.4274873524451939 0.6716417910447762 0.35075885328836426 0.6651119402985075 0.34991568296795955 0.7033582089552238
0 0.5109612141652614 0.7192164179104478 0.5118043844856661 0.6772388059701493 0.44097807757166946 0.6697761194029851 0.4317032040472175 0.6744402985074627 0.43591905564924116 0.7126865671641791
0 0.5969609332592627 0.7223672861417437 0.599012943710111 0.682241611120534 0.5193929173693086 0.6800373134328358 0.51693336063287 0.7178247677924096
0 0.6795952782462057 0.726679104477612 0.6804384485666105 0.6847014925373134 0.606239460370995 0.6791044776119403 0.6003372681281619 0.6856343283582089 0.6045531197301856 0.7238805970149254
0 0.7639123102866779 0.7285447761194029 0.7681281618887015 0.6884328358208955 0.6863406408094435 0.6875 0.6871838111298483 0.7257462686567164
0 0.851602023608769 0.7360074626865671 0.8507588532883642 0.6940298507462687 0.7723440134907251 0.691231343283582 0.7765598650927488 0.7332089552238806
0 0.9342327150084317 0.7397388059701493 0.9384485666104553 0.6996268656716418 0.8583473861720068 0.6968283582089553 0.8591905564924115 0.7369402985074627
0 0.9207419898819561 0.7845149253731343 0.9325463743676222 0.7770522388059702 0.9333895446880269 0.7425373134328358 0.8549747048903878 0.7416044776119403 0.8541315345699831 0.7798507462686567
0 0.8431703204047217 0.7789179104477612 0.845699831365936 0.7388059701492538 0.7672849915682968 0.7341417910447762 0.7664418212478921 0.7742537313432836
0 0.7588532883642496 0.7751865671641791 0.7639123102866779 0.773320895522388 0.7630691399662732 0.7313432835820896 0.6829679595278246 0.7322761194029851 0.6854974704890388 0.7723880597014925
0 0.6745362563237775 0.7714552238805971 0.6753794266441822 0.7294776119402985 0.5952782462057336 0.730410447761194 0.5994940978077572 0.7686567164179104
0 0.5092748735244519 0.7658582089552238 0.5084317032040472 0.7201492537313433 0.4300168634064081 0.7173507462686567 0.4308600337268128 0.7611940298507462
0 0.5902192242833052 0.769589552238806 0.5927487352445194 0.7276119402985075 0.5126475548060708 0.7248134328358209 0.5134907251264755 0.7630597014925373
0 0.5126475548060708 0.8125 0.5118043844856661 0.7705223880597015 0.433389544688027 0.769589552238806 0.433389544688027 0.8031716417910447 0.43929173693086004 0.8097014925373134
0 0.5109612141652614 0.855410447761194 0.5118043844856661 0.8152985074626866 0.4350758853288364 0.8106343283582089 0.43591905564924116 0.8507462686567164
0 0.5109612141652614 0.894589552238806 0.5118043844856661 0.8563432835820896 0.4350758853288364 0.8498134328358209 0.4376053962900506 0.8917910447761194
0 0.5952782462057336 0.816231343283582 0.5944350758853288 0.7742537313432836 0.5160202360876898 0.773320895522388 0.5202360876897133 0.8152985074626866
0 0.6762225969645869 0.8199626865671642 0.6753794266441822 0.7761194029850746 0.5986509274873525 0.7770522388059702 0.6011804384485666 0.8190298507462687
0 0.7554806070826307 0.8255597014925373 0.7596964586846543 0.7835820895522388 0.6812816188870152 0.7789179104477612 0.6804384485666105 0.8190298507462687
0 0.8414839797639123 0.8255597014925373 0.842327150084317 0.7835820895522388 0.7655986509274874 0.7807835820895522 0.7681281618887015 0.8246268656716418
0 0.8431703204047217 0.8666044776119403 0.8406408094435076 0.8264925373134329 0.7655986509274874 0.8274253731343284 0.7647554806070826 0.8656716417910447
0 0.836424957841484 0.9095149253731343 0.8414839797639123 0.9057835820895522 0.8406408094435076 0.8694029850746269 0.7639123102866779 0.8703358208955224 0.7647554806070826 0.9085820895522388
0 0.9173693086003373 0.9132462686567164 0.9198988195615514 0.8731343283582089 0.8448566610455311 0.8740671641791045 0.8473861720067454 0.9123134328358209
0 0.9207419898819561 0.8722014925373134 0.927487352445194 0.8610074626865671 0.9249578414839797 0.832089552238806 0.8499156829679595 0.8330223880597015 0.8473861720067454 0.8694029850746269
0 0.9207419898819561 0.8311567164179104 0.9291736930860034 0.8031716417910447 0.9266441821247892 0.7854477611940298 0.8499156829679595 0.7863805970149254 0.8490725126475548 0.8264925373134329
0 0.760539629005059 0.8666044776119403 0.7613827993254637 0.8283582089552238 0.6863406408094435 0.8236940298507462 0.6838111298482293 0.8600746268656716
0 0.7554806070826307 0.9076492537313433 0.7580101180438449 0.8694029850746269 0.6838111298482293 0.8600746268656716 0.6795952782462057 0.8647388059701493 0.678752107925801 0.9011194029850746
0 0.6762225969645869 0.8628731343283582 0.6795952782462057 0.8274253731343284 0.6736930860033726 0.8208955223880597 0.5986509274873525 0.8236940298507462 0.6011804384485666 0.8582089552238806
0 0.6745362563237775 0.9039179104477612 0.6753794266441822 0.8656716417910447 0.606239460370995 0.8600746268656716 0.5986509274873525 0.8647388059701493 0.5994940978077572 0.9011194029850746
0 0.5935919055649241 0.9001865671641791 0.5927487352445194 0.8619402985074627 0.5177065767284992 0.8591417910447762 0.5202360876897133 0.8973880597014925
0 0.5952782462057336 0.8591417910447762 0.5927487352445194 0.8190298507462687 0.5177065767284992 0.8180970149253731 0.5160202360876898 0.851679104477612 0.5219224283305227 0.8563432835820896
0 0.020754961733039326 0.13920780711825484 0.10377480866519646 0.14781859931113667 0.09988325334025167 0.1937428243398393 0.023349331949669268 0.18513203214695745