0 0.5573770491803278 0.18154761904761904 0.5622950819672131 0.03273809523809524 0.5532786885245902 0 0.34262295081967215 0.01488095238095238 0.3442622950819672 0.12797619047619047 0.35655737704918034 0.1488095238095238
0 0.5540983606557377 0.3541666666666667 0.5573770491803278 0.24107142857142858 0.5516393442622951 0.19047619047619047 0.34672131147540985 0.14285714285714285 0.33934426229508197 0.16964285714285715 0.3377049180327869 0.28273809523809523 0.34508196721311474 0.30952380952380953
0 0.5508196721311476 0.5148809523809523 0.55 0.35714285714285715 0.3360655737704918 0.3125 0.3344262295081967 0.46130952380952384 0.34508196721311474 0.49404761904761907
0 0.5377049180327869 0.6934523809523809 0.5426229508196722 0.5803571428571429 0.5385245901639344 0.5416666666666666 0.44344262295081965 0.5 0.3262295081967213 0.49107142857142855 0.32868852459016396 0.6428571428571429
0 0.5327868852459017 0.8482142857142857 0.5377049180327869 0.7351190476190477 0.530327868852459 0.6964285714285714 0.3336065573770492 0.6428571428571429 0.32295081967213113 0.6636904761904762 0.319672131147541 0.7827380952380952 0.3254098360655738 0.8035714285714286
0 0.7524590163934426 0.9017857142857143 0.759016393442623 0.8898809523809523 0.7622950819672131 0.8303571428571429 0.7622950819672131 0.7648809523809523 0.7549180327868853 0.7440476190476191 0.5426229508196722 0.7113095238095238 0.5409836065573771 0.8303571428571429 0.55 0.8630952380952381
0 0.7557377049180328 0.7410714285714286 0.760655737704918 0.5982142857142857 0.7549180327868853 0.5833333333333334 0.5532786885245902 0.5357142857142857 0.5442622950819672 0.5625 0.5450819672131147 0.6964285714285714
0 0.7655737704918033 0.5744047619047619 0.7704918032786885 0.5327380952380952 0.7680327868852459 0.4166666666666667 0.5573770491803278 0.37202380952380953 0.5581967213114755 0.5238095238095238
0 0.7704918032786885 0.3958333333333333 0.7737704918032787 0.2648809523809524 0.7663934426229508 0.23809523809523808 0.6139344262295082 0.21428571428571427 0.559016393442623 0.22916666666666666 0.5573770491803278 0.33630952380952384 0.5713114754098361 0.36904761904761907
0 0.9770491803278688 0.6517857142857143 0.9762295081967213 0.5059523809523809 0.7737704918032787 0.4732142857142857 0.7688524590163934 0.5922619047619048 0.7795081967213114 0.625
0 0.9606557377049181 0.9791666666666666 0.9672131147540983 0.8601190476190477 0.9532786885245902 0.8154761904761905 0.7639344262295082 0.7767857142857143 0.760655737704918 0.9196428571428571 0.7680327868852459 0.9404761904761905
0 0.7975766215253031 0.12939958592132522 0.9992872416250891 0.21221532091097312 0.9978617248752674 0.3623188405797102 0.7897362794012832 0.27432712215320915
0 0.5630791161796151 0.05952380952380961 0.7783321454027085 0.09057971014492756 0.7761938702779758 0.23550724637681159 0.5623663578047042 0.2148033126293995
0 0.7776193870277978 0.30797101449275377 0.9793300071275838 0.3416149068322982 0.9743406985032076 0.4891304347826088 0.7769066286528868 0.4554865424430642
0 0.30149679258731293 0.6237060041407869 0.10691375623663578 0.5926501035196688 0.10406272273699216 0.7556935817805386 0.30648610121168934 0.7815734989648032
0 0.2423378474697078 0.4580745341614908 0.03563791874554526 0.3778467908902692 0.03635067712045617 0.5253623188405797 0.23877405559515327 0.6211180124223603 0.24518888096935143 0.4503105590062113
0 0.9781420765027322 0.8055555555555555 0.7770491803278688 0.7857142857142857 0.780327868852459 0.6388888888888887 0.9814207650273223 0.6626984126984126