0 0.282422 0.248438 0.092969 0.125000
0 0.173828 0.364453 0.100781 0.122656
0 0.158984 0.471484 0.102344 0.127344
0 0.194141 0.578125 0.082031 0.096875
0 0.226562 0.704297 0.078125 0.121094
0 0.305078 0.760547 0.072656 0.077344
0 0.398828 0.797266 0.075781 0.094531
0 0.456641 0.831641 0.066406 0.075781
0 0.511719 0.794141 0.057813 0.075781
0 0.546484 0.707422 0.055469 0.077344
0 0.475781 0.711328 0.067187 0.088281
0 0.274219 0.576172 0.076563 0.092969
0 0.333984 0.621875 0.074219 0.090625
0 0.411719 0.637500 0.067187 0.093750
0 0.487891 0.601562 0.069531 0.090625
0 0.561719 0.625391 0.054688 0.094531
0 0.633203 0.591797 0.060156 0.092969
0 0.681250 0.535547 0.068750 0.096094
0 0.695312 0.607031 0.065625 0.076563
0 0.746484 0.535937 0.061719 0.096875
0 0.726562 0.456641 0.065625 0.097656
0 0.781641 0.378125 0.066406 0.090625
0 0.783984 0.446094 0.049219 0.073438
0 0.539062 0.153516 0.078125 0.107031
0 0.660156 0.194531 0.079687 0.104688
0 0.744922 0.287109 0.074219 0.089844
0 0.468359 0.247266 0.080469 0.094531
0 0.553906 0.246875 0.073438 0.087500
0 0.659375 0.281641 0.065625 0.072656
0 0.666406 0.350000 0.039062 0.059375
0 0.274609 0.363281 0.071094 0.098437
0 0.370703 0.334375 0.075781 0.128125
0 0.440625 0.345703 0.062500 0.116406
0 0.536328 0.343359 0.072656 0.111719
0 0.614453 0.348047 0.063281 0.108594
0 0.246484 0.481250 0.086719 0.109375
0 0.332422 0.446875 0.077344 0.103125
0 0.417969 0.459375 0.067187 0.115625
0 0.487109 0.419531 0.064844 0.117188
0 0.563672 0.428906 0.074219 0.104688
0 0.637109 0.444531 0.061719 0.082812
0 0.361328 0.542969 0.075781 0.095312
0 0.435547 0.535156 0.061719 0.107813
0 0.511719 0.509766 0.064062 0.116406
0 0.576172 0.503906 0.074219 0.082812