0 0.174609 0.363281 0.036719 0.045312
0 0.328125 0.186719 0.043750 0.067187
0 0.375781 0.200000 0.035938 0.046875
0 0.421094 0.216406 0.042187 0.060938
0 0.462500 0.185937 0.050000 0.053125
0 0.517187 0.153906 0.053125 0.067187
0 0.539844 0.141406 0.085937 0.064062
0 0.603125 0.160156 0.056250 0.067188
0 0.658594 0.155469 0.054688 0.067187
0 0.242969 0.325781 0.048438 0.082813
0 0.307812 0.249219 0.046875 0.073438
0 0.286719 0.291406 0.051563 0.089062
0 0.148438 0.576172 0.046875 0.063281
0 0.217188 0.389062 0.046875 0.081250
0 0.169531 0.404687 0.057812 0.071875
0 0.610937 0.220312 0.040625 0.059375
0 0.371094 0.277344 0.035937 0.064063
0 0.197656 0.595833 0.035938 0.045833
0 0.267188 0.593750 0.043750 0.053125
0 0.410938 0.274219 0.053125 0.064063
0 0.458594 0.250781 0.051563 0.079688
0 0.537500 0.267969 0.056250 0.064062
0 0.690625 0.239844 0.046875 0.070313
0 0.272656 0.385127 0.048437 0.073495
0 0.241580 0.863281 0.038715 0.045313
0 0.421441 0.714554 0.033854 0.035590
0 0.315394 0.877315 0.047454 0.033565
0 0.514062 0.892188 0.034375 0.034375
0 0.474688 0.881359 0.037906 0.033563
0 0.314375 0.973094 0.051797 0.053812
0 0.247969 0.766344 0.035297 0.037328
0 0.282844 0.819438 0.038484 0.042828
0 0.354453 0.838688 0.038766 0.037328
0 0.547594 0.795578 0.033281 0.030953
0 0.661172 0.717453 0.028359 0.036750
0 0.548906 0.407844 0.044562 0.050641
0 0.734516 0.291812 0.043688 0.045422
0 0.775750 0.339266 0.045719 0.055844
0 0.666953 0.283562 0.039938 0.055563
0 0.629047 0.255938 0.033563 0.052375
0 0.629922 0.307719 0.028359 0.048328
0 0.495953 0.215422 0.038187 0.052375
0 0.574797 0.252172 0.048906 0.058734
0 0.335219 0.320172 0.040797 0.054688
0 0.396844 0.325953 0.039062 0.054688
0 0.479312 0.345344 0.043109 0.064531
0 0.509984 0.372828 0.038484 0.058156
0 0.548172 0.352859 0.041953 0.058734
0 0.586812 0.348672 0.034719 0.052656
0 0.643516 0.368063 0.040516 0.050922
0 0.608656 0.368484 0.033281 0.051797
0 0.433891 0.358938 0.044844 0.055844
0 0.437359 0.304828 0.039062 0.056422
0 0.483938 0.288484 0.044266 0.073500
0 0.520406 0.304250 0.045422 0.068000
0 0.563797 0.299484 0.046578 0.053812
0 0.601859 0.298172 0.037031 0.063953
0 0.701094 0.358078 0.037609 0.048328
0 0.678391 0.381078 0.032703 0.064234
0 0.753906 0.368344 0.039062 0.044562
0 0.589844 0.423906 0.037328 0.054984
0 0.318578 0.358078 0.041094 0.046000
0 0.361250 0.354312 0.046578 0.053531
0 0.202547 0.452250 0.045141 0.052656
0 0.247391 0.432578 0.048031 0.054984
0 0.293844 0.423469 0.040219 0.048328
0 0.340141 0.394828 0.047172 0.050062
0 0.389469 0.394391 0.041672 0.071188
0 0.425922 0.414938 0.038187 0.057875
0 0.473672 0.434469 0.034141 0.056422
0 0.454859 0.617188 0.033563 0.050344
0 0.488578 0.621969 0.038484 0.046000
0 0.531547 0.632672 0.042250 0.038484
0 0.575516 0.612703 0.031828 0.036750
0 0.591000 0.525172 0.038484 0.045719
0 0.338391 0.555266 0.051797 0.043406
0 0.381219 0.544844 0.041375 0.044562
0 0.460641 0.480609 0.040516 0.041094
0 0.326094 0.485672 0.036453 0.043109
0 0.382375 0.463109 0.037906 0.046578
0 0.422453 0.469047 0.040516 0.042250
0 0.249859 0.611828 0.041375 0.040797
0 0.218312 0.672750 0.036172 0.035297
0 0.208484 0.708906 0.043109 0.040516
0 0.251594 0.706891 0.041953 0.046875
0 0.299766 0.712094 0.035875 0.048031
0 0.286891 0.674188 0.040219 0.031250
0 0.271406 0.639469 0.035875 0.033563
0 0.442703 0.821469 0.030094 0.030672
0 0.428672 0.782547 0.035594 0.038484
0 0.424328 0.748266 0.031547 0.039359
0 0.392078 0.808734 0.029516 0.034141
0 0.463828 0.782844 0.034141 0.025172
0 0.458047 0.754484 0.034141 0.026328
0 0.456453 0.724250 0.030953 0.039938
0 0.455578 0.683734 0.036172 0.038766
0 0.451969 0.648578 0.033563 0.034437
0 0.418547 0.647422 0.031547 0.040219
0 0.389172 0.661609 0.036453 0.037328
0 0.340562 0.670859 0.037609 0.033859
0 0.326672 0.768375 0.042250 0.039062
0 0.358797 0.760125 0.028937 0.036453
0 0.281687 0.761719 0.027484 0.036172
0 0.372547 0.699797 0.033281 0.036172
0 0.609953 0.664500 0.026625 0.032703
0 0.576094 0.697922 0.032984 0.032406
0 0.609953 0.693141 0.033563 0.035594
0 0.642078 0.684750 0.030672 0.032703
0 0.511141 0.721938 0.036172 0.035297
0 0.508109 0.757953 0.035875 0.037906
0 0.181859 0.502031 0.041953 0.048031
0 0.251594 0.482922 0.044844 0.046875
0 0.229172 0.499859 0.033563 0.046000
0 0.264172 0.515766 0.045719 0.051219
0 0.557578 0.468891 0.032984 0.043109
0 0.498984 0.469328 0.033859 0.043984
0 0.525172 0.488141 0.029516 0.044562
0 0.504203 0.525609 0.039641 0.047750
0 0.464406 0.527484 0.037609 0.043406
0 0.428391 0.521125 0.039641 0.052656
0 0.423469 0.556141 0.036750 0.037031
0 0.379203 0.579859 0.037328 0.035875
0 0.415656 0.603297 0.032703 0.045719
0 0.476859 0.569016 0.035875 0.033859
0 0.507672 0.574219 0.032703 0.041953
0 0.550781 0.557578 0.032125 0.041094
0 0.560469 0.507953 0.038766 0.044844
0 0.600266 0.481047 0.033859 0.043109
0 0.638016 0.475547 0.028359 0.046000
0 0.667828 0.435187 0.038187 0.043984
0 0.614578 0.411609 0.023141 0.037328
0 0.705297 0.415797 0.040219 0.042250
0 0.734516 0.453844 0.044266 0.046578
0 0.689375 0.467156 0.035016 0.040797
0 0.666234 0.501016 0.036172 0.043688
0 0.716875 0.585359 0.036750 0.038766
0 0.685047 0.601703 0.030953 0.032125
0 0.744641 0.552516 0.037906 0.043688
0 0.720484 0.494219 0.031250 0.033563
0 0.712672 0.527203 0.034141 0.042828
0 0.681281 0.562641 0.028063 0.035016
0 0.643516 0.562500 0.031250 0.039359
0 0.600109 0.559750 0.040516 0.029219
0 0.604891 0.585219 0.028063 0.022281
0 0.636859 0.634266 0.027203 0.034719
0 0.658125 0.643234 0.021125 0.032984
0 0.567125 0.751156 0.025469 0.034719
0 0.592016 0.746531 0.030094 0.027781
0 0.631656 0.721938 0.032984 0.041094
0 0.324359 0.622687 0.035297 0.038187
0 0.310469 0.654953 0.036453 0.042531
0 0.570453 0.188219 0.043688 0.040797
0 0.744219 0.398734 0.027781 0.034719
0 0.499859 0.665656 0.036750 0.035016
0 0.538484 0.687797 0.035297 0.037609
0 0.547891 0.763891 0.029797 0.032406
0 0.574078 0.645406 0.031250 0.038484
0 0.577109 0.791672 0.021125 0.024313