0 0.118359 0.060937 0.067969 0.071875
0 0.090234 0.111719 0.055469 0.064062
0 0.350000 0.088672 0.056250 0.064844
0 0.548828 0.107031 0.069531 0.073438
0 0.625781 0.137500 0.064062 0.096875
0 0.687500 0.174609 0.059375 0.092969
0 0.725391 0.228516 0.063281 0.085156
0 0.801172 0.199609 0.071094 0.089844
0 0.867969 0.278906 0.067187 0.095312
0 0.909375 0.351562 0.068750 0.093750
0 0.928516 0.428906 0.063281 0.085938
0 0.901953 0.507812 0.060156 0.075000
0 0.896484 0.592187 0.049219 0.071875
0 0.846094 0.808984 0.054688 0.074219
0 0.850781 0.740625 0.060937 0.081250
0 0.855078 0.654687 0.066406 0.068750
0 0.074609 0.192578 0.033594 0.066406
0 0.034375 0.250000 0.046875 0.065625
0 0.032813 0.315625 0.043750 0.059375
0 0.063672 0.348047 0.046094 0.064844
0 0.071484 0.409375 0.039844 0.053125
0 0.067187 0.485156 0.043750 0.060937
0 0.053125 0.535156 0.043750 0.051562
0 0.065625 0.600781 0.046875 0.064062
0 0.175000 0.691016 0.031250 0.060156
0 0.218750 0.696875 0.053125 0.068750
0 0.278516 0.689844 0.050781 0.057813
0 0.316016 0.727344 0.053906 0.057813
0 0.382812 0.769141 0.043750 0.063281
0 0.430469 0.760156 0.051562 0.064062
0 0.478516 0.811328 0.041406 0.060156
0 0.525391 0.807422 0.050781 0.058594
0 0.578516 0.833984 0.050781 0.061719
0 0.641406 0.829297 0.051562 0.061719
0 0.696094 0.866016 0.064062 0.057031
0 0.792188 0.773047 0.059375 0.067969
0 0.774219 0.819922 0.057813 0.049219
0 0.728516 0.800000 0.060156 0.062500
0 0.764844 0.710938 0.073438 0.068750
0 0.796094 0.648828 0.042188 0.072656
0 0.834766 0.590234 0.060156 0.074219
0 0.832812 0.498828 0.065625 0.072656
0 0.866406 0.437109 0.067187 0.064844
0 0.180859 0.157812 0.049219 0.084375
0 0.246094 0.175781 0.051562 0.064062
0 0.337500 0.178516 0.043750 0.066406
0 0.396484 0.184766 0.052344 0.088281
0 0.453516 0.212891 0.050781 0.078906
0 0.510547 0.237500 0.058594 0.062500
0 0.570703 0.200781 0.063281 0.076563
0 0.630469 0.238672 0.048438 0.077344
0 0.683594 0.308984 0.064062 0.074219
0 0.760938 0.371094 0.068750 0.076563
0 0.784375 0.288672 0.056250 0.089844
0 0.833594 0.360938 0.057813 0.078125
0 0.081641 0.285156 0.050781 0.073438
0 0.128906 0.290625 0.054688 0.071875
0 0.152344 0.232031 0.051562 0.064062
0 0.137891 0.165625 0.044531 0.075000
0 0.204687 0.233984 0.040625 0.071094
0 0.244141 0.257812 0.038281 0.071875
0 0.280859 0.225391 0.052344 0.078906
0 0.345703 0.273047 0.050781 0.077344
0 0.394531 0.265625 0.048438 0.071875
0 0.470313 0.292969 0.062500 0.079687
0 0.533984 0.309766 0.046094 0.069531
0 0.598437 0.319141 0.056250 0.078906
0 0.639453 0.376172 0.047656 0.074219
0 0.691797 0.389062 0.058594 0.075000
0 0.731641 0.451562 0.053906 0.078125
0 0.772266 0.517188 0.057031 0.075000
0 0.725391 0.571875 0.066406 0.071875
0 0.715234 0.643359 0.061719 0.080469
0 0.700781 0.720703 0.048438 0.082031
0 0.669922 0.791797 0.042969 0.074219
0 0.594141 0.782813 0.063281 0.050000
0 0.528125 0.732031 0.056250 0.064062
0 0.452734 0.719141 0.042969 0.066406
0 0.403906 0.675000 0.051562 0.068750
0 0.364844 0.700781 0.045312 0.060937
0 0.391797 0.398438 0.046094 0.075000
0 0.423047 0.335156 0.055469 0.079687
0 0.485156 0.369922 0.057813 0.064844
0 0.566016 0.396094 0.057031 0.079687
0 0.580859 0.476953 0.052344 0.066406
0 0.650391 0.458203 0.057031 0.066406
0 0.688281 0.513281 0.057813 0.085938
0 0.657422 0.594531 0.055469 0.079687
0 0.658594 0.662109 0.057813 0.055469
0 0.633203 0.715234 0.053906 0.061719
0 0.563281 0.700391 0.051562 0.072656
0 0.598828 0.647656 0.053906 0.060937
0 0.587891 0.578125 0.050781 0.071875
0 0.622266 0.521875 0.050781 0.065625
0 0.498437 0.441406 0.046875 0.070312
0 0.541406 0.499219 0.042188 0.073438
0 0.524609 0.566016 0.049219 0.072656
0 0.537500 0.631641 0.053125 0.057031
0 0.500391 0.689453 0.050781 0.053906
0 0.458594 0.640625 0.054688 0.065625
0 0.106250 0.573047 0.050000 0.064844
0 0.145703 0.613281 0.044531 0.060937
0 0.187109 0.642578 0.033594 0.063281
0 0.225781 0.636328 0.042188 0.057031
0 0.273438 0.625781 0.046875 0.054688
0 0.325781 0.658203 0.035937 0.063281
0 0.358203 0.634766 0.053906 0.063281
0 0.416016 0.603516 0.053906 0.057031
0 0.485547 0.586719 0.042969 0.067187
0 0.119922 0.382031 0.049219 0.060937
0 0.109766 0.441016 0.057031 0.047656
0 0.116016 0.515625 0.044531 0.068750
0 0.152734 0.485938 0.042969 0.068750
0 0.156250 0.558594 0.046875 0.057813
0 0.202734 0.581250 0.039844 0.056250
0 0.249609 0.570703 0.042969 0.057031
0 0.159375 0.353125 0.043750 0.065625
0 0.183594 0.300781 0.042188 0.070312
0 0.202344 0.384766 0.039062 0.069531
0 0.175781 0.431250 0.048438 0.065625
0 0.205859 0.513672 0.042969 0.067969
0 0.223828 0.462500 0.044531 0.075000
0 0.253906 0.513281 0.039062 0.067187
0 0.289062 0.474219 0.037500 0.070312
0 0.257422 0.419531 0.033594 0.073438
0 0.235547 0.346875 0.055469 0.065625
0 0.296875 0.306641 0.050000 0.069531
0 0.295312 0.383984 0.046875 0.077344
0 0.356641 0.353516 0.060156 0.082031
0 0.358984 0.427344 0.042969 0.064062
0 0.345313 0.492969 0.056250 0.067187
0 0.343750 0.553125 0.059375 0.053125
0 0.303516 0.589453 0.047656 0.069531
0 0.400000 0.474219 0.050000 0.067187
0 0.387891 0.542188 0.050781 0.075000
0 0.449609 0.540625 0.036719 0.071875
0 0.446484 0.444922 0.049219 0.080469