0 0.112109 0.455078 0.049219 0.060156
0 0.167969 0.432422 0.039062 0.042969
0 0.202734 0.312891 0.049219 0.075781
0 0.372656 0.248828 0.026562 0.025781
0 0.479297 0.260547 0.039844 0.046094
0 0.516797 0.253906 0.027344 0.032813
0 0.541406 0.262500 0.023438 0.053125
0 0.553125 0.220312 0.021875 0.037500
0 0.617578 0.216406 0.032031 0.023438
0 0.644531 0.223828 0.026562 0.035156
0 0.603906 0.240625 0.026562 0.025000
0 0.573438 0.266406 0.028125 0.035937
0 0.621875 0.270703 0.021875 0.035156
0 0.667578 0.248828 0.019531 0.041406
0 0.699219 0.258984 0.023438 0.036719
0 0.723828 0.222656 0.038281 0.026562
0 0.760938 0.226953 0.028125 0.038281
0 0.783594 0.266016 0.026562 0.016406
0 0.776563 0.292969 0.040625 0.045312
0 0.821484 0.291797 0.033594 0.039844
0 0.862891 0.310547 0.044531 0.039844
0 0.882031 0.352344 0.032813 0.032813
0 0.867578 0.408203 0.022656 0.044531
0 0.890234 0.397266 0.024219 0.041406
0 0.918750 0.426563 0.025000 0.028125
0 0.882031 0.455859 0.023438 0.036719
0 0.908984 0.464844 0.030469 0.039062
0 0.892969 0.508594 0.039062 0.042188
0 0.921875 0.514453 0.018750 0.032031
0 0.910547 0.555469 0.042969 0.026562
0 0.873437 0.566406 0.025000 0.029687
0 0.932813 0.603906 0.043750 0.035937
0 0.844531 0.553125 0.017188 0.031250
0 0.852734 0.517578 0.021094 0.035156
0 0.859766 0.478125 0.022656 0.034375
0 0.906641 0.636328 0.025781 0.038281
0 0.889844 0.682422 0.042188 0.049219
0 0.863672 0.699609 0.024219 0.027344
0 0.900391 0.730078 0.032031 0.028906
0 0.880078 0.766797 0.035156 0.049219
0 0.845313 0.807813 0.046875 0.046875
0 0.806250 0.835156 0.025000 0.039062
0 0.789062 0.860547 0.025000 0.036719
0 0.633203 0.822656 0.025781 0.051562
0 0.601953 0.839453 0.028906 0.050781
0 0.574609 0.831250 0.021094 0.037500
0 0.515625 0.798828 0.028125 0.044531
0 0.492188 0.779687 0.028125 0.025000
0 0.438281 0.812500 0.032813 0.028125
0 0.399609 0.831250 0.036719 0.031250
0 0.381641 0.812891 0.028906 0.038281
0 0.334766 0.794922 0.047656 0.039844
0 0.300000 0.780078 0.028125 0.035156
0 0.267578 0.788672 0.035156 0.042969
0 0.251953 0.740234 0.032031 0.030469
0 0.280859 0.726172 0.021094 0.027344
0 0.306641 0.732812 0.025781 0.037500
0 0.331250 0.760938 0.021875 0.028125
0 0.362500 0.747266 0.040625 0.032031
0 0.382812 0.719922 0.025000 0.024219
0 0.414062 0.705469 0.028125 0.029687
0 0.393359 0.753125 0.024219 0.031250
0 0.419922 0.792578 0.024219 0.028906
0 0.432422 0.735156 0.027344 0.032813
0 0.479297 0.745313 0.036719 0.031250
0 0.510938 0.731641 0.018750 0.038281
0 0.538281 0.735547 0.026562 0.036719
0 0.535156 0.774609 0.026562 0.027344
0 0.557813 0.783984 0.018750 0.036719
0 0.222266 0.739844 0.032031 0.035937
0 0.194922 0.717187 0.030469 0.046875
0 0.250781 0.705859 0.042188 0.036719
0 0.239453 0.669531 0.038281 0.035937
0 0.186328 0.669141 0.035156 0.047656
0 0.199609 0.636328 0.039844 0.035156
0 0.203125 0.589453 0.028125 0.038281
0 0.192578 0.556250 0.035156 0.034375
0 0.217188 0.514453 0.034375 0.044531
0 0.228516 0.565234 0.022656 0.033594
0 0.231250 0.599219 0.025000 0.032813
0 0.264844 0.610156 0.023438 0.035937
0 0.258594 0.641016 0.029687 0.025781
0 0.284375 0.639844 0.028125 0.032813
0 0.310547 0.677344 0.039844 0.039062
0 0.342969 0.708203 0.039062 0.035156
0 0.321484 0.647656 0.027344 0.029687
0 0.304688 0.598437 0.021875 0.040625
0 0.329297 0.604688 0.021094 0.040625
0 0.251172 0.571484 0.030469 0.042969
0 0.274219 0.517188 0.035937 0.037500
0 0.242188 0.487109 0.046875 0.039844
0 0.283203 0.558594 0.032031 0.032813
0 0.318359 0.559375 0.027344 0.037500
0 0.348047 0.576953 0.030469 0.035156
0 0.358203 0.610156 0.022656 0.035937
0 0.360156 0.646875 0.026562 0.031250
0 0.397266 0.647656 0.038281 0.039062
0 0.398438 0.616797 0.021875 0.027344
0 0.388672 0.579688 0.027344 0.034375
0 0.368359 0.546875 0.033594 0.034375
0 0.341016 0.517578 0.022656 0.050781
0 0.315234 0.518359 0.027344 0.036719
0 0.317969 0.476172 0.039062 0.046094
0 0.300781 0.448047 0.032813 0.046094
0 0.274219 0.439063 0.042188 0.043750
0 0.326172 0.373437 0.030469 0.034375
0 0.356641 0.343359 0.025781 0.033594
0 0.377734 0.308984 0.033594 0.042969
0 0.418750 0.303906 0.031250 0.026562
0 0.421484 0.329688 0.027344 0.028125
0 0.402734 0.348828 0.033594 0.022656
0 0.377734 0.373437 0.030469 0.028125
0 0.350781 0.399609 0.035937 0.033594
0 0.339844 0.433203 0.026562 0.032031
0 0.442578 0.292187 0.032031 0.034375
0 0.449219 0.323828 0.035937 0.038281
0 0.420703 0.374609 0.032031 0.039844
0 0.398047 0.401953 0.024219 0.032031
0 0.377734 0.428516 0.024219 0.035156
0 0.358984 0.468359 0.024219 0.030469
0 0.388281 0.462500 0.026562 0.034375
0 0.379297 0.505469 0.027344 0.035937
0 0.407422 0.531250 0.027344 0.040625
0 0.435156 0.544141 0.026562 0.028906
0 0.454297 0.585938 0.039844 0.034375
0 0.414844 0.583203 0.017188 0.041406
0 0.425781 0.617578 0.017188 0.016406
0 0.445312 0.641016 0.018750 0.044531
0 0.465234 0.660937 0.024219 0.037500
0 0.478125 0.612500 0.028125 0.046875
0 0.489844 0.644141 0.029687 0.028906
0 0.496484 0.690625 0.027344 0.059375
0 0.525391 0.691797 0.019531 0.036719
0 0.543750 0.684766 0.025000 0.047656
0 0.526953 0.646094 0.032031 0.023438
0 0.503125 0.606250 0.025000 0.028125
0 0.526563 0.574219 0.025000 0.048438
0 0.460938 0.553516 0.028125 0.050781
0 0.445312 0.507031 0.034375 0.039062
0 0.467969 0.496875 0.035937 0.040625
0 0.411719 0.452344 0.026562 0.029687
0 0.438281 0.462500 0.032813 0.040625
0 0.429297 0.418750 0.033594 0.031250
0 0.455078 0.423047 0.022656 0.033594
0 0.453516 0.385156 0.032031 0.039062
0 0.476172 0.360156 0.030469 0.029687
0 0.514844 0.335156 0.026562 0.032813
0 0.489063 0.305078 0.031250 0.041406
0 0.517188 0.294531 0.018750 0.035937
0 0.548828 0.320703 0.032031 0.041406
0 0.578516 0.309766 0.022656 0.035156
0 0.650781 0.298438 0.026562 0.034375
0 0.667188 0.332422 0.037500 0.021094
0 0.696875 0.360156 0.034375 0.023438
0 0.710938 0.391406 0.021875 0.026562
0 0.734766 0.326172 0.028906 0.036719
0 0.739844 0.382812 0.039062 0.062500
0 0.775000 0.333984 0.034375 0.027344
0 0.821484 0.335547 0.027344 0.033594
0 0.806250 0.372266 0.037500 0.025781
0 0.780078 0.401953 0.032031 0.044531
0 0.814063 0.410547 0.025000 0.033594
0 0.840234 0.379297 0.021094 0.030469
0 0.825781 0.440625 0.023438 0.018750
0 0.809766 0.476953 0.038281 0.038281
0 0.793359 0.532813 0.039844 0.037500
0 0.815625 0.555859 0.018750 0.017969
0 0.837891 0.589453 0.028906 0.032031
0 0.877734 0.608594 0.033594 0.035937
0 0.847656 0.637500 0.026562 0.034375
0 0.828906 0.741797 0.023438 0.030469
0 0.817578 0.779687 0.035156 0.031250
0 0.777344 0.792188 0.026562 0.037500
0 0.748437 0.747656 0.021875 0.032813
0 0.774219 0.734375 0.026562 0.034375
0 0.798047 0.645703 0.027344 0.041406
0 0.800000 0.597266 0.034375 0.035156
0 0.775781 0.569141 0.023438 0.022656
0 0.592578 0.736328 0.038281 0.035156
0 0.600391 0.700781 0.025781 0.042188
0 0.603125 0.651953 0.025000 0.044531
0 0.612109 0.612500 0.027344 0.043750
0 0.610547 0.569531 0.027344 0.039062
0 0.628516 0.533203 0.032031 0.038281
0 0.639062 0.491016 0.018750 0.035156
0 0.647266 0.452344 0.022656 0.042188
0 0.664062 0.406641 0.021875 0.035156
0 0.626172 0.383594 0.042969 0.042188
0 0.628906 0.338281 0.032813 0.042188
0 0.597266 0.338672 0.025781 0.046094
0 0.569141 0.339844 0.038281 0.039062
0 0.542969 0.367188 0.029687 0.021875
0 0.510547 0.382422 0.046094 0.042969
0 0.476172 0.397656 0.030469 0.032813
0 0.480469 0.441797 0.039062 0.039844
0 0.500781 0.483594 0.029687 0.032813
0 0.491016 0.531250 0.035156 0.034375
0 0.522656 0.519922 0.020313 0.027344
0 0.560547 0.517969 0.021094 0.023438
0 0.604906 0.499437 0.031250 0.043531
0 0.614672 0.461500 0.035156 0.043531
0 0.586781 0.419078 0.035156 0.045766
0 0.556922 0.403188 0.031250 0.040734
0 0.539062 0.425781 0.033484 0.039062
0 0.505578 0.417406 0.031250 0.042406
0 0.519250 0.453688 0.034047 0.034594
0 0.540453 0.479625 0.031813 0.035156
0 0.556078 0.448109 0.031813 0.036828
0 0.575609 0.471547 0.030687 0.036828
0 0.555531 0.558031 0.026234 0.031250
0 0.576172 0.546031 0.027344 0.036266
0 0.557484 0.599891 0.018969 0.039062
0 0.582594 0.615234 0.031250 0.034047
0 0.558312 0.640625 0.025109 0.037953
0 0.640906 0.779016 0.020641 0.026781
0 0.641469 0.747484 0.024000 0.037391
0 0.616906 0.721547 0.024000 0.030141
0 0.617188 0.679969 0.029016 0.040734
0 0.630016 0.646203 0.032359 0.040172
0 0.638953 0.607422 0.027906 0.038500
0 0.638109 0.568078 0.021766 0.040172
0 0.669922 0.483812 0.038500 0.043531
0 0.677734 0.444469 0.034047 0.045203
0 0.721812 0.450609 0.035156 0.039625
0 0.743578 0.445875 0.029578 0.041297
0 0.782922 0.442250 0.030141 0.036266
0 0.703969 0.494422 0.028453 0.042406
0 0.736328 0.498047 0.028453 0.038500
0 0.771203 0.482984 0.033484 0.048547
0 0.682750 0.526500 0.039625 0.035156
0 0.691406 0.589562 0.034594 0.042969
0 0.670766 0.616344 0.026781 0.025109
0 0.689172 0.659312 0.030141 0.032922
0 0.666016 0.675500 0.028453 0.034047
0 0.651500 0.702562 0.030687 0.036828
0 0.719031 0.726562 0.038500 0.049109
0 0.690297 0.694469 0.025672 0.034047
0 0.716516 0.683031 0.031250 0.044641
0 0.705922 0.619703 0.030141 0.038500
0 0.727125 0.591516 0.030141 0.035719
0 0.727125 0.527906 0.027906 0.026781
0 0.740516 0.549672 0.021203 0.021203
0 0.752516 0.587047 0.022875 0.029016
0 0.762828 0.619141 0.025672 0.024000
0 0.740234 0.637281 0.029578 0.029016
0 0.763109 0.667125 0.026234 0.028453
0 0.770375 0.693922 0.025109 0.035156
0 0.817250 0.664625 0.029578 0.047984