0 0.138672 0.275391 0.096094 0.113281
0 0.223828 0.250000 0.094531 0.100000
0 0.313281 0.235156 0.089063 0.114062
0 0.475000 0.253516 0.109375 0.091406
0 0.566406 0.303906 0.070312 0.101562
0 0.677734 0.330859 0.071094 0.099219
0 0.710156 0.404297 0.073438 0.092969
0 0.776953 0.434766 0.063281 0.091406
0 0.778516 0.530469 0.063281 0.089063
0 0.828516 0.647656 0.066406 0.095312
0 0.823438 0.719531 0.075000 0.064062
0 0.794922 0.809766 0.074219 0.091406
0 0.790625 0.899609 0.075000 0.089844
0 0.667578 0.851172 0.066406 0.067969
0 0.546094 0.867578 0.070312 0.094531
0 0.486719 0.843359 0.101562 0.089844
0 0.326953 0.870313 0.069531 0.093750
0 0.366406 0.800391 0.076563 0.075781
0 0.397266 0.852344 0.066406 0.054688
0 0.434375 0.730859 0.068750 0.074219
0 0.500781 0.742969 0.057813 0.073438
0 0.558984 0.785937 0.055469 0.043750
0 0.613281 0.738281 0.064062 0.076563
0 0.671484 0.765625 0.055469 0.071875
0 0.728516 0.803125 0.044531 0.084375
0 0.752344 0.718359 0.067187 0.099219
0 0.750781 0.625391 0.048438 0.110156
0 0.723047 0.499219 0.074219 0.085938
0 0.696875 0.604297 0.084375 0.102344
0 0.630469 0.646875 0.076563 0.093750
0 0.583984 0.612109 0.064844 0.089844
0 0.560156 0.691797 0.070312 0.108594
0 0.279687 0.810547 0.059375 0.096094
0 0.348828 0.729688 0.075781 0.087500
0 0.284766 0.633594 0.069531 0.082812
0 0.358203 0.605078 0.060156 0.085156
0 0.430078 0.635156 0.082031 0.085938
0 0.505859 0.640234 0.061719 0.102344
0 0.536719 0.531641 0.057813 0.082031
0 0.567969 0.458594 0.057813 0.073438
0 0.645703 0.470703 0.063281 0.078906
0 0.616016 0.553516 0.069531 0.078906
0 0.620313 0.372266 0.071875 0.069531
0 0.497656 0.353125 0.079687 0.084375
0 0.506641 0.436328 0.075781 0.103906
0 0.460156 0.525000 0.070312 0.096875
0 0.405859 0.487500 0.071094 0.087500
0 0.435547 0.384766 0.077344 0.100781
0 0.379688 0.311328 0.071875 0.091406
0 0.355078 0.427734 0.072656 0.102344
0 0.269531 0.440234 0.085938 0.102344
0 0.199609 0.499609 0.096094 0.086719
0 0.175391 0.556250 0.088281 0.096875
0 0.126172 0.423047 0.086719 0.105469
0 0.192578 0.360547 0.088281 0.121094
0 0.281250 0.341797 0.090625 0.108594
0 0.336328 0.525000 0.078906 0.059375
0 0.266406 0.557813 0.060937 0.062500