0 0.141469 0.421594 0.026234 0.037391
0 0.178844 0.397875 0.025109 0.036828
0 0.206750 0.387828 0.025109 0.034594
0 0.223219 0.360766 0.029016 0.034047
0 0.242188 0.311937 0.033484 0.034594
0 0.246375 0.270922 0.035156 0.046312
0 0.293250 0.269250 0.044078 0.040734
0 0.292687 0.235766 0.022875 0.029578
0 0.310828 0.210094 0.034594 0.034047
0 0.393688 0.174672 0.030687 0.039062
0 0.438344 0.179125 0.028453 0.043531
0 0.466797 0.173828 0.029578 0.044078
0 0.519531 0.198109 0.025672 0.039062
0 0.546875 0.207875 0.035719 0.042969
0 0.609938 0.236891 0.030141 0.036266
0 0.647328 0.232703 0.031250 0.043531
0 0.694203 0.230750 0.022328 0.037391
0 0.670484 0.258656 0.021766 0.044078
0 0.720703 0.254750 0.030687 0.051891
0 0.752234 0.282641 0.037953 0.045203
0 0.746656 0.323375 0.033484 0.037391
0 0.744422 0.366906 0.024547 0.041859
0 0.761437 0.385328 0.025109 0.045203
0 0.747203 0.416297 0.030141 0.042406
0 0.759203 0.462328 0.029578 0.038500
0 0.786266 0.457875 0.023438 0.031813
0 0.782641 0.497203 0.036266 0.036828
0 0.782094 0.529578 0.028453 0.039062
0 0.765062 0.554406 0.030141 0.037391
0 0.809703 0.568078 0.036828 0.040172
0 0.787672 0.588172 0.032922 0.046875
0 0.781531 0.626391 0.029578 0.038500
0 0.788219 0.660719 0.031813 0.035719
0 0.774547 0.699781 0.026781 0.031250
0 0.799391 0.706750 0.022875 0.029578
0 0.749719 0.719859 0.030687 0.037953
0 0.757531 0.748609 0.024000 0.035156
0 0.727953 0.740797 0.022875 0.041859
0 0.683594 0.764516 0.027906 0.044641
0 0.655406 0.768422 0.022875 0.032359
0 0.625844 0.762281 0.026234 0.037953
0 0.464000 0.790734 0.024000 0.039062
0 0.434984 0.788219 0.026234 0.042969
0 0.409047 0.765906 0.025672 0.034047
0 0.419078 0.723219 0.021203 0.035719
0 0.456750 0.737719 0.025109 0.033484
0 0.489672 0.731313 0.024000 0.031813
0 0.364125 0.683594 0.022875 0.027906
0 0.286828 0.573656 0.026781 0.033484
0 0.210094 0.544078 0.029578 0.036828
0 0.196703 0.507531 0.027344 0.028453
0 0.224891 0.463734 0.027906 0.034594
0 0.220984 0.419922 0.022328 0.031813
0 0.248891 0.400109 0.029016 0.039062
0 0.271203 0.409312 0.033484 0.039625
0 0.253906 0.446422 0.030141 0.031250
0 0.232984 0.498891 0.017297 0.026781
0 0.254750 0.490516 0.027344 0.032359
0 0.272047 0.516469 0.021766 0.024000
0 0.267859 0.551625 0.026781 0.031813
0 0.287109 0.503625 0.029578 0.034047
0 0.301344 0.530687 0.029016 0.032359
0 0.326172 0.529578 0.025109 0.036828
0 0.364953 0.544078 0.031250 0.036828
0 0.320312 0.605750 0.026781 0.030687
0 0.341797 0.570594 0.025109 0.034047
0 0.363563 0.588734 0.032922 0.039062
0 0.359375 0.629469 0.031250 0.040172
0 0.380016 0.662391 0.034594 0.039062
0 0.407922 0.686391 0.034594 0.035719
0 0.515062 0.466797 0.025672 0.036266
0 0.512281 0.425781 0.024547 0.043531
0 0.351812 0.219234 0.031734 0.047859
0 0.392328 0.221922 0.026859 0.041500
0 0.422125 0.211922 0.027828 0.048828
0 0.435297 0.260250 0.032719 0.055672
0 0.467047 0.219969 0.029781 0.047359
0 0.503422 0.233406 0.030281 0.046875
0 0.375250 0.248047 0.033687 0.042969
0 0.323250 0.241703 0.027344 0.032234
0 0.358406 0.281250 0.027344 0.041016
0 0.321781 0.295656 0.026375 0.042484
0 0.281250 0.305906 0.035156 0.037594
0 0.260500 0.354984 0.032719 0.036141
0 0.290281 0.378172 0.029781 0.033687
0 0.307859 0.342531 0.031734 0.038578
0 0.344969 0.320312 0.031734 0.035156
0 0.342047 0.358406 0.039547 0.037109
0 0.323484 0.392328 0.037594 0.034672
0 0.306891 0.421625 0.039547 0.040531
0 0.293219 0.453859 0.027828 0.040531
0 0.331297 0.451906 0.027828 0.040531
0 0.349609 0.421141 0.029297 0.041500
0 0.365969 0.395516 0.030766 0.035156
0 0.377688 0.359625 0.017094 0.029781
0 0.402594 0.346187 0.041500 0.047859
0 0.389891 0.293703 0.031734 0.046391
0 0.416266 0.295172 0.023922 0.047359
0 0.446531 0.307125 0.025875 0.045906
0 0.472172 0.314703 0.028328 0.047359
0 0.487797 0.278078 0.022469 0.040531
0 0.517328 0.271000 0.028813 0.045906
0 0.547125 0.293219 0.029781 0.035641
0 0.559078 0.259516 0.024422 0.044438
0 0.589844 0.272953 0.025391 0.043953
0 0.625250 0.277828 0.027828 0.038094
0 0.647469 0.299078 0.031250 0.041500
0 0.676266 0.329594 0.028328 0.038094
0 0.698969 0.365484 0.028813 0.039547
0 0.696047 0.410406 0.028813 0.033687
0 0.699703 0.451172 0.038094 0.037109
0 0.705562 0.480219 0.022469 0.026859
0 0.738281 0.494391 0.025391 0.031734
0 0.716797 0.514406 0.025391 0.036625
0 0.731203 0.553219 0.026859 0.034187
0 0.724609 0.600344 0.031250 0.032719
0 0.749266 0.625734 0.023922 0.034672
0 0.761234 0.661141 0.030281 0.033203
0 0.740484 0.691156 0.027828 0.032719
0 0.705078 0.677984 0.027344 0.041500
0 0.691891 0.719234 0.028328 0.036141
0 0.662359 0.720703 0.025875 0.035156
0 0.618891 0.709469 0.026859 0.036141
0 0.645516 0.697750 0.031250 0.038094
0 0.676031 0.657953 0.025875 0.038578
0 0.675047 0.619141 0.025875 0.037109
0 0.687750 0.586188 0.027828 0.035641
0 0.697016 0.551266 0.030766 0.040047
0 0.682125 0.519781 0.030281 0.037594
0 0.681156 0.481687 0.030281 0.029781
0 0.659672 0.447750 0.034187 0.040047
0 0.667484 0.403328 0.032234 0.042969
0 0.658687 0.374031 0.032234 0.033203
0 0.639156 0.336187 0.032234 0.043453
0 0.611078 0.318359 0.032719 0.046875
0 0.581781 0.311281 0.034672 0.040531
0 0.515625 0.731687 0.025391 0.029781
0 0.547125 0.726562 0.020016 0.035156
0 0.574469 0.704594 0.023922 0.030281
0 0.575688 0.735109 0.022469 0.034672
0 0.445312 0.691156 0.023438 0.026859
0 0.473875 0.684078 0.023922 0.026375
0 0.499516 0.689937 0.022469 0.036141
0 0.547359 0.680672 0.028328 0.029297
0 0.568109 0.654547 0.024906 0.037594
0 0.596922 0.635984 0.023922 0.037594
0 0.620844 0.634281 0.021000 0.040047
0 0.649172 0.643313 0.024906 0.038578
0 0.648187 0.605219 0.028813 0.038578
0 0.654297 0.568359 0.027344 0.031250
0 0.656250 0.532953 0.031250 0.038578
0 0.650391 0.486812 0.027344 0.034187
0 0.317141 0.491219 0.021000 0.027344
0 0.350828 0.493406 0.029781 0.039547
0 0.375250 0.476813 0.025875 0.045406
0 0.398922 0.454828 0.032234 0.042484
0 0.395516 0.415531 0.031250 0.038094
0 0.416500 0.385500 0.030281 0.040531
0 0.437250 0.344734 0.026859 0.033203
0 0.470703 0.362063 0.027344 0.036625
0 0.493891 0.348641 0.030766 0.039062
0 0.510750 0.319094 0.025391 0.034672
0 0.537594 0.335938 0.034187 0.050781
0 0.573734 0.349125 0.032234 0.036141
0 0.603766 0.353266 0.027828 0.038578
0 0.618656 0.383797 0.034187 0.035156
0 0.634281 0.418219 0.036141 0.035641
0 0.424812 0.424312 0.029297 0.043953
0 0.453859 0.404297 0.030766 0.042969
0 0.486812 0.387453 0.028328 0.046391
0 0.520750 0.379391 0.029781 0.043953
0 0.562984 0.385250 0.026375 0.034187
0 0.590828 0.403078 0.027344 0.046391
0 0.391844 0.521734 0.027828 0.039547
0 0.396234 0.571781 0.032719 0.042000
0 0.394781 0.616453 0.031734 0.041500
0 0.415047 0.639656 0.031250 0.042969
0 0.449219 0.661859 0.027344 0.030766
0 0.447016 0.623781 0.026859 0.036625
0 0.483156 0.619391 0.026859 0.035641
0 0.476312 0.652094 0.030766 0.038578
0 0.519531 0.658203 0.031250 0.037109
0 0.514406 0.624266 0.028813 0.031734
0 0.567391 0.618172 0.029297 0.029297
0 0.536625 0.596688 0.026375 0.037109
0 0.579594 0.573250 0.024422 0.041016
0 0.623297 0.559328 0.025875 0.040531
0 0.622312 0.516359 0.023922 0.036625
0 0.603766 0.484859 0.029781 0.045906
0 0.624031 0.460203 0.025391 0.043453
0 0.597406 0.444828 0.028813 0.038094
0 0.567875 0.425781 0.034187 0.044922
0 0.538094 0.411141 0.023438 0.041016
0 0.481938 0.430172 0.030281 0.045906
0 0.432125 0.467281 0.034187 0.040047
0 0.415531 0.494625 0.022469 0.032234
0 0.419922 0.537844 0.021484 0.040531
0 0.445062 0.545906 0.026859 0.039062
0 0.477047 0.569578 0.038094 0.033687
0 0.453859 0.585687 0.026859 0.042484
0 0.424078 0.576656 0.027828 0.034187
0 0.507562 0.585938 0.032719 0.035156
0 0.531734 0.558844 0.026375 0.037594
0 0.559328 0.540766 0.021000 0.036625
0 0.574469 0.518563 0.025875 0.033203
0 0.595703 0.536375 0.019531 0.037594
0 0.444344 0.507078 0.039062 0.041500
0 0.472906 0.479984 0.029781 0.042000
0 0.494875 0.494875 0.034672 0.044438
0 0.472656 0.527594 0.029297 0.043453
0 0.506594 0.545406 0.026859 0.040047
0 0.524656 0.518313 0.025875 0.050297
0 0.543219 0.462406 0.021969 0.038094
0 0.548828 0.496094 0.027344 0.042969
0 0.573000 0.475344 0.026859 0.030766