0 0.495500 0.139125 0.046281 0.054688
0 0.544172 0.113875 0.045078 0.045078
0 0.547172 0.157156 0.048672 0.049875
0 0.623203 0.117484 0.058891 0.057094
0 0.702828 0.115984 0.045078 0.054094
0 0.755109 0.120797 0.041469 0.061297
0 0.798078 0.156250 0.050484 0.062500
0 0.878609 0.160750 0.052891 0.057094
0 0.922172 0.195016 0.070312 0.075125
0 0.933891 0.281547 0.057688 0.070312
0 0.884313 0.239781 0.052281 0.056484
0 0.832031 0.215141 0.046281 0.064906
0 0.852469 0.273438 0.053484 0.066109
0 0.892734 0.335344 0.066703 0.062500
0 0.855766 0.413156 0.055281 0.059500
0 0.815500 0.468156 0.051687 0.068516
0 0.779750 0.523438 0.057094 0.070906
0 0.368859 0.782922 0.045766 0.079234
0 0.422156 0.755016 0.047438 0.068078
0 0.475172 0.745250 0.041859 0.070875
0 0.550219 0.705641 0.042406 0.063062
0 0.585938 0.681641 0.042406 0.057484
0 0.642578 0.636156 0.050781 0.066969
0 0.686937 0.604078 0.054688 0.067516
0 0.741906 0.580641 0.061937 0.071984
0 0.315297 0.755578 0.043531 0.071422
0 0.294641 0.722938 0.040172 0.048547
0 0.357703 0.701172 0.036828 0.067516
0 0.443641 0.698109 0.045766 0.052453
0 0.267016 0.688891 0.047438 0.063062
0 0.255859 0.648156 0.040734 0.050781
0 0.234656 0.605469 0.036266 0.052453
0 0.264781 0.582594 0.031813 0.064734
0 0.302453 0.572547 0.042406 0.064734
0 0.346266 0.562500 0.045203 0.053578
0 0.386156 0.525672 0.042406 0.053578
0 0.387281 0.588734 0.046875 0.050219
0 0.421594 0.558312 0.048547 0.071984
0 0.460375 0.499156 0.043531 0.058594
0 0.553844 0.497203 0.042969 0.059156
0 0.512828 0.535719 0.041297 0.049109
0 0.589562 0.523719 0.045203 0.071984
0 0.547719 0.559438 0.044078 0.058594
0 0.637000 0.511719 0.057484 0.059156
0 0.642016 0.571703 0.042969 0.063062
0 0.541859 0.622203 0.041297 0.072547
0 0.488563 0.672156 0.053016 0.069750
0 0.456469 0.619141 0.042406 0.057484
0 0.403453 0.639781 0.063609 0.049672
0 0.340687 0.659047 0.056359 0.054688
0 0.296594 0.628344 0.050781 0.060266
0 0.690016 0.537953 0.045203 0.073656
0 0.700609 0.448937 0.048547 0.074219
0 0.755578 0.458422 0.049109 0.070875
0 0.791859 0.412109 0.043531 0.060828
0 0.829516 0.348766 0.045203 0.070312
0 0.791859 0.274000 0.045766 0.065844
0 0.785719 0.220422 0.053578 0.059156
0 0.746938 0.178016 0.049672 0.056922
0 0.696156 0.161000 0.044078 0.058594
0 0.649000 0.197828 0.036828 0.067516
0 0.606313 0.185828 0.045203 0.050219
0 0.575609 0.236609 0.041859 0.051344
0 0.621938 0.249719 0.047438 0.059703
0 0.706187 0.230750 0.046312 0.061937
0 0.735766 0.278734 0.049672 0.061937
0 0.682750 0.295484 0.044078 0.061937
0 0.714000 0.331188 0.050781 0.068641
0 0.769531 0.340125 0.043531 0.061937
0 0.389516 0.211500 0.044641 0.047984
0 0.482141 0.199500 0.042406 0.046312
0 0.416297 0.234656 0.044641 0.054125
0 0.457875 0.243297 0.040734 0.064734
0 0.525672 0.232703 0.053578 0.061391
0 0.504750 0.276234 0.038500 0.061391
0 0.535156 0.317250 0.039062 0.067516
0 0.575891 0.296875 0.040172 0.060266
0 0.570312 0.346813 0.046875 0.053016
0 0.622484 0.319469 0.041859 0.058594
0 0.657922 0.351000 0.043531 0.068078
0 0.689734 0.390344 0.055797 0.064172
0 0.740797 0.389234 0.048547 0.073109
0 0.208141 0.511719 0.047984 0.074781
0 0.250563 0.516469 0.034594 0.057484
0 0.296875 0.496656 0.046875 0.060266
0 0.348500 0.496938 0.047438 0.058594
0 0.386437 0.465688 0.036266 0.058594
0 0.426063 0.447266 0.041859 0.064172
0 0.474328 0.426063 0.042406 0.064172
0 0.529297 0.433875 0.051891 0.053016
0 0.527625 0.382812 0.046312 0.060266
0 0.476281 0.366906 0.055250 0.064172
0 0.468469 0.309156 0.053016 0.062500
0 0.421875 0.287672 0.042406 0.053016
0 0.354906 0.245250 0.049109 0.055250
0 0.303578 0.282094 0.044641 0.048547
0 0.329797 0.303297 0.045766 0.057484
0 0.293812 0.352125 0.036266 0.054688
0 0.331469 0.365234 0.040172 0.063062
0 0.259766 0.362172 0.039625 0.050219
0 0.283766 0.404297 0.042969 0.047438
0 0.320031 0.443922 0.046312 0.059703
0 0.350453 0.416578 0.044641 0.060828
0 0.232703 0.429125 0.050219 0.052453
0 0.267297 0.458141 0.043531 0.061391
0 0.380016 0.370250 0.034594 0.061937
0 0.383656 0.303578 0.044078 0.058031
0 0.571984 0.414062 0.047984 0.062500
0 0.615797 0.388672 0.041859 0.060828
0 0.595141 0.454797 0.045203 0.068078
0 0.648156 0.435266 0.059703 0.080359