0 0.419922 0.240234 0.092969 0.146094
0 0.516797 0.248828 0.108594 0.135156
0 0.469922 0.349609 0.108594 0.130469
0 0.349219 0.336328 0.104688 0.113281
0 0.271875 0.346094 0.078125 0.114062
0 0.297656 0.456250 0.085938 0.118750
0 0.377344 0.462109 0.089063 0.105469
0 0.225000 0.517188 0.096875 0.103125
0 0.203906 0.631250 0.095312 0.109375
0 0.196875 0.776563 0.093750 0.090625
0 0.230859 0.836328 0.105469 0.075781
0 0.277344 0.903906 0.076563 0.076563
0 0.376172 0.883203 0.083594 0.082031
0 0.464453 0.854297 0.082031 0.083594
0 0.440234 0.912891 0.092969 0.066406
0 0.512500 0.905469 0.075000 0.076563
0 0.595703 0.912109 0.078906 0.077344
0 0.671875 0.853906 0.075000 0.085938
0 0.545703 0.842578 0.075781 0.085156
0 0.722656 0.758984 0.095312 0.086719
0 0.755469 0.818359 0.092188 0.067969
0 0.796484 0.712500 0.077344 0.071875
0 0.892188 0.658203 0.081250 0.094531
0 0.864844 0.550000 0.082812 0.106250
0 0.787109 0.362109 0.102344 0.108594
0 0.837500 0.431250 0.118750 0.109375
0 0.575000 0.362891 0.081250 0.128906
0 0.675000 0.375781 0.090625 0.120313
0 0.531641 0.474219 0.088281 0.110937
0 0.462891 0.523438 0.085156 0.112500
0 0.362500 0.597266 0.103125 0.082031
0 0.289453 0.665234 0.094531 0.111719
0 0.294531 0.785156 0.095312 0.095312
0 0.358594 0.752344 0.079687 0.095312
0 0.450781 0.743750 0.082812 0.103125
0 0.529297 0.719922 0.074219 0.089844
0 0.613672 0.666016 0.086719 0.088281
0 0.625391 0.769141 0.066406 0.097656
0 0.452344 0.663281 0.092188 0.092188
0 0.530078 0.581250 0.075781 0.103125
0 0.610938 0.518750 0.075000 0.112500
0 0.678516 0.545312 0.082031 0.087500
0 0.766797 0.583984 0.067969 0.074219