0 0.546094 0.105469 0.060937 0.079687
0 0.598437 0.142187 0.056250 0.065625
0 0.694531 0.161719 0.051562 0.070312
0 0.631641 0.209375 0.060156 0.062500
0 0.562891 0.223828 0.057031 0.069531
0 0.442188 0.218750 0.059375 0.065625
0 0.483594 0.278906 0.057813 0.070312
0 0.539062 0.292969 0.050000 0.067187
0 0.587500 0.273828 0.046875 0.078906
0 0.728906 0.220703 0.064062 0.069531
0 0.780859 0.243750 0.052344 0.065625
0 0.653906 0.282031 0.051562 0.067187
0 0.714453 0.289062 0.044531 0.075000
0 0.814844 0.292578 0.057813 0.063281
0 0.744141 0.329688 0.057031 0.075000
0 0.416406 0.278125 0.048438 0.056250
0 0.378906 0.332031 0.054688 0.064062
0 0.273047 0.375000 0.061719 0.075000
0 0.246875 0.451172 0.062500 0.089844
0 0.202734 0.482031 0.064844 0.064062
0 0.155078 0.623047 0.050781 0.077344
0 0.229687 0.569141 0.053125 0.072656
0 0.256641 0.516406 0.050781 0.060937
0 0.242578 0.635938 0.053906 0.056250
0 0.295312 0.658594 0.043750 0.057813
0 0.253125 0.711328 0.037500 0.053906
0 0.291406 0.726562 0.042188 0.050000
0 0.278516 0.589063 0.041406 0.059375
0 0.325781 0.544531 0.054688 0.042188
0 0.310156 0.456250 0.051562 0.056250
0 0.338672 0.409375 0.052344 0.065625
0 0.394531 0.419922 0.051562 0.083594
0 0.357812 0.492578 0.050000 0.082031
0 0.416797 0.493359 0.052344 0.055469
0 0.398438 0.548438 0.053125 0.065625
0 0.388672 0.636719 0.046094 0.054688
0 0.337500 0.598047 0.056250 0.061719
0 0.403516 0.704688 0.047656 0.053125
0 0.388281 0.747266 0.054688 0.050781
0 0.448828 0.784375 0.060156 0.071875
0 0.519922 0.739062 0.046094 0.068750
0 0.555469 0.688672 0.035937 0.067969
0 0.584375 0.770703 0.040625 0.057031
0 0.638281 0.759766 0.048438 0.063281
0 0.672266 0.717969 0.057031 0.079687
0 0.711719 0.677734 0.045312 0.049219
0 0.710547 0.738281 0.027344 0.057813
0 0.748437 0.757422 0.037500 0.055469
0 0.804297 0.770703 0.049219 0.053906
0 0.751953 0.700000 0.041406 0.062500
0 0.787891 0.714844 0.032031 0.048438
0 0.850391 0.742969 0.053906 0.039062
0 0.862891 0.687109 0.044531 0.049219
0 0.901563 0.712109 0.021875 0.055469
0 0.911719 0.641406 0.051562 0.073438
0 0.894531 0.569922 0.045312 0.061719
0 0.864062 0.494531 0.050000 0.060937
0 0.866406 0.435156 0.054688 0.067187
0 0.836719 0.364844 0.032813 0.057813
0 0.791406 0.355469 0.039062 0.057813
0 0.453516 0.335938 0.050781 0.084375
0 0.510938 0.342187 0.053125 0.062500
0 0.444141 0.419922 0.041406 0.067969
0 0.473047 0.484766 0.055469 0.063281
0 0.451562 0.548438 0.053125 0.062500
0 0.427734 0.606250 0.049219 0.068750
0 0.491797 0.600391 0.049219 0.053906
0 0.532031 0.612109 0.032813 0.061719
0 0.563672 0.564453 0.055469 0.063281
0 0.599609 0.599609 0.039844 0.061719
0 0.649219 0.570703 0.045312 0.075781
0 0.693750 0.583203 0.037500 0.057031
0 0.751953 0.624219 0.035156 0.057813
0 0.795703 0.660547 0.035156 0.039844
0 0.834766 0.619141 0.060156 0.053906
0 0.839063 0.548047 0.034375 0.064844
0 0.783594 0.496484 0.039062 0.064844
0 0.799219 0.430859 0.039062 0.058594
0 0.505469 0.431250 0.057813 0.062500
0 0.552734 0.399609 0.049219 0.083594
0 0.594141 0.358984 0.047656 0.061719
0 0.672656 0.373828 0.051562 0.082031
0 0.713672 0.364063 0.039844 0.056250
0 0.741406 0.407422 0.051562 0.061719
0 0.617578 0.421875 0.047656 0.065625
0 0.506250 0.528125 0.043750 0.056250
0 0.566406 0.493359 0.051562 0.052344
0 0.616406 0.500391 0.054688 0.060156
0 0.682813 0.435937 0.050000 0.043750
0 0.684375 0.498437 0.046875 0.062500
0 0.723828 0.473047 0.038281 0.055469
0 0.720703 0.533984 0.044531 0.052344
0 0.775781 0.567578 0.048438 0.060156
0 0.598437 0.707031 0.037500 0.051562