0 0.612500 0.173047 0.075000 0.102344
0 0.704297 0.217578 0.083594 0.097656
0 0.755078 0.296484 0.066406 0.089844
0 0.796875 0.387891 0.065625 0.072656
0 0.786328 0.456641 0.035156 0.060156
0 0.748047 0.460938 0.039844 0.071875
0 0.760156 0.528516 0.045312 0.075781
0 0.727734 0.596875 0.055469 0.062500
0 0.712891 0.533984 0.053906 0.080469
0 0.667578 0.588281 0.050781 0.070312
0 0.617969 0.624609 0.048438 0.074219
0 0.592969 0.705859 0.045312 0.089844
0 0.529297 0.717969 0.055469 0.092188
0 0.551172 0.788281 0.058594 0.064062
0 0.519141 0.837891 0.063281 0.069531
0 0.475781 0.803906 0.076563 0.060937
0 0.379297 0.784375 0.077344 0.087500
0 0.311719 0.736328 0.073438 0.100781
0 0.260547 0.612891 0.071094 0.107031
0 0.242188 0.510547 0.075000 0.105469
0 0.254688 0.380469 0.087500 0.120313
0 0.342578 0.385156 0.072656 0.104688
0 0.373437 0.270313 0.096875 0.121875
0 0.524219 0.259375 0.073438 0.103125
0 0.610938 0.265625 0.071875 0.078125
0 0.457422 0.354687 0.064844 0.109375
0 0.504297 0.369141 0.042969 0.094531
0 0.596484 0.365625 0.067969 0.103125
0 0.665625 0.366797 0.056250 0.102344
0 0.683594 0.292187 0.045312 0.075000
0 0.678516 0.450781 0.044531 0.076563
0 0.618359 0.441016 0.058594 0.100781
0 0.542188 0.437500 0.059375 0.096875
0 0.490625 0.480469 0.065625 0.092188
0 0.417187 0.462891 0.081250 0.103906
0 0.331641 0.503125 0.085156 0.103125
0 0.346484 0.594141 0.064844 0.082031
0 0.400781 0.633594 0.060937 0.082812
0 0.472266 0.655859 0.066406 0.096094
0 0.530078 0.606250 0.053906 0.081250
0 0.560156 0.521875 0.054688 0.100000
0 0.614453 0.515234 0.050781 0.071094
0 0.490234 0.553125 0.052344 0.065625
0 0.425391 0.556641 0.069531 0.091406