0 0.337359 0.198516 0.072438 0.101562
0 0.392406 0.175078 0.074578 0.114344
0 0.530547 0.173656 0.100859 0.125703
0 0.634594 0.281953 0.084516 0.132109
0 0.506391 0.295094 0.083812 0.121453
0 0.420094 0.287641 0.081672 0.115062
0 0.322797 0.301484 0.085938 0.114344
0 0.291547 0.392750 0.088781 0.103688
0 0.379609 0.415844 0.077422 0.098719
0 0.453125 0.380687 0.068187 0.107953
0 0.579906 0.383516 0.074578 0.099437
0 0.677906 0.400922 0.074578 0.108672
0 0.758875 0.470531 0.077422 0.097297
0 0.788703 0.579547 0.074578 0.090906
0 0.794750 0.677906 0.078125 0.102984
0 0.757109 0.781609 0.088063 0.094453
0 0.682891 0.837000 0.070312 0.100141
0 0.603688 0.797937 0.065344 0.093047
0 0.524500 0.795094 0.071734 0.095875
0 0.457031 0.800078 0.073156 0.114344
0 0.384594 0.806813 0.064625 0.096594
0 0.304328 0.824578 0.077422 0.083812
0 0.229047 0.830250 0.066047 0.100859
0 0.173297 0.760656 0.065344 0.086641
0 0.211641 0.676844 0.071016 0.098016
0 0.234016 0.588422 0.073156 0.094453
0 0.259234 0.482594 0.063922 0.093047
0 0.302906 0.568531 0.071734 0.097297
0 0.288703 0.654125 0.074578 0.092328
0 0.266688 0.746797 0.073156 0.101562
0 0.338422 0.719812 0.080250 0.110078
0 0.413703 0.695312 0.071734 0.100859
0 0.479047 0.680750 0.077422 0.085938
0 0.561078 0.676484 0.073859 0.083094
0 0.634938 0.694953 0.062500 0.097297
0 0.710938 0.628547 0.078125 0.103688
0 0.681813 0.545813 0.068187 0.094453
0 0.614703 0.467687 0.081672 0.097297
0 0.600500 0.562141 0.078828 0.101562
0 0.516687 0.553984 0.081672 0.107953
0 0.522016 0.455609 0.080969 0.101562
0 0.456672 0.492188 0.080969 0.109375
0 0.389922 0.532312 0.080969 0.093047
0 0.364703 0.625359 0.081672 0.102984