0 0.079687 0.250391 0.067187 0.080469
0 0.153125 0.244141 0.075000 0.094531
0 0.271484 0.199219 0.071094 0.076563
0 0.242969 0.273438 0.067187 0.081250
0 0.350000 0.202344 0.068750 0.098438
0 0.444531 0.174219 0.073437 0.089062
0 0.403125 0.228125 0.065625 0.115625
0 0.514062 0.189844 0.075000 0.095312
0 0.562891 0.178125 0.085156 0.084375
0 0.688225 0.178906 0.067299 0.092188
0 0.046875 0.336719 0.078125 0.089062
0 0.121987 0.323438 0.075223 0.096875
0 0.196094 0.324609 0.067187 0.078906
0 0.311161 0.273438 0.078571 0.093750
0 0.378125 0.321094 0.068750 0.104687
0 0.452844 0.294359 0.060828 0.093188
0 0.513109 0.281813 0.058594 0.074781
0 0.575328 0.277625 0.072547 0.077563
0 0.629469 0.212609 0.060266 0.077016
0 0.752234 0.218469 0.093750 0.082031
0 0.671875 0.271203 0.051344 0.089281
0 0.624437 0.321703 0.054688 0.071984
0 0.518969 0.352125 0.071422 0.070312
0 0.448656 0.379750 0.060266 0.089844
0 0.369703 0.389781 0.064172 0.069750
0 0.308875 0.363281 0.067516 0.079234
0 0.249719 0.370531 0.065297 0.082594
0 0.134203 0.411547 0.068641 0.082031
0 0.055797 0.415172 0.073656 0.080359
0 0.126953 0.484938 0.083141 0.081469
0 0.162109 0.538219 0.057484 0.074219
0 0.217906 0.490234 0.068641 0.067516
0 0.198656 0.418813 0.049109 0.092078
0 0.265344 0.456750 0.076453 0.080922
0 0.276781 0.527344 0.064734 0.074781
0 0.222375 0.561937 0.059703 0.059156
0 0.281813 0.591234 0.068078 0.061937
0 0.335938 0.536547 0.069203 0.077563
0 0.331750 0.450891 0.064172 0.084828
0 0.411828 0.435547 0.087047 0.080922
0 0.473500 0.450328 0.061937 0.070312
0 0.400109 0.497766 0.072547 0.051344
0 0.401234 0.568922 0.059156 0.055250
0 0.345703 0.600453 0.058594 0.093750
0 0.407641 0.628906 0.060828 0.065844
0 0.444469 0.590688 0.051891 0.076453
0 0.443078 0.529016 0.055797 0.075891
0 0.501672 0.534047 0.050219 0.065844
0 0.501953 0.608531 0.057484 0.074219
0 0.456750 0.655141 0.054125 0.053578
0 0.488281 0.696984 0.054688 0.077016
0 0.546312 0.696703 0.061391 0.049672
0 0.553297 0.635328 0.053016 0.080922
0 0.550500 0.566688 0.051891 0.086500
0 0.554688 0.495250 0.058031 0.066406
0 0.533484 0.431922 0.062500 0.069203
0 0.579516 0.390062 0.058594 0.070312
0 0.596266 0.459266 0.056359 0.068078
0 0.635047 0.503062 0.055797 0.070875
0 0.600172 0.607984 0.053016 0.068641
0 0.593187 0.669641 0.052453 0.062500
0 0.639781 0.667687 0.042969 0.071984
0 0.681078 0.629750 0.047438 0.067516
0 0.729625 0.625281 0.046312 0.080922
0 0.783766 0.627516 0.058594 0.054125
0 0.826172 0.586781 0.047438 0.064172
0 0.767297 0.575609 0.074781 0.055250
0 0.710656 0.559984 0.050781 0.048547
0 0.650672 0.582313 0.053578 0.066406
0 0.702281 0.497203 0.049672 0.063609
0 0.759766 0.509766 0.046312 0.068641
0 0.815016 0.521766 0.054125 0.059156
0 0.815844 0.451453 0.058031 0.072547
0 0.803844 0.379750 0.051891 0.087609
0 0.732141 0.308031 0.064734 0.087047
0 0.719031 0.376953 0.067516 0.077563
0 0.744703 0.436656 0.058594 0.089844
0 0.672156 0.438609 0.067516 0.078125
0 0.646484 0.383375 0.069750 0.065844