0 0.309375 0.232031 0.040625 0.039062
0 0.291016 0.253906 0.025781 0.032813
0 0.250391 0.282813 0.035156 0.040625
0 0.213672 0.320312 0.030469 0.040625
0 0.180859 0.357031 0.033594 0.039062
0 0.162109 0.389453 0.030469 0.038281
0 0.162109 0.429688 0.030469 0.037500
0 0.144531 0.489063 0.032813 0.025000
0 0.114844 0.540234 0.029687 0.027344
0 0.126172 0.589453 0.030469 0.038281
0 0.135937 0.641016 0.031250 0.032031
0 0.149219 0.678906 0.035937 0.032813
0 0.186719 0.749609 0.029687 0.024219
0 0.232813 0.722656 0.028125 0.032813
0 0.293750 0.674219 0.025000 0.035937
0 0.351953 0.618359 0.025781 0.027344
0 0.316016 0.618750 0.028906 0.031250
0 0.294922 0.644922 0.024219 0.027344
0 0.249734 0.676562 0.026562 0.032297
0 0.224219 0.683328 0.023438 0.025000
0 0.184109 0.671094 0.030734 0.033859
0 0.169266 0.641406 0.026047 0.034891
0 0.210156 0.624484 0.024484 0.030203
0 0.236453 0.607812 0.029172 0.036453
0 0.273172 0.626828 0.025516 0.032813
0 0.215625 0.587234 0.027078 0.032813
0 0.185156 0.579422 0.022391 0.035937
0 0.155734 0.545578 0.030203 0.028641
0 0.191672 0.556250 0.031250 0.031250
0 0.251047 0.567187 0.022922 0.032297
0 0.284375 0.578125 0.029172 0.029172
0 0.357547 0.247391 0.023438 0.048953
0 0.387234 0.270828 0.039062 0.043750
0 0.419797 0.251563 0.025000 0.042703
0 0.453125 0.227859 0.029172 0.043234
0 0.482812 0.242188 0.032297 0.040625
0 0.519266 0.251563 0.028125 0.044797
0 0.557813 0.229953 0.034375 0.043234
0 0.618484 0.217188 0.032813 0.046875
0 0.739844 0.264844 0.031766 0.042188
0 0.646875 0.261453 0.029172 0.041672
0 0.655734 0.298953 0.028125 0.047922
0 0.691406 0.292969 0.028641 0.038016
0 0.685672 0.332813 0.029687 0.044797
0 0.732812 0.323437 0.028125 0.044797
0 0.770047 0.313797 0.033859 0.046359
0 0.820578 0.318484 0.034891 0.045312
0 0.860672 0.377859 0.046359 0.045312
0 0.885938 0.408078 0.026047 0.043234
0 0.866141 0.448703 0.034375 0.043234
0 0.836719 0.489063 0.031766 0.038547
0 0.839844 0.535422 0.031766 0.037500
0 0.809109 0.526297 0.032813 0.038016
0 0.838547 0.409375 0.027078 0.031250
0 0.830734 0.451297 0.026047 0.035937
0 0.817969 0.394531 0.031766 0.043234
0 0.803906 0.355203 0.032813 0.039578
0 0.747922 0.346609 0.029172 0.034891
0 0.769266 0.391141 0.030203 0.042703
0 0.776563 0.442188 0.028125 0.048953
0 0.803641 0.426563 0.032297 0.038547
0 0.797656 0.476047 0.024484 0.033328
0 0.769797 0.479422 0.037500 0.042188
0 0.753391 0.515891 0.029687 0.044266
0 0.734375 0.548172 0.027078 0.031766
0 0.715109 0.521359 0.019797 0.028125
0 0.695578 0.529422 0.020313 0.031766
0 0.726047 0.498953 0.025000 0.033328
0 0.723437 0.464844 0.026047 0.035937
0 0.733328 0.413281 0.029172 0.036984
0 0.707812 0.358859 0.034375 0.048953
0 0.725781 0.381516 0.022391 0.038016
0 0.487500 0.379172 0.029172 0.050000
0 0.515891 0.374484 0.031766 0.040625
0 0.494266 0.279687 0.036453 0.048953
0 0.539328 0.278125 0.034891 0.047922
0 0.578391 0.268234 0.031766 0.042703
0 0.613797 0.268234 0.031766 0.042703
0 0.619266 0.308328 0.026047 0.039578
0 0.650516 0.339328 0.030203 0.036984
0 0.671094 0.372141 0.029687 0.033859
0 0.705469 0.417453 0.025516 0.049484
0 0.686719 0.442188 0.025516 0.038547
0 0.476828 0.561203 0.026562 0.036984
0 0.525266 0.518234 0.021359 0.044797
0 0.567969 0.526047 0.017188 0.031250
0 0.597141 0.510156 0.019266 0.026562
0 0.594266 0.529687 0.021875 0.028125
0 0.631766 0.519266 0.032297 0.042703
0 0.638281 0.482031 0.024484 0.030734
0 0.655469 0.493750 0.023438 0.039578
0 0.678391 0.478391 0.021359 0.040109
0 0.657031 0.454422 0.028641 0.038016
0 0.618750 0.419797 0.029172 0.037500
0 0.619531 0.381516 0.026562 0.048438
0 0.652859 0.398953 0.028641 0.039578
0 0.329172 0.556766 0.027078 0.028125
0 0.375516 0.543234 0.030203 0.032297
0 0.386453 0.512766 0.025000 0.031766
0 0.360672 0.503641 0.023438 0.021875
0 0.303641 0.538547 0.030203 0.027078
0 0.287234 0.550781 0.026562 0.020313
0 0.257031 0.524484 0.026562 0.026047
0 0.212500 0.510156 0.031250 0.041141
0 0.182297 0.495578 0.027078 0.039062
0 0.224484 0.465359 0.026047 0.026562
0 0.239844 0.491922 0.027609 0.031766
0 0.276047 0.515625 0.027078 0.033328
0 0.316672 0.493234 0.027078 0.023953
0 0.343750 0.471609 0.025000 0.032813
0 0.261984 0.457813 0.026047 0.032297
0 0.203391 0.392453 0.029687 0.030734
0 0.233078 0.395047 0.036984 0.040109
0 0.260422 0.420828 0.031250 0.035422
0 0.287766 0.399484 0.029687 0.036453
0 0.271094 0.370047 0.025516 0.033859
0 0.242188 0.347391 0.034375 0.038547
0 0.265109 0.330203 0.028125 0.037500
0 0.285672 0.310937 0.029687 0.040625
0 0.310937 0.291406 0.030203 0.036984
0 0.333859 0.268234 0.030203 0.042703
0 0.295578 0.346359 0.032813 0.034375
0 0.329172 0.323437 0.033328 0.046875
0 0.353906 0.298172 0.030734 0.044266
0 0.389062 0.303641 0.034375 0.042703
0 0.370828 0.333594 0.027078 0.050516
0 0.341406 0.355469 0.043234 0.052609
0 0.349219 0.395578 0.035937 0.041141
0 0.322656 0.421359 0.030734 0.038547
0 0.307297 0.448172 0.031250 0.040109
0 0.368750 0.426047 0.018750 0.031250
0 0.388547 0.412766 0.031250 0.040109
0 0.391672 0.377609 0.025000 0.032297
0 0.398438 0.349734 0.023953 0.043234
0 0.433328 0.357812 0.029172 0.046875
0 0.420578 0.388797 0.030734 0.038016
0 0.411984 0.410422 0.017703 0.029172
0 0.388016 0.462766 0.030203 0.042188
0 0.423703 0.454422 0.024484 0.029687
0 0.419016 0.490359 0.019266 0.032813
0 0.429953 0.517703 0.028641 0.033328
0 0.446609 0.548703 0.030734 0.034891
0 0.465359 0.519797 0.020313 0.022922
0 0.497141 0.510938 0.027609 0.034375
0 0.472391 0.490891 0.026047 0.040109
0 0.445312 0.480734 0.026047 0.044797
0 0.459375 0.452078 0.025000 0.039578
0 0.433594 0.427859 0.025516 0.030734
0 0.478641 0.422391 0.028125 0.036453
0 0.455469 0.390359 0.031766 0.043234
0 0.466672 0.345313 0.022922 0.038547
0 0.418234 0.302859 0.023953 0.043234
0 0.446094 0.318234 0.031766 0.036453
0 0.489578 0.325266 0.025000 0.040109
0 0.509891 0.336203 0.028125 0.036984
0 0.536453 0.336453 0.033328 0.045828
0 0.557813 0.313547 0.021875 0.037500
0 0.595047 0.331250 0.027609 0.041672
0 0.589844 0.371609 0.025516 0.039062
0 0.560672 0.381516 0.025516 0.035937
0 0.539328 0.396359 0.030734 0.038547
0 0.517453 0.427859 0.030734 0.041141
0 0.490109 0.458859 0.034375 0.044797
0 0.513016 0.469797 0.030203 0.041672
0 0.537766 0.466672 0.027609 0.043750
0 0.557031 0.435672 0.024484 0.042188
0 0.578125 0.408078 0.027078 0.036984
0 0.586203 0.443234 0.026562 0.026047
0 0.607547 0.466672 0.029687 0.033328