0 0.116406 0.114453 0.073438 0.066406
0 0.397656 0.049219 0.070312 0.073438
0 0.334375 0.107031 0.053125 0.079687
0 0.235156 0.140234 0.048438 0.089844
0 0.198828 0.166406 0.063281 0.076563
0 0.123438 0.232422 0.059375 0.061719
0 0.121875 0.291406 0.056250 0.060937
0 0.102344 0.341406 0.067187 0.067187
0 0.103906 0.382031 0.060937 0.032813
0 0.112891 0.439844 0.044531 0.073438
0 0.128906 0.494922 0.048438 0.052344
0 0.150391 0.561328 0.053906 0.050781
0 0.186719 0.599609 0.048438 0.046094
0 0.226953 0.629297 0.038281 0.055469
0 0.262109 0.678125 0.039844 0.059375
0 0.296094 0.707812 0.048438 0.056250
0 0.339844 0.733203 0.035937 0.050781
0 0.382422 0.755078 0.046094 0.047656
0 0.428125 0.766406 0.034375 0.067187
0 0.478906 0.796094 0.032813 0.051562
0 0.520312 0.820703 0.050000 0.053906
0 0.564453 0.862500 0.044531 0.068750
0 0.596875 0.800781 0.031250 0.045312
0 0.633984 0.789844 0.033594 0.048438
0 0.558984 0.794141 0.058594 0.060156
0 0.453906 0.723828 0.045312 0.057031
0 0.378125 0.698047 0.034375 0.067969
0 0.417578 0.674609 0.044531 0.046094
0 0.342969 0.659375 0.042188 0.056250
0 0.282031 0.649219 0.048438 0.042188
0 0.248047 0.606250 0.036719 0.043750
0 0.208203 0.569141 0.044531 0.041406
0 0.166406 0.526172 0.045312 0.052344
0 0.160547 0.456250 0.036719 0.068750
0 0.155078 0.391016 0.057031 0.075781
0 0.169141 0.346094 0.041406 0.070312
0 0.181641 0.277344 0.044531 0.070312
0 0.222266 0.241406 0.057031 0.051562
0 0.275000 0.204687 0.037500 0.075000
0 0.317578 0.189844 0.060156 0.073438
0 0.372656 0.177734 0.060937 0.089844
0 0.451172 0.106250 0.049219 0.096875
0 0.501563 0.143750 0.050000 0.090625
0 0.550391 0.198828 0.057031 0.100781
0 0.620703 0.244141 0.060156 0.088281
0 0.657422 0.317969 0.055469 0.095312
0 0.741016 0.330078 0.063281 0.082031
0 0.776953 0.389844 0.057031 0.092188
0 0.843750 0.355469 0.068750 0.085938
0 0.851562 0.437891 0.056250 0.075781
0 0.918750 0.433594 0.050000 0.070312
0 0.944531 0.477344 0.057813 0.095312
0 0.851953 0.506250 0.069531 0.075000
0 0.805859 0.555859 0.055469 0.067969
0 0.766797 0.616406 0.058594 0.051562
0 0.733594 0.656641 0.067187 0.069531
0 0.738672 0.730469 0.055469 0.039062
0 0.691406 0.705078 0.051562 0.063281
0 0.644141 0.724609 0.050781 0.046094
0 0.593750 0.746094 0.056250 0.045312
0 0.538281 0.726172 0.045312 0.071094
0 0.499219 0.713281 0.048438 0.060937
0 0.459375 0.670312 0.037500 0.046875
0 0.460547 0.235156 0.058594 0.082812
0 0.530078 0.280469 0.063281 0.082812
0 0.585938 0.313672 0.053125 0.077344
0 0.631250 0.374219 0.043750 0.057813
0 0.668750 0.442969 0.056250 0.067187
0 0.725781 0.487891 0.051562 0.063281
0 0.783203 0.472266 0.066406 0.072656
0 0.737891 0.558984 0.057031 0.058594
0 0.676953 0.561719 0.044531 0.057813
0 0.675000 0.626172 0.043750 0.049219
0 0.649609 0.669922 0.049219 0.042969
0 0.602344 0.648047 0.051562 0.064844
0 0.627344 0.594141 0.045312 0.047656
0 0.635938 0.503516 0.046875 0.066406
0 0.594141 0.460547 0.050781 0.077344
0 0.566797 0.401562 0.046094 0.084375
0 0.515625 0.360156 0.056250 0.095312
0 0.474219 0.312891 0.067187 0.069531
0 0.411328 0.275000 0.050781 0.071875
0 0.357031 0.266406 0.048438 0.060937
0 0.317578 0.266797 0.047656 0.058594
0 0.266016 0.304688 0.053906 0.075000
0 0.229297 0.333594 0.058594 0.064062
0 0.210547 0.388672 0.042969 0.067969
0 0.195703 0.446484 0.047656 0.061719
0 0.204687 0.510547 0.053125 0.058594
0 0.242969 0.548047 0.048438 0.061719
0 0.275781 0.576172 0.048438 0.058594
0 0.330469 0.593750 0.051562 0.053125
0 0.380078 0.627344 0.041406 0.032813
0 0.420312 0.628516 0.040625 0.038281
0 0.499219 0.645703 0.039062 0.044531
0 0.549609 0.651563 0.046094 0.065625
0 0.568750 0.596094 0.040625 0.060937
0 0.587500 0.542969 0.040625 0.064062
0 0.334766 0.334375 0.044531 0.071875
0 0.378125 0.340625 0.050000 0.068750
0 0.436328 0.339062 0.050781 0.056250
0 0.422266 0.403906 0.063281 0.060937
0 0.476953 0.423047 0.047656 0.055469
0 0.524609 0.441797 0.061719 0.058594
0 0.547266 0.510938 0.041406 0.068750
0 0.515234 0.594531 0.042969 0.048438
0 0.470313 0.544531 0.050000 0.054688
0 0.459375 0.608594 0.056250 0.057813
0 0.410938 0.588281 0.043750 0.051562
0 0.375391 0.587500 0.047656 0.046875
0 0.372266 0.539453 0.038281 0.044531
0 0.419531 0.531250 0.035937 0.062500
0 0.444531 0.467969 0.045312 0.070312
0 0.373437 0.470703 0.046875 0.053906
0 0.366016 0.405859 0.041406 0.049219
0 0.328516 0.429297 0.041406 0.071094
0 0.335547 0.495312 0.046094 0.059375
0 0.324609 0.545312 0.049219 0.062500
0 0.283594 0.520312 0.042188 0.050000
0 0.290234 0.462500 0.039844 0.062500
0 0.254688 0.401953 0.043750 0.053906
0 0.237500 0.466797 0.043750 0.052344