0 0.432031 0.141797 0.104688 0.133594
0 0.526563 0.212109 0.115625 0.146094
0 0.652734 0.181250 0.089844 0.128125
0 0.724609 0.117188 0.099219 0.115625
0 0.812109 0.260156 0.089844 0.135937
0 0.716406 0.278516 0.104688 0.122656
0 0.610156 0.291797 0.098437 0.136719
0 0.443750 0.279687 0.093750 0.134375
0 0.348828 0.306641 0.078906 0.100781
0 0.281641 0.390234 0.097656 0.121094
0 0.162891 0.589063 0.113281 0.115625
0 0.134766 0.692187 0.103906 0.118750
0 0.224219 0.761719 0.098437 0.145313
0 0.323047 0.821484 0.114844 0.149219
0 0.419141 0.823438 0.078906 0.131250
0 0.507812 0.878906 0.081250 0.092188
0 0.596875 0.875391 0.075000 0.113281
0 0.667578 0.826953 0.078906 0.085156
0 0.759766 0.877734 0.085156 0.105469
0 0.841016 0.836719 0.075781 0.095312
0 0.909375 0.752734 0.078125 0.127344
0 0.878516 0.623828 0.082031 0.107031
0 0.864062 0.506250 0.084375 0.106250
0 0.780469 0.403906 0.076563 0.110937
0 0.712500 0.394531 0.096875 0.098437
0 0.593750 0.420312 0.106250 0.106250
0 0.508984 0.343359 0.080469 0.111719
0 0.431250 0.414062 0.100000 0.121875
0 0.375000 0.543750 0.090625 0.143750
0 0.271094 0.543750 0.101562 0.103125
0 0.292578 0.644141 0.088281 0.116406
0 0.394531 0.678516 0.076563 0.122656
0 0.475781 0.723437 0.082812 0.121875
0 0.555859 0.735547 0.077344 0.102344
0 0.458203 0.584375 0.072656 0.146875
0 0.558984 0.639453 0.074219 0.132031
0 0.648828 0.617578 0.100781 0.094531
0 0.670312 0.510938 0.090625 0.115625
0 0.733984 0.516016 0.049219 0.135156
0 0.780469 0.589844 0.060937 0.107813
0 0.824219 0.711328 0.085938 0.138281
0 0.743359 0.753516 0.071094 0.097656
0 0.679688 0.764844 0.068750 0.089063
0 0.724219 0.650391 0.067187 0.091406