0 0.262109 0.350781 0.058594 0.082812
0 0.205859 0.427734 0.071094 0.077344
0 0.167578 0.513281 0.057031 0.082812
0 0.237500 0.548047 0.059375 0.080469
0 0.273828 0.481250 0.060156 0.087500
0 0.325781 0.430078 0.057813 0.085156
0 0.321875 0.327734 0.062500 0.092969
0 0.390625 0.316797 0.068750 0.086719
0 0.442578 0.360938 0.053906 0.087500
0 0.500391 0.336328 0.053906 0.082031
0 0.490625 0.408594 0.059375 0.079687
0 0.445703 0.462500 0.057031 0.093750
0 0.393359 0.422656 0.058594 0.082812
0 0.558203 0.350000 0.044531 0.087500
0 0.598437 0.293359 0.050000 0.096094
0 0.660937 0.292187 0.059375 0.090625
0 0.753516 0.312891 0.057031 0.085156
0 0.811719 0.299219 0.057813 0.082812
0 0.849609 0.357812 0.071094 0.081250
0 0.888281 0.412109 0.064062 0.067969
0 0.882031 0.480859 0.057813 0.064844
0 0.834375 0.558594 0.065625 0.067187
0 0.795703 0.605078 0.075781 0.060156
0 0.766406 0.521094 0.048438 0.064062
0 0.746875 0.444531 0.046875 0.079687
0 0.692578 0.439844 0.050781 0.085938
0 0.775391 0.377734 0.060156 0.086719
0 0.697656 0.357031 0.057813 0.070312
0 0.628906 0.352734 0.057813 0.058594
0 0.591797 0.427734 0.064844 0.064844
0 0.522656 0.452344 0.067187 0.073438
0 0.185156 0.650391 0.064062 0.053906
0 0.245312 0.633984 0.050000 0.052344
0 0.234375 0.696875 0.071875 0.078125
0 0.282422 0.759766 0.061719 0.082031
0 0.333594 0.742969 0.054688 0.070312
0 0.380859 0.772266 0.042969 0.069531
0 0.301172 0.681641 0.046094 0.082031
0 0.362109 0.662500 0.055469 0.071875
0 0.297656 0.564844 0.057813 0.073438
0 0.352734 0.598047 0.064844 0.080469
0 0.422656 0.611719 0.057813 0.082812
0 0.475000 0.631641 0.050000 0.075781
0 0.402344 0.686328 0.051562 0.063281
0 0.439844 0.719922 0.048438 0.064844
0 0.492969 0.699219 0.054688 0.070312
0 0.543750 0.666406 0.059375 0.054688
0 0.550000 0.605469 0.050000 0.076563
0 0.508203 0.555469 0.053906 0.076563
0 0.448437 0.540625 0.053125 0.075000
0 0.396875 0.520312 0.062500 0.096875
0 0.330859 0.508984 0.074219 0.086719
0 0.560937 0.514844 0.050000 0.089063
0 0.591406 0.553906 0.042188 0.067187
0 0.599219 0.636719 0.057813 0.073438
0 0.652344 0.661719 0.057813 0.057813
0 0.703906 0.637109 0.039062 0.058594
0 0.750391 0.651172 0.057031 0.074219
0 0.716406 0.585938 0.054688 0.068750
0 0.655469 0.589453 0.054688 0.088281
0 0.683203 0.512500 0.053906 0.071875
0 0.628516 0.497656 0.057031 0.085938