0 0.206641 0.243750 0.060156 0.071875
0 0.260937 0.230078 0.046875 0.082031
0 0.312109 0.267578 0.036719 0.085156
0 0.350781 0.244141 0.057813 0.091406
0 0.444141 0.207422 0.060156 0.092969
0 0.504687 0.200781 0.068750 0.092188
0 0.580469 0.215234 0.079687 0.102344
0 0.678906 0.196484 0.067187 0.089844
0 0.713281 0.267188 0.092188 0.112500
0 0.770703 0.352734 0.085156 0.096094
0 0.808984 0.443359 0.080469 0.102344
0 0.773438 0.543750 0.071875 0.103125
0 0.729297 0.599219 0.071094 0.082812
0 0.663672 0.648438 0.071094 0.071875
0 0.651563 0.579297 0.062500 0.083594
0 0.696484 0.524219 0.061719 0.098437
0 0.615625 0.609766 0.056250 0.069531
0 0.551562 0.624609 0.056250 0.055469
0 0.484766 0.596875 0.063281 0.065625
0 0.451172 0.599609 0.058594 0.055469
0 0.402344 0.620703 0.057813 0.066406
0 0.379688 0.633203 0.046875 0.057031
0 0.319531 0.660156 0.060937 0.070312
0 0.275000 0.620313 0.059375 0.065625
0 0.248047 0.632422 0.058594 0.074219
0 0.178516 0.338281 0.050781 0.076563
0 0.159375 0.398047 0.034375 0.071094
0 0.198437 0.425000 0.043750 0.078125
0 0.208594 0.503906 0.048438 0.073438
0 0.207813 0.561719 0.028125 0.054688
0 0.244531 0.560156 0.042188 0.079687
0 0.278516 0.550000 0.050781 0.068750
0 0.318750 0.585547 0.059375 0.061719
0 0.323828 0.520703 0.053906 0.069531
0 0.355078 0.456250 0.060156 0.059375
0 0.387109 0.477734 0.058594 0.071094
0 0.383984 0.548828 0.046094 0.069531
0 0.432812 0.533203 0.059375 0.088281
0 0.478906 0.499219 0.035937 0.076563
0 0.523047 0.550391 0.049219 0.072656
0 0.576172 0.548047 0.052344 0.074219
0 0.628906 0.477344 0.060937 0.092188
0 0.623828 0.380078 0.050781 0.103906
0 0.635547 0.306250 0.064844 0.093750
0 0.690625 0.366406 0.075000 0.101562
0 0.218359 0.378125 0.052344 0.075000
0 0.250781 0.412109 0.057813 0.061719
0 0.242578 0.458203 0.032031 0.038281
0 0.268359 0.496484 0.058594 0.064844
0 0.293359 0.420312 0.055469 0.071875
0 0.246484 0.337891 0.046094 0.072656
0 0.287109 0.335156 0.055469 0.085938
0 0.331250 0.383984 0.050000 0.080469
0 0.348438 0.325000 0.043750 0.081250
0 0.407031 0.378125 0.067187 0.084375
0 0.410156 0.268359 0.051562 0.071094
0 0.464453 0.346484 0.069531 0.083594
0 0.478125 0.279687 0.062500 0.093750
0 0.537891 0.280469 0.075781 0.104688
0 0.555078 0.366016 0.057031 0.094531
0 0.558203 0.449219 0.047656 0.082812
0 0.500391 0.428516 0.060156 0.078906