0 0.427734 0.144531 0.089844 0.126562
0 0.530469 0.217188 0.110937 0.134375
0 0.720703 0.112891 0.097656 0.110156
0 0.657422 0.184766 0.083594 0.122656
0 0.607031 0.289453 0.101562 0.135156
0 0.711328 0.271094 0.116406 0.142187
0 0.809375 0.264453 0.103125 0.141406
0 0.285547 0.393750 0.111719 0.112500
0 0.344141 0.311719 0.094531 0.123438
0 0.430859 0.280469 0.102344 0.132812
0 0.503125 0.334375 0.100000 0.125000
0 0.425000 0.415234 0.112500 0.127344
0 0.507031 0.483984 0.098437 0.133594
0 0.593359 0.420703 0.105469 0.119531
0 0.704297 0.388281 0.102344 0.129688
0 0.669141 0.503125 0.107031 0.112500
0 0.727344 0.512891 0.057813 0.119531
0 0.778125 0.403516 0.071875 0.116406
0 0.857812 0.505469 0.103125 0.110937
0 0.782031 0.585938 0.089063 0.125000
0 0.878516 0.613672 0.085156 0.124219
0 0.908984 0.746484 0.071094 0.124219
0 0.843359 0.840625 0.092969 0.109375
0 0.761719 0.875781 0.085938 0.101562
0 0.599219 0.876563 0.092188 0.103125
0 0.503125 0.880859 0.096875 0.111719
0 0.417969 0.835938 0.079687 0.100000
0 0.316016 0.817969 0.088281 0.107813
0 0.228516 0.765234 0.085156 0.114844
0 0.139453 0.691797 0.116406 0.130469
0 0.161719 0.586328 0.114062 0.100781
0 0.273438 0.547266 0.112500 0.103906
0 0.291406 0.640234 0.104688 0.117969
0 0.387891 0.677734 0.103906 0.142969
0 0.475391 0.706250 0.097656 0.146875
0 0.380469 0.544141 0.089063 0.144531
0 0.451953 0.588281 0.097656 0.135937
0 0.555078 0.627734 0.103906 0.139844
0 0.557031 0.727344 0.089063 0.126562
0 0.672656 0.758594 0.098437 0.126562
0 0.667188 0.829688 0.100000 0.075000
0 0.740234 0.743359 0.080469 0.108594
0 0.817969 0.709766 0.095312 0.107031
0 0.723437 0.656250 0.090625 0.093750
0 0.647266 0.598828 0.100781 0.116406
0 0.549219 0.620703 0.098437 0.097656