0 0.232422 0.240234 0.071094 0.114844
0 0.196484 0.272656 0.058594 0.092188
0 0.145703 0.359766 0.075781 0.110156
0 0.114844 0.432031 0.060937 0.107813
0 0.176953 0.463672 0.066406 0.099219
0 0.134766 0.560937 0.050781 0.087500
0 0.183203 0.628516 0.069531 0.082031
0 0.225000 0.695312 0.062500 0.090625
0 0.277734 0.685937 0.058594 0.087500
0 0.329297 0.722656 0.064844 0.076563
0 0.401562 0.685547 0.059375 0.055469
0 0.448437 0.667578 0.068750 0.075781
0 0.508984 0.638672 0.064844 0.074219
0 0.569141 0.624609 0.057031 0.067969
0 0.636719 0.647656 0.064062 0.070312
0 0.708594 0.625000 0.051562 0.075000
0 0.766797 0.647656 0.061719 0.104688
0 0.789453 0.592969 0.069531 0.073438
0 0.846875 0.530078 0.081250 0.078906
0 0.896875 0.552344 0.053125 0.098437
0 0.839453 0.594141 0.057031 0.072656
0 0.933203 0.453125 0.072656 0.078125
0 0.939844 0.361719 0.085938 0.101562
0 0.879687 0.286328 0.084375 0.119531
0 0.830078 0.209766 0.082031 0.103906
0 0.748047 0.230078 0.086719 0.107031
0 0.634375 0.204687 0.081250 0.087500
0 0.559766 0.198437 0.057031 0.081250
0 0.437500 0.252734 0.068750 0.092969
0 0.505469 0.269531 0.085938 0.114062
0 0.308984 0.230859 0.080469 0.105469
0 0.373047 0.267578 0.074219 0.110156
0 0.330469 0.355859 0.070312 0.096094
0 0.260156 0.348438 0.067187 0.096875
0 0.208984 0.397266 0.074219 0.085156
0 0.261719 0.436328 0.085938 0.103906
0 0.234375 0.498047 0.071875 0.074219
0 0.187500 0.556641 0.062500 0.100781
0 0.284375 0.530859 0.068750 0.074219
0 0.247656 0.620703 0.057813 0.085156
0 0.294531 0.606250 0.067187 0.081250
0 0.353125 0.629297 0.075000 0.089844
0 0.362891 0.558594 0.072656 0.082812
0 0.425391 0.590234 0.066406 0.089844
0 0.457031 0.503516 0.054688 0.100781
0 0.519141 0.459375 0.057031 0.103125
0 0.474219 0.383984 0.064062 0.099219
0 0.425781 0.339844 0.089063 0.089063
0 0.391406 0.401953 0.079687 0.100781
0 0.330859 0.467187 0.061719 0.096875
0 0.395703 0.489844 0.066406 0.079687
0 0.558203 0.358203 0.072656 0.107031
0 0.597656 0.437500 0.064062 0.115625
0 0.572656 0.516797 0.057813 0.083594
0 0.510938 0.565625 0.068750 0.084375
0 0.631641 0.558984 0.066406 0.117969
0 0.699219 0.551953 0.051562 0.100781
0 0.757812 0.495703 0.065625 0.085156
0 0.742969 0.395313 0.057813 0.100000
0 0.847266 0.389062 0.094531 0.075000
0 0.782031 0.322656 0.082812 0.098437
0 0.671875 0.287109 0.075000 0.099219
0 0.597656 0.283203 0.082812 0.088281
0 0.670703 0.386719 0.063281 0.092188
0 0.676953 0.463672 0.072656 0.086719