0 0.456125 0.238578 0.066109 0.078125
0 0.591344 0.151141 0.076922 0.102766
0 0.606969 0.234672 0.074516 0.091953
0 0.667063 0.193203 0.067312 0.088344
0 0.745797 0.150844 0.085344 0.092547
0 0.529453 0.280953 0.061297 0.093156
0 0.441406 0.327219 0.070312 0.084734
0 0.423984 0.385219 0.064297 0.068516
0 0.471453 0.440203 0.060703 0.082328
0 0.552891 0.396641 0.069719 0.081734
0 0.495188 0.353672 0.057688 0.067906
0 0.581125 0.328125 0.068516 0.084141
0 0.626797 0.396328 0.068516 0.073922
0 0.657453 0.286656 0.064906 0.090141
0 0.725656 0.262016 0.071516 0.093750
0 0.774031 0.347062 0.067312 0.083531
0 0.824219 0.226562 0.066703 0.092547
0 0.872000 0.311594 0.078125 0.091953
0 0.921578 0.422781 0.069109 0.076328
0 0.853359 0.449813 0.067312 0.079922
0 0.794766 0.393937 0.082328 0.076328
0 0.891828 0.561906 0.050484 0.063703
0 0.942609 0.564297 0.051078 0.063703
0 0.832328 0.517422 0.066109 0.075719
0 0.778547 0.467250 0.057094 0.061906
0 0.717844 0.441109 0.075125 0.069719
0 0.655953 0.453125 0.059500 0.069719
0 0.591047 0.454031 0.066703 0.090750
0 0.267125 0.391531 0.051078 0.054688
0 0.318516 0.411953 0.060094 0.057094
0 0.333828 0.456125 0.049875 0.044469
0 0.375594 0.435094 0.054094 0.045672
0 0.440203 0.501203 0.058297 0.072109
0 0.390625 0.476859 0.033656 0.035453
0 0.260219 0.449516 0.054094 0.060094
0 0.197422 0.544766 0.048672 0.041469
0 0.246688 0.609375 0.043875 0.062500
0 0.289656 0.670375 0.043266 0.054688
0 0.330828 0.698016 0.046281 0.047469
0 0.378906 0.695016 0.046281 0.034250
0 0.419172 0.697109 0.045078 0.036062
0 0.418563 0.743687 0.041469 0.040266
0 0.473250 0.734969 0.052281 0.037266
0 0.466047 0.698313 0.045078 0.043266
0 0.513219 0.714844 0.050484 0.037859
0 0.567000 0.693813 0.047469 0.046281
0 0.620188 0.689297 0.057688 0.044469
0 0.638828 0.723250 0.056484 0.033047
0 0.667375 0.676984 0.043875 0.048672
0 0.731969 0.655656 0.060094 0.042063
0 0.792063 0.642125 0.045672 0.046281
0 0.850062 0.644234 0.046281 0.055281
0 0.859672 0.600969 0.048672 0.057688
0 0.240687 0.513219 0.041469 0.052891
0 0.288469 0.537563 0.048078 0.041469
0 0.289969 0.595859 0.041469 0.045078
0 0.331437 0.586531 0.049875 0.057688
0 0.319719 0.639719 0.038469 0.053484
0 0.375000 0.656250 0.048078 0.050484
0 0.423375 0.639125 0.036656 0.047469
0 0.472062 0.648734 0.045078 0.047469
0 0.518328 0.613875 0.046281 0.057094
0 0.566109 0.605766 0.048078 0.055281
0 0.622000 0.588344 0.039656 0.042063
0 0.625297 0.641531 0.048672 0.071516
0 0.677281 0.622297 0.051687 0.057094
0 0.731969 0.601859 0.057688 0.049875
0 0.732578 0.531547 0.058891 0.060703
0 0.662563 0.522844 0.053484 0.079328
0 0.606969 0.524344 0.062500 0.058297
0 0.549578 0.542063 0.051078 0.057688
0 0.484672 0.570312 0.053484 0.063703
0 0.428484 0.560391 0.058891 0.060703
0 0.393031 0.596156 0.052891 0.050484
0 0.362078 0.529141 0.048672 0.058297
0 0.532750 0.477469 0.051078 0.060703
0 0.493391 0.512312 0.054094 0.063094
0 0.812500 0.573625 0.069719 0.063094