0 0.428516 0.189844 0.072656 0.079687
0 0.491406 0.205078 0.070312 0.100781
0 0.561328 0.222266 0.066406 0.100781
0 0.618750 0.275391 0.075000 0.091406
0 0.675391 0.264844 0.057031 0.082812
0 0.685547 0.374219 0.071094 0.085938
0 0.762891 0.369922 0.057031 0.099219
0 0.826953 0.384375 0.047656 0.100000
0 0.890625 0.435156 0.062500 0.085938
0 0.850000 0.503906 0.065625 0.089063
0 0.792578 0.568359 0.057031 0.102344
0 0.793750 0.459375 0.068750 0.090625
0 0.721484 0.446875 0.064844 0.090625
0 0.743359 0.542188 0.064844 0.093750
0 0.740234 0.618359 0.067969 0.089844
0 0.694141 0.687109 0.069531 0.089844
0 0.580469 0.896094 0.060937 0.070312
0 0.532813 0.872656 0.059375 0.060937
0 0.483594 0.891016 0.054688 0.078906
0 0.360547 0.906641 0.055469 0.060156
0 0.405078 0.864062 0.050781 0.071875
0 0.432812 0.819531 0.053125 0.070312
0 0.509766 0.814453 0.060156 0.085156
0 0.562891 0.766016 0.053906 0.082031
0 0.620703 0.743359 0.057031 0.092969
0 0.619922 0.674609 0.049219 0.074219
0 0.657031 0.594531 0.057813 0.076563
0 0.675781 0.507812 0.054688 0.078125
0 0.630078 0.437891 0.066406 0.085156
0 0.596875 0.367188 0.068750 0.090625
0 0.517578 0.298438 0.069531 0.090625
0 0.428906 0.303125 0.070312 0.090625
0 0.355078 0.256641 0.082031 0.097656
0 0.287891 0.296875 0.088281 0.093750
0 0.197656 0.396484 0.092188 0.086719
0 0.141797 0.462891 0.067969 0.091406
0 0.077344 0.583984 0.057813 0.086719
0 0.094531 0.649219 0.067187 0.089063
0 0.140234 0.741797 0.071094 0.092969
0 0.196484 0.787891 0.083594 0.088281
0 0.238281 0.830078 0.045312 0.063281
0 0.291797 0.811328 0.067969 0.085156
0 0.318750 0.738281 0.056250 0.076563
0 0.372656 0.786719 0.076563 0.089063
0 0.143359 0.614453 0.067969 0.072656
0 0.167187 0.688672 0.071875 0.074219
0 0.241016 0.725781 0.078906 0.089063
0 0.388281 0.704297 0.070312 0.077344
0 0.460156 0.729297 0.051562 0.083594
0 0.523828 0.708203 0.066406 0.091406
0 0.560547 0.608984 0.064844 0.102344
0 0.612109 0.535937 0.052344 0.093750
0 0.535156 0.395313 0.067187 0.084375
0 0.433203 0.395703 0.063281 0.097656
0 0.371094 0.362500 0.079687 0.103125
0 0.278906 0.402734 0.067187 0.077344
0 0.335156 0.439844 0.076563 0.107813
0 0.242969 0.487109 0.076563 0.071094
0 0.193750 0.546094 0.075000 0.070312
0 0.208984 0.631641 0.071094 0.088281
0 0.267578 0.573828 0.057031 0.091406
0 0.317188 0.522266 0.065625 0.103906
0 0.388281 0.500000 0.054688 0.090625
0 0.452344 0.549219 0.064062 0.095312
0 0.489844 0.460547 0.064062 0.111719
0 0.512891 0.553516 0.057031 0.091406
0 0.308594 0.642188 0.076563 0.081250
0 0.366406 0.593359 0.060937 0.089844
0 0.423438 0.632812 0.084375 0.068750
0 0.486328 0.643359 0.072656 0.099219
0 0.548828 0.478516 0.063281 0.103906