0 0.217578 0.311328 0.078906 0.082031
0 0.298047 0.301563 0.061719 0.093750
0 0.401953 0.312891 0.097656 0.088281
0 0.473047 0.267969 0.064844 0.092188
0 0.616406 0.242578 0.079687 0.113281
0 0.551562 0.323437 0.075000 0.100000
0 0.604297 0.360938 0.077344 0.096875
0 0.668750 0.299219 0.065625 0.101562
0 0.725391 0.292187 0.047656 0.106250
0 0.828516 0.280859 0.094531 0.105469
0 0.780469 0.354687 0.079687 0.093750
0 0.866797 0.378906 0.083594 0.098437
0 0.896875 0.463281 0.078125 0.110937
0 0.921094 0.562891 0.101562 0.100781
0 0.855469 0.655078 0.073438 0.088281
0 0.804688 0.723437 0.075000 0.084375
0 0.746094 0.729688 0.067187 0.081250
0 0.743750 0.806250 0.071875 0.093750
0 0.688281 0.855859 0.070312 0.092969
0 0.634766 0.834766 0.069531 0.100781
0 0.565625 0.808203 0.065625 0.094531
0 0.471094 0.767188 0.067187 0.087500
0 0.406250 0.714453 0.084375 0.078906
0 0.295703 0.637891 0.060156 0.078906
0 0.218750 0.579297 0.062500 0.096094
0 0.165234 0.527734 0.061719 0.089844
0 0.120313 0.447656 0.078125 0.114062
0 0.162109 0.379688 0.064844 0.081250
0 0.212500 0.452344 0.078125 0.092188
0 0.259766 0.539453 0.075781 0.091406
0 0.329297 0.556641 0.058594 0.091406
0 0.398047 0.564844 0.067969 0.095312
0 0.367969 0.632031 0.070312 0.085938
0 0.432031 0.637109 0.060937 0.074219
0 0.494141 0.679297 0.053906 0.061719
0 0.541797 0.717187 0.067969 0.078125
0 0.619531 0.743359 0.073438 0.077344
0 0.682031 0.756641 0.054688 0.078906
0 0.675000 0.679297 0.071875 0.111719
0 0.704297 0.602344 0.058594 0.120313
0 0.747266 0.519141 0.057031 0.103906
0 0.811328 0.559375 0.078906 0.100000
0 0.782813 0.654687 0.065625 0.096875
0 0.808594 0.463672 0.060937 0.108594
0 0.747266 0.425781 0.069531 0.104688
0 0.683203 0.399609 0.075781 0.092969
0 0.627344 0.453516 0.073438 0.116406
0 0.560937 0.424609 0.071875 0.080469
0 0.485938 0.369141 0.081250 0.094531
0 0.428516 0.400391 0.060156 0.075781
0 0.355078 0.394531 0.072656 0.073438
0 0.271094 0.382422 0.085938 0.064844
0 0.302344 0.466797 0.076563 0.099219
0 0.369922 0.475391 0.074219 0.097656
0 0.474609 0.460938 0.080469 0.100000
0 0.455469 0.547656 0.076563 0.095312
0 0.514453 0.591406 0.057031 0.092188
0 0.557422 0.657031 0.086719 0.085938
0 0.628516 0.622266 0.066406 0.078906
0 0.587891 0.556641 0.072656 0.091406
0 0.544141 0.505078 0.085156 0.072656
0 0.664062 0.528125 0.068750 0.087500