0 0.344531 0.157422 0.095312 0.128906
0 0.449609 0.158984 0.083594 0.110156
0 0.396094 0.228906 0.082812 0.106250
0 0.325391 0.270703 0.085156 0.080469
0 0.223828 0.238281 0.088281 0.087500
0 0.365234 0.328516 0.074219 0.117969
0 0.221875 0.356250 0.087500 0.104688
0 0.297656 0.382812 0.085938 0.123438
0 0.226562 0.460156 0.081250 0.109375
0 0.194141 0.554688 0.057031 0.098437
0 0.245312 0.586328 0.087500 0.099219
0 0.303516 0.538281 0.066406 0.125000
0 0.353516 0.457422 0.066406 0.085156
0 0.448437 0.325391 0.075000 0.133594
0 0.500391 0.249609 0.072656 0.119531
0 0.580469 0.214844 0.082812 0.131250
0 0.573438 0.308594 0.093750 0.100000
0 0.513281 0.415234 0.098437 0.091406
0 0.448437 0.446484 0.084375 0.100781
0 0.405469 0.532422 0.082812 0.103906
0 0.505078 0.504687 0.088281 0.110937
0 0.474609 0.576953 0.080469 0.089844
0 0.414453 0.653906 0.072656 0.106250
0 0.412891 0.769922 0.069531 0.132031
0 0.476953 0.808984 0.066406 0.132031
0 0.496484 0.672656 0.080469 0.128125
0 0.553125 0.628906 0.071875 0.112500
0 0.587109 0.541406 0.074219 0.115625
0 0.598047 0.429297 0.071094 0.113281
0 0.653906 0.323047 0.095312 0.110156
0 0.657422 0.238281 0.074219 0.106250
0 0.730859 0.274609 0.089844 0.103906
0 0.739062 0.371875 0.084375 0.085938
0 0.782813 0.334766 0.046875 0.071094
0 0.791797 0.437109 0.064844 0.078906
0 0.677734 0.437891 0.083594 0.083594
0 0.664453 0.530859 0.091406 0.116406
0 0.641016 0.617188 0.082031 0.123438
0 0.617578 0.718750 0.082031 0.120313
0 0.546094 0.755859 0.073438 0.119531
0 0.539062 0.873437 0.078125 0.107813
0 0.611719 0.896875 0.070312 0.120313
0 0.657031 0.816797 0.073438 0.110156
0 0.723828 0.898828 0.063281 0.092969
0 0.798828 0.912891 0.075781 0.099219
0 0.723828 0.760938 0.075781 0.129688
0 0.800781 0.795703 0.076563 0.121094
0 0.876172 0.833203 0.064844 0.130469
0 0.920703 0.716797 0.066406 0.103906
0 0.935156 0.609375 0.082812 0.095312
0 0.947266 0.497656 0.069531 0.115625
0 0.873437 0.421484 0.084375 0.107031
0 0.858984 0.316016 0.105469 0.121094
0 0.848828 0.528516 0.100781 0.105469
0 0.742578 0.512891 0.075781 0.102344
0 0.802734 0.596875 0.092969 0.114062
0 0.827344 0.692578 0.089063 0.102344
0 0.716016 0.630469 0.078906 0.100000
0 0.346875 0.591797 0.056250 0.085156