0 0.272266 0.167187 0.063281 0.096875
0 0.197656 0.216406 0.067187 0.104688
0 0.141406 0.273438 0.067187 0.084375
0 0.111328 0.360547 0.066406 0.086719
0 0.164062 0.415234 0.078125 0.086719
0 0.118359 0.483203 0.067969 0.110156
0 0.161719 0.569922 0.060937 0.102344
0 0.217578 0.603906 0.063281 0.085938
0 0.266797 0.689063 0.071094 0.096875
0 0.337500 0.695312 0.062500 0.090625
0 0.414844 0.688281 0.070312 0.098437
0 0.493359 0.698438 0.055469 0.090625
0 0.565625 0.678516 0.075000 0.072656
0 0.604688 0.754297 0.071875 0.092969
0 0.708594 0.762109 0.060937 0.096094
0 0.769531 0.791016 0.064062 0.094531
0 0.801172 0.680078 0.083594 0.103906
0 0.729688 0.667969 0.068750 0.092188
0 0.684766 0.613281 0.069531 0.092188
0 0.296484 0.611719 0.077344 0.064062
0 0.376953 0.614453 0.066406 0.069531
0 0.450000 0.619922 0.068750 0.092969
0 0.519141 0.607422 0.072656 0.077344
0 0.605078 0.600000 0.060156 0.093750
0 0.819141 0.589844 0.078906 0.089063
0 0.756250 0.553906 0.065625 0.104688
0 0.700781 0.520703 0.070312 0.085156
0 0.200781 0.496875 0.070312 0.090625
0 0.264062 0.530469 0.081250 0.095312
0 0.344141 0.532031 0.069531 0.082812
0 0.416016 0.524219 0.053906 0.092188
0 0.487500 0.517578 0.065625 0.088281
0 0.625000 0.516797 0.043750 0.071094
0 0.560156 0.465625 0.070312 0.093750
0 0.628906 0.428125 0.073438 0.115625
0 0.704297 0.412500 0.067969 0.090625
0 0.752344 0.448828 0.054688 0.107031
0 0.828125 0.408203 0.075000 0.078906
0 0.828906 0.487109 0.060937 0.102344
0 0.756250 0.340625 0.050000 0.090625
0 0.702734 0.308984 0.071094 0.102344
0 0.640234 0.312109 0.067969 0.102344
0 0.559375 0.358203 0.068750 0.091406
0 0.482422 0.429688 0.074219 0.087500
0 0.406250 0.432812 0.071875 0.090625
0 0.309375 0.448828 0.068750 0.088281
0 0.236328 0.433203 0.063281 0.091406
0 0.201953 0.323828 0.063281 0.103906
0 0.263672 0.353906 0.083594 0.101562
0 0.350781 0.367578 0.076563 0.103906
0 0.413281 0.344922 0.073438 0.099219
0 0.488672 0.331641 0.067969 0.100781
0 0.413281 0.139063 0.076563 0.093750
0 0.502344 0.126953 0.067187 0.100781
0 0.590234 0.138672 0.077344 0.108594
0 0.672266 0.196875 0.072656 0.109375
0 0.355469 0.144141 0.057813 0.085156
0 0.343359 0.227734 0.071094 0.074219
0 0.254297 0.253516 0.086719 0.085156
0 0.416797 0.250781 0.077344 0.101562
0 0.499219 0.227344 0.079687 0.098437
0 0.587109 0.251563 0.067969 0.109375