0 0.427734 0.121094 0.086719 0.139063
0 0.522656 0.130859 0.089063 0.124219
0 0.585938 0.232813 0.084375 0.128125
0 0.688281 0.253906 0.082812 0.120313
0 0.806250 0.225781 0.106250 0.126562
0 0.861328 0.314844 0.103906 0.129688
0 0.897656 0.446484 0.114062 0.130469
0 0.934766 0.575781 0.092969 0.126562
0 0.840625 0.627344 0.103125 0.123438
0 0.743750 0.658594 0.103125 0.132812
0 0.782813 0.746484 0.106250 0.130469
0 0.696094 0.798047 0.085938 0.111719
0 0.611328 0.873828 0.103906 0.116406
0 0.521094 0.893359 0.085938 0.111719
0 0.435937 0.897656 0.084375 0.101562
0 0.252344 0.878906 0.082812 0.110937
0 0.336328 0.872266 0.053906 0.085156
0 0.363672 0.821484 0.077344 0.096094
0 0.465234 0.808594 0.092969 0.098437
0 0.558984 0.782422 0.086719 0.111719
0 0.643359 0.707422 0.086719 0.121094
0 0.628516 0.560547 0.100781 0.130469
0 0.617188 0.422656 0.084375 0.129688
0 0.697266 0.464062 0.082031 0.146875
0 0.787109 0.492188 0.099219 0.131250
0 0.749219 0.359375 0.107813 0.143750
0 0.538281 0.628125 0.101562 0.128125
0 0.536328 0.487109 0.085156 0.114844
0 0.544531 0.357422 0.095312 0.124219
0 0.477734 0.253906 0.099219 0.114062
0 0.351562 0.214453 0.093750 0.116406
0 0.288672 0.254688 0.089844 0.109375
0 0.383984 0.330469 0.111719 0.123438
0 0.461719 0.403516 0.107813 0.141406
0 0.451562 0.544922 0.075000 0.139844
0 0.454688 0.671875 0.096875 0.100000
0 0.353125 0.670312 0.096875 0.106250
0 0.278516 0.727344 0.078906 0.089063
0 0.201953 0.789844 0.097656 0.098437
0 0.174219 0.682031 0.085938 0.142187
0 0.193359 0.542578 0.077344 0.116406
0 0.222656 0.411328 0.089063 0.132031
0 0.299609 0.362109 0.092969 0.127344
0 0.358984 0.513672 0.080469 0.111719
0 0.283594 0.576953 0.092188 0.103906