0 0.421484 0.127734 0.086719 0.096094
0 0.519922 0.111719 0.080469 0.117188
0 0.601172 0.126172 0.077344 0.114844
0 0.673828 0.189844 0.082031 0.114062
0 0.764844 0.256641 0.079687 0.107031
0 0.875391 0.274609 0.078906 0.117969
0 0.857422 0.384766 0.080469 0.110156
0 0.770312 0.357031 0.084375 0.107813
0 0.279687 0.171484 0.071875 0.114844
0 0.352344 0.205859 0.079687 0.114844
0 0.238672 0.275391 0.080469 0.103906
0 0.303516 0.299609 0.069531 0.117969
0 0.408203 0.324219 0.072656 0.120313
0 0.500000 0.318359 0.084375 0.111719
0 0.540234 0.417969 0.083594 0.110937
0 0.632422 0.395703 0.061719 0.113281
0 0.614062 0.287500 0.081250 0.100000
0 0.143359 0.303516 0.080469 0.103906
0 0.211328 0.375781 0.082031 0.098437
0 0.139453 0.440234 0.075781 0.105469
0 0.219141 0.482031 0.082031 0.120313
0 0.287891 0.420703 0.094531 0.113281
0 0.369531 0.455078 0.060937 0.103906
0 0.452344 0.416016 0.079687 0.103906
0 0.702344 0.457422 0.082812 0.105469
0 0.785156 0.459766 0.076563 0.097656
0 0.757031 0.569922 0.079687 0.096094
0 0.673047 0.559375 0.077344 0.100000
0 0.603906 0.502344 0.073438 0.092188
0 0.499609 0.509766 0.080469 0.113281
0 0.422266 0.554297 0.085156 0.092969
0 0.326172 0.630078 0.077344 0.107031
0 0.241797 0.591016 0.083594 0.119531
0 0.144922 0.565234 0.077344 0.086719
0 0.135547 0.677734 0.077344 0.092969
0 0.171875 0.761719 0.056250 0.092188
0 0.256250 0.719141 0.078125 0.107031
0 0.250781 0.808984 0.067187 0.099219
0 0.355469 0.735156 0.079687 0.098437
0 0.419922 0.646094 0.080469 0.092188
0 0.514062 0.645703 0.075000 0.113281
0 0.585156 0.593359 0.079687 0.086719
0 0.644141 0.656250 0.072656 0.109375
0 0.729297 0.662500 0.064844 0.109375
0 0.701172 0.745313 0.083594 0.109375
0 0.725000 0.842578 0.075000 0.091406
0 0.648047 0.885938 0.074219 0.087500
0 0.575391 0.950781 0.069531 0.085938
0 0.474219 0.935547 0.067187 0.074219
0 0.401562 0.931250 0.081250 0.090625
0 0.321484 0.857031 0.067969 0.101562
0 0.396094 0.800391 0.073438 0.085156
0 0.443750 0.739062 0.062500 0.106250
0 0.519141 0.783984 0.082031 0.092969
0 0.461328 0.853906 0.066406 0.082812
0 0.572266 0.854688 0.069531 0.081250
0 0.577344 0.689844 0.079687 0.098437
0 0.620703 0.766406 0.072656 0.110937