0 0.460656 0.125000 0.024000 0.040172
0 0.497766 0.142859 0.022328 0.042406
0 0.535156 0.113281 0.030141 0.036828
0 0.538500 0.160156 0.023438 0.041297
0 0.568078 0.171313 0.022328 0.032359
0 0.435266 0.138672 0.037953 0.031813
0 0.427453 0.168250 0.029016 0.041859
0 0.374156 0.191406 0.036266 0.043531
0 0.411828 0.204797 0.031250 0.039062
0 0.465688 0.175500 0.031813 0.038500
0 0.496375 0.175500 0.021766 0.029578
0 0.509766 0.200062 0.021766 0.042969
0 0.531531 0.218750 0.020641 0.035719
0 0.553297 0.202844 0.037391 0.041859
0 0.582875 0.220141 0.025109 0.038500
0 0.617188 0.250000 0.029016 0.046875
0 0.574500 0.257250 0.032922 0.032359
0 0.532922 0.257531 0.016734 0.032922
0 0.545484 0.266469 0.015063 0.024000
0 0.511719 0.241625 0.027906 0.030141
0 0.486328 0.221266 0.024000 0.036266
0 0.449500 0.220984 0.041859 0.040172
0 0.392297 0.246937 0.034594 0.040734
0 0.349328 0.263953 0.033484 0.036828
0 0.314172 0.319750 0.034594 0.032359
0 0.352953 0.317250 0.031813 0.038500
0 0.385328 0.324219 0.034047 0.043531
0 0.408484 0.287953 0.029016 0.037953
0 0.439453 0.265625 0.030687 0.042406
0 0.470141 0.272875 0.029578 0.041297
0 0.505016 0.285156 0.025672 0.036828
0 0.525391 0.292406 0.015063 0.040172
0 0.551063 0.296594 0.026234 0.035156
0 0.606859 0.295766 0.035156 0.037953
0 0.585375 0.318641 0.025672 0.047984
0 0.631703 0.335375 0.026781 0.036828
0 0.654578 0.339562 0.021203 0.038500
0 0.687219 0.347656 0.032922 0.032359
0 0.433875 0.309156 0.026234 0.040172
0 0.461500 0.303297 0.025672 0.041859
0 0.482422 0.327281 0.027344 0.034047
0 0.507250 0.330922 0.016734 0.039062
0 0.541297 0.328688 0.026781 0.039062
0 0.553016 0.346266 0.018969 0.038500
0 0.319469 0.358812 0.034047 0.043531
0 0.355750 0.368578 0.032922 0.036266
0 0.384484 0.366344 0.032359 0.038500
0 0.412109 0.358266 0.031813 0.051344
0 0.449500 0.349047 0.028453 0.039625
0 0.477125 0.362172 0.027906 0.030141
0 0.509203 0.377234 0.029578 0.046875
0 0.526781 0.369422 0.026781 0.035719
0 0.542125 0.379469 0.028453 0.049109
0 0.580922 0.397594 0.030141 0.038500
0 0.591797 0.362438 0.016188 0.028453
0 0.605469 0.386719 0.025672 0.041297
0 0.633922 0.378906 0.031250 0.027906
0 0.694203 0.375000 0.040172 0.037953
0 0.297438 0.397594 0.032359 0.038500
0 0.344594 0.410156 0.026234 0.036828
0 0.370531 0.407359 0.024547 0.040172
0 0.396203 0.390344 0.029016 0.035156
0 0.428578 0.383922 0.029016 0.033484
0 0.460656 0.376391 0.019531 0.016188
0 0.479625 0.404016 0.030687 0.040172
0 0.529578 0.409312 0.025672 0.037391
0 0.541859 0.421312 0.027906 0.034594
0 0.589844 0.435547 0.041297 0.038500
0 0.606578 0.420203 0.016734 0.030141
0 0.623047 0.421031 0.020641 0.034047
0 0.652906 0.407641 0.026781 0.040734
0 0.703125 0.414344 0.026781 0.031813
0 0.725719 0.400672 0.020641 0.026781
0 0.727406 0.433594 0.019531 0.030141
0 0.767297 0.408766 0.027906 0.034047
0 0.294922 0.452844 0.031813 0.044078
0 0.328406 0.463734 0.029578 0.052453
0 0.366906 0.475453 0.028453 0.049109
0 0.405141 0.467359 0.033484 0.044078
0 0.387000 0.430797 0.035156 0.022328
0 0.431078 0.460938 0.029578 0.035719
0 0.437219 0.419922 0.024000 0.036266
0 0.463453 0.438609 0.031813 0.031250
0 0.448937 0.478234 0.027344 0.032359
0 0.480187 0.462891 0.036266 0.037391
0 0.500000 0.435547 0.024547 0.034047
0 0.537766 0.462734 0.022141 0.030922
0 0.505375 0.472813 0.027672 0.032875
0 0.564453 0.473641 0.024734 0.041016
0 0.547531 0.498203 0.020828 0.034187
0 0.586594 0.484047 0.024734 0.031906
0 0.587562 0.514000 0.026687 0.035813
0 0.622563 0.452641 0.030281 0.035484
0 0.619953 0.479656 0.023766 0.029625
0 0.662438 0.441891 0.024094 0.027016
0 0.647469 0.488938 0.025391 0.037766
0 0.650062 0.515297 0.022781 0.031906
0 0.687828 0.482094 0.020188 0.031906
0 0.702797 0.454266 0.021484 0.032234
0 0.772953 0.456062 0.025062 0.028000
0 0.765781 0.490562 0.022469 0.028000
0 0.786953 0.515141 0.028313 0.030281
0 0.812172 0.510250 0.018875 0.029625
0 0.709469 0.502938 0.025719 0.029297
0 0.734531 0.517250 0.017250 0.028000
0 0.289719 0.496094 0.028641 0.028641
0 0.319328 0.498859 0.026687 0.039391
0 0.355313 0.504391 0.034828 0.036141
0 0.391766 0.502922 0.029625 0.042312
0 0.427891 0.501141 0.025062 0.042641
0 0.458328 0.516281 0.024734 0.037766
0 0.485516 0.503094 0.027016 0.033531
0 0.533203 0.537266 0.023438 0.032875
0 0.554031 0.527016 0.020828 0.033203
0 0.590328 0.552734 0.028328 0.040359
0 0.605141 0.536453 0.017578 0.035156
0 0.634281 0.546063 0.027672 0.037437
0 0.688641 0.549641 0.019203 0.030281
0 0.711594 0.541016 0.015625 0.032547
0 0.749031 0.557125 0.021484 0.034828
0 0.758297 0.529453 0.017906 0.027672
0 0.782391 0.567063 0.024422 0.035156
0 0.824062 0.588219 0.024422 0.029297
0 0.269375 0.533859 0.025719 0.036453
0 0.302406 0.539062 0.025391 0.040359
0 0.331547 0.540687 0.031578 0.042312
0 0.385094 0.547531 0.026687 0.041672
0 0.409500 0.544594 0.024734 0.041016
0 0.443203 0.548984 0.032234 0.043297
0 0.484531 0.538094 0.028969 0.041016
0 0.513516 0.564453 0.025719 0.037766
0 0.546063 0.569500 0.027016 0.043953
0 0.588547 0.591641 0.028641 0.043953
0 0.632328 0.585125 0.026375 0.034828
0 0.670406 0.583172 0.025719 0.033531
0 0.667484 0.615891 0.022469 0.031250
0 0.697750 0.640953 0.023109 0.047531
0 0.698406 0.606437 0.021813 0.022781
0 0.701172 0.567219 0.020828 0.030281
0 0.713875 0.593094 0.021484 0.039062
0 0.765469 0.593266 0.023109 0.031578
0 0.735844 0.621578 0.019859 0.028313
0 0.758297 0.625656 0.019203 0.031250
0 0.289547 0.575031 0.042641 0.031578
0 0.321937 0.594562 0.035813 0.040688
0 0.354656 0.580234 0.037437 0.049812
0 0.391922 0.585453 0.037766 0.034187
0 0.419766 0.574219 0.034828 0.045578
0 0.452969 0.573078 0.029625 0.031578
0 0.485672 0.573406 0.024734 0.030922
0 0.289719 0.627922 0.028641 0.034500
0 0.337078 0.651359 0.024406 0.031906
0 0.357422 0.621578 0.026047 0.027016
0 0.363609 0.653813 0.025391 0.034187
0 0.390625 0.634109 0.026047 0.033859
0 0.427734 0.630047 0.023438 0.037437
0 0.443844 0.621422 0.021813 0.042312
0 0.468750 0.601891 0.027344 0.038406
0 0.504063 0.615234 0.035484 0.049484
0 0.544594 0.611812 0.024094 0.038734
0 0.572922 0.620937 0.022141 0.036141
0 0.608719 0.620766 0.026047 0.042312
0 0.624516 0.642906 0.021156 0.037109
0 0.643719 0.657219 0.019203 0.030594
0 0.684734 0.680016 0.028328 0.029297
0 0.721359 0.673172 0.018234 0.036453
0 0.755047 0.670406 0.034828 0.038734
0 0.299312 0.663578 0.028313 0.040688
0 0.325031 0.680828 0.021156 0.029625
0 0.352531 0.696281 0.028000 0.037109
0 0.383625 0.700031 0.026375 0.047203
0 0.410641 0.693516 0.029625 0.040688
0 0.408047 0.658531 0.028328 0.035813
0 0.436688 0.663250 0.027016 0.034828
0 0.468906 0.645672 0.025062 0.032234
0 0.497234 0.661453 0.020516 0.048172
0 0.517734 0.664391 0.018563 0.047531
0 0.540859 0.644047 0.028328 0.036781
0 0.559406 0.661953 0.018563 0.038734
0 0.587234 0.645672 0.024734 0.027016
0 0.620766 0.686359 0.039719 0.038094
0 0.659828 0.695969 0.021484 0.032547
0 0.671547 0.723953 0.022781 0.031250
0 0.699875 0.702141 0.018234 0.034500
0 0.751953 0.720703 0.028641 0.040359
0 0.721031 0.738766 0.025391 0.034828
0 0.713219 0.766281 0.026687 0.041672
0 0.696125 0.792312 0.018563 0.033859
0 0.666672 0.782719 0.026047 0.034187
0 0.677406 0.753578 0.020188 0.020188
0 0.626141 0.746750 0.027016 0.031250
0 0.631828 0.713859 0.030594 0.020188
0 0.590984 0.760578 0.027016 0.038094
0 0.615719 0.769859 0.021813 0.028000
0 0.665203 0.850750 0.019203 0.033531
0 0.691078 0.827313 0.017578 0.032234
0 0.660484 0.879391 0.030594 0.023109
0 0.631516 0.883469 0.024734 0.033859
0 0.565750 0.872891 0.020828 0.033531
0 0.591953 0.860516 0.021156 0.024422
0 0.585938 0.845859 0.022141 0.038094
0 0.543297 0.884609 0.026687 0.030922
0 0.519531 0.898766 0.026047 0.031906
0 0.506516 0.880047 0.023438 0.034828
0 0.478672 0.895016 0.025062 0.040047
0 0.446938 0.891437 0.034500 0.038094
0 0.415031 0.866219 0.031906 0.033203
0 0.388828 0.868328 0.022469 0.040047
0 0.370109 0.845703 0.028000 0.033859
0 0.341313 0.832844 0.027672 0.036781
0 0.317547 0.818844 0.032234 0.037437
0 0.281094 0.706219 0.029625 0.041344
0 0.301750 0.747719 0.034500 0.041016
0 0.316250 0.775875 0.027016 0.042641
0 0.340172 0.790687 0.021484 0.043625
0 0.369625 0.794922 0.024422 0.046875
0 0.394687 0.806797 0.027672 0.042000
0 0.424641 0.842453 0.031578 0.036453
0 0.457844 0.826016 0.028969 0.028328
0 0.455562 0.847500 0.024422 0.027016
0 0.510422 0.792812 0.020828 0.040031
0 0.515953 0.826656 0.026687 0.050453
0 0.545078 0.810875 0.027672 0.038406
0 0.568031 0.797203 0.025391 0.031906
0 0.598953 0.801766 0.024734 0.033203
0 0.554531 0.764484 0.024422 0.039391
0 0.317375 0.716141 0.031906 0.039062
0 0.336266 0.734859 0.029297 0.046547
0 0.365891 0.748703 0.023438 0.041672
0 0.388188 0.763516 0.025062 0.040047
0 0.404953 0.729000 0.032547 0.033531
0 0.433266 0.747891 0.024094 0.046547
0 0.416828 0.779297 0.021156 0.046875
0 0.439125 0.789062 0.028000 0.039062
0 0.481281 0.775062 0.026375 0.035813
0 0.478672 0.806969 0.026375 0.030594
0 0.516766 0.752766 0.036141 0.047203
0 0.444500 0.709313 0.029625 0.042312
0 0.474281 0.688156 0.039719 0.050781
0 0.490234 0.714516 0.026047 0.050125
0 0.519531 0.712562 0.031250 0.043625
0 0.536125 0.688484 0.030594 0.030594
0 0.575187 0.699219 0.046219 0.040359
0 0.548172 0.725578 0.035156 0.035813