0 0.334375 0.224219 0.037500 0.042188
0 0.300531 0.534188 0.032719 0.048828
0 0.337641 0.522703 0.040531 0.043453
0 0.362063 0.559078 0.036625 0.051766
0 0.408203 0.557625 0.039062 0.054688
0 0.431641 0.587891 0.039062 0.062500
0 0.466062 0.621344 0.031734 0.047359
0 0.501219 0.653328 0.037594 0.052734
0 0.544438 0.641844 0.040047 0.045406
0 0.550531 0.701422 0.042484 0.057125
0 0.596438 0.724125 0.038578 0.051766
0 0.639656 0.750484 0.050781 0.049812
0 0.713625 0.803953 0.038578 0.062984
0 0.745359 0.770016 0.035641 0.047859
0 0.706063 0.736812 0.031250 0.057625
0 0.670656 0.716797 0.034672 0.056641
0 0.625000 0.696781 0.037109 0.051766
0 0.583250 0.680422 0.037594 0.042484
0 0.276375 0.493406 0.035156 0.049312
0 0.235438 0.383344 0.036219 0.040844
0 0.248219 0.430938 0.046172 0.035156
0 0.251422 0.460406 0.038359 0.035859
0 0.280000 0.428984 0.034453 0.025562
0 0.305750 0.461109 0.033375 0.042969
0 0.344109 0.446563 0.040484 0.032313
0 0.314281 0.402703 0.037641 0.045453
0 0.350859 0.405359 0.034094 0.043672
0 0.269891 0.377656 0.035516 0.043672
0 0.243250 0.332031 0.029125 0.043328
0 0.261359 0.308594 0.031250 0.041906
0 0.288172 0.282672 0.030891 0.036937
0 0.309484 0.245734 0.029469 0.038359
0 0.374641 0.223359 0.034797 0.034797
0 0.324391 0.284984 0.033734 0.050078
0 0.300781 0.308422 0.039062 0.060016
0 0.276453 0.342687 0.030187 0.036219
0 0.311609 0.360969 0.038000 0.037281
0 0.327953 0.328484 0.038000 0.031953
0 0.345172 0.359906 0.031250 0.046516
0 0.374109 0.336109 0.032313 0.031609
0 0.359375 0.282313 0.026984 0.041906
0 0.381562 0.262250 0.030187 0.042969
0 0.406609 0.244500 0.024859 0.031609
0 0.417266 0.285516 0.027703 0.024141
0 0.392750 0.305219 0.041188 0.039422
0 0.399500 0.351203 0.034797 0.031953
0 0.382641 0.380687 0.028047 0.039766
0 0.378375 0.426484 0.020953 0.050422
0 0.366125 0.480828 0.029125 0.035516
0 0.386719 0.520422 0.034797 0.043672
0 0.399859 0.464844 0.031250 0.043328
0 0.415656 0.423828 0.034453 0.052203
0 0.423656 0.386016 0.024859 0.037641
0 0.436797 0.348719 0.034094 0.035516
0 0.440703 0.313031 0.037641 0.038000
0 0.439094 0.265266 0.027344 0.050422
0 0.462000 0.279656 0.030547 0.038000
0 0.473359 0.306813 0.024859 0.034094
0 0.479766 0.340906 0.030547 0.039766
0 0.449391 0.388141 0.029469 0.039062
0 0.456672 0.427734 0.038359 0.025922
0 0.439094 0.461109 0.050078 0.031609
0 0.419219 0.500172 0.031609 0.050078
0 0.438391 0.533563 0.033031 0.060016
0 0.466266 0.572797 0.026281 0.046172
0 0.790484 0.775922 0.036937 0.041906
0 0.830438 0.749469 0.044391 0.052906
0 0.852094 0.700812 0.043672 0.049359
0 0.887781 0.680219 0.035516 0.043672
0 0.496453 0.288703 0.035516 0.040484
0 0.528766 0.289953 0.033375 0.044391
0 0.506563 0.313563 0.041547 0.034797
0 0.557000 0.307000 0.028766 0.041547
0 0.533906 0.327594 0.035156 0.034453
0 0.507812 0.353516 0.031250 0.040844
0 0.480641 0.389203 0.033734 0.039766
0 0.491656 0.425422 0.033031 0.048297
0 0.490594 0.464844 0.040844 0.043328
0 0.462359 0.490594 0.035516 0.035156
0 0.477266 0.528937 0.039766 0.046516
0 0.502656 0.508344 0.038000 0.047938
0 0.514203 0.552031 0.036937 0.038703
0 0.495203 0.588781 0.033031 0.071016
0 0.541375 0.600500 0.031609 0.039062
0 0.550781 0.554156 0.037641 0.040125
0 0.544922 0.518281 0.038703 0.043672
0 0.530891 0.476391 0.034797 0.047938
0 0.515797 0.402516 0.037281 0.053625
0 0.547234 0.385656 0.027703 0.041188
0 0.572969 0.352984 0.040844 0.039766
0 0.593047 0.321563 0.039766 0.039422
0 0.625172 0.329016 0.030187 0.033031
0 0.661047 0.332031 0.029469 0.044750
0 0.696203 0.344281 0.033031 0.053625
0 0.740406 0.367547 0.034797 0.039062
0 0.765625 0.378547 0.031250 0.042609
0 0.800422 0.404656 0.031250 0.039422
0 0.839484 0.435187 0.029828 0.033734
0 0.846594 0.472125 0.021313 0.028047
0 0.861328 0.509766 0.026641 0.040844
0 0.871797 0.556469 0.020594 0.029125
0 0.863281 0.590906 0.031953 0.038359
0 0.865594 0.643281 0.033734 0.047938
0 0.742016 0.723719 0.030891 0.035516
0 0.784984 0.711828 0.030187 0.055750
0 0.807891 0.685906 0.031953 0.046516
0 0.832734 0.658375 0.030547 0.042609
0 0.825281 0.606891 0.022734 0.047578
0 0.840734 0.545094 0.035156 0.049000
0 0.826703 0.494844 0.038359 0.038000
0 0.811609 0.457562 0.036578 0.028766
0 0.787109 0.425609 0.033031 0.028766
0 0.743969 0.406422 0.031953 0.040125
0 0.705609 0.393281 0.030547 0.032313
0 0.673469 0.377250 0.033031 0.052797
0 0.640984 0.371500 0.040484 0.036578
0 0.601203 0.354578 0.029125 0.040125
0 0.580438 0.386359 0.038703 0.045453
0 0.554156 0.420094 0.028766 0.039062
0 0.586828 0.429859 0.028766 0.030187
0 0.562859 0.463422 0.040484 0.040484
0 0.585578 0.491828 0.036219 0.040484
0 0.595172 0.530547 0.042609 0.045453
0 0.579375 0.573516 0.033734 0.064625
0 0.575109 0.628547 0.025219 0.036937
0 0.610625 0.613281 0.035156 0.066047
0 0.626781 0.559844 0.027703 0.055750
0 0.632984 0.478875 0.027344 0.042969
0 0.615406 0.448688 0.023438 0.032313
0 0.647375 0.440344 0.029125 0.046875
0 0.622516 0.402172 0.029125 0.045812
0 0.654656 0.405359 0.030891 0.036578
0 0.688750 0.425781 0.028047 0.037641
0 0.720000 0.430047 0.029469 0.036219
0 0.750891 0.451000 0.035859 0.046875
0 0.696016 0.459687 0.036937 0.041547
0 0.663531 0.477094 0.031609 0.028047
0 0.655359 0.517938 0.030891 0.042969
0 0.659984 0.564281 0.033031 0.039062
0 0.663891 0.608125 0.033734 0.047234
0 0.646312 0.653766 0.038359 0.058953
0 0.684484 0.644703 0.028047 0.049359
0 0.715734 0.635656 0.028047 0.044031
0 0.747156 0.677375 0.036937 0.045094
0 0.755500 0.626781 0.032313 0.050422
0 0.792266 0.643828 0.033375 0.033375
0 0.772906 0.591969 0.034453 0.041906
0 0.805219 0.570672 0.028047 0.053266
0 0.798828 0.515266 0.030891 0.044750
0 0.788000 0.473359 0.033375 0.047578
0 0.755687 0.503547 0.022734 0.044031
0 0.777344 0.541016 0.033375 0.033734
0 0.701172 0.545984 0.030187 0.045094
0 0.693000 0.594281 0.029469 0.052203
0 0.727625 0.585766 0.037641 0.045094
0 0.725313 0.518469 0.033031 0.056813
0 0.727812 0.473359 0.028047 0.043328
0 0.688203 0.502484 0.032672 0.046172