0 0.039453 0.364453 0.044531 0.050781
0 0.079297 0.376953 0.039844 0.047656
0 0.116406 0.378906 0.032813 0.054688
0 0.113281 0.325391 0.042188 0.060156
0 0.185156 0.290625 0.042188 0.062500
0 0.240234 0.294922 0.042969 0.046094
0 0.273438 0.263672 0.034375 0.039844
0 0.313672 0.275781 0.039844 0.054688
0 0.337891 0.248828 0.035156 0.044531
0 0.363672 0.223438 0.039844 0.059375
0 0.411328 0.241797 0.041406 0.052344
0 0.445703 0.199219 0.035156 0.054688
0 0.505859 0.222656 0.039844 0.032813
0 0.552734 0.235156 0.033594 0.045312
0 0.595313 0.202344 0.034375 0.051562
0 0.630859 0.185547 0.039844 0.046094
0 0.664844 0.156250 0.039062 0.043750
0 0.744141 0.176953 0.022656 0.047656
0 0.716797 0.211719 0.030469 0.057813
0 0.670312 0.213281 0.040625 0.048438
0 0.629297 0.231641 0.046094 0.038281
0 0.598437 0.255078 0.043750 0.057031
0 0.638672 0.276562 0.036719 0.059375
0 0.676953 0.280859 0.038281 0.036719
0 0.701172 0.253906 0.030469 0.051562
0 0.735547 0.244531 0.036719 0.042188
0 0.775000 0.214062 0.046875 0.053125
0 0.783984 0.254297 0.046094 0.042969
0 0.783984 0.300000 0.049219 0.050000
0 0.750391 0.316797 0.038281 0.049219
0 0.852734 0.242578 0.030469 0.053906
0 0.871875 0.270703 0.028125 0.044531
0 0.901953 0.270313 0.035156 0.059375
0 0.869531 0.321484 0.032813 0.042969
0 0.857812 0.363672 0.034375 0.042969
0 0.883594 0.343750 0.032813 0.046875
0 0.918359 0.375781 0.052344 0.048438
0 0.074219 0.483203 0.051562 0.044531
0 0.111719 0.419922 0.039062 0.049219
0 0.131641 0.449219 0.038281 0.042188
0 0.135156 0.486328 0.051562 0.041406
0 0.115234 0.521094 0.033594 0.051562
0 0.138281 0.603125 0.042188 0.053125
0 0.133984 0.680078 0.039844 0.047656
0 0.158203 0.730469 0.050781 0.045312
0 0.206641 0.752734 0.032031 0.055469
0 0.229687 0.794141 0.040625 0.050781
0 0.261719 0.814453 0.035937 0.044531
0 0.298438 0.780859 0.031250 0.058594
0 0.349219 0.799609 0.048438 0.042969
0 0.369922 0.854297 0.046094 0.052344
0 0.406641 0.862891 0.038281 0.060156
0 0.447266 0.884766 0.041406 0.044531
0 0.482031 0.870313 0.042188 0.028125
0 0.509375 0.926172 0.040625 0.052344
0 0.558594 0.925781 0.048438 0.067187
0 0.570312 0.884375 0.031250 0.037500
0 0.600000 0.885938 0.031250 0.040625
0 0.621875 0.856250 0.034375 0.031250
0 0.675781 0.845703 0.026562 0.041406
0 0.653125 0.814063 0.021875 0.043750
0 0.676562 0.783203 0.028125 0.041406
0 0.701562 0.757812 0.028125 0.056250
0 0.723047 0.731641 0.027344 0.050781
0 0.751172 0.764453 0.024219 0.038281
0 0.751953 0.703125 0.032031 0.043750
0 0.785156 0.657422 0.029687 0.058594
0 0.782813 0.698438 0.025000 0.043750
0 0.823438 0.694531 0.053125 0.067187
0 0.177172 0.417406 0.048547 0.049109
0 0.169359 0.468187 0.030687 0.054688
0 0.163219 0.515625 0.034047 0.051344
0 0.188609 0.584266 0.040172 0.041297
0 0.182484 0.648719 0.034594 0.040734
0 0.209266 0.665172 0.041297 0.044641
0 0.215687 0.605469 0.047438 0.050219
0 0.259766 0.611328 0.053016 0.055250
0 0.244422 0.650391 0.037953 0.037391
0 0.268422 0.693359 0.036828 0.036266
0 0.263672 0.723766 0.029578 0.027906
0 0.311656 0.712609 0.034047 0.041297
0 0.315016 0.669359 0.036266 0.046312
0 0.293531 0.637000 0.035719 0.044078
0 0.300219 0.601000 0.035719 0.059156
0 0.260328 0.565297 0.040734 0.050219
0 0.247766 0.529297 0.042406 0.067516
0 0.190562 0.533203 0.035156 0.053016
0 0.192516 0.471812 0.032359 0.046312
0 0.233812 0.474047 0.047984 0.044078
0 0.214281 0.424672 0.042406 0.050219
0 0.215125 0.368578 0.037391 0.049672
0 0.229359 0.329234 0.039062 0.051344
0 0.262000 0.331188 0.035156 0.044078
0 0.253063 0.364391 0.041859 0.039062
0 0.252797 0.413500 0.045766 0.039062
0 0.269813 0.460094 0.041859 0.049672
0 0.288781 0.421875 0.039625 0.062500
0 0.288781 0.365516 0.030687 0.043531
0 0.322266 0.356312 0.026234 0.060828
0 0.330922 0.314172 0.039062 0.056922
0 0.367469 0.324219 0.036266 0.061391
0 0.399281 0.336500 0.035156 0.045766
0 0.409312 0.287109 0.030687 0.040734
0 0.351281 0.369703 0.030687 0.056359
0 0.386437 0.381969 0.034047 0.054125
0 0.324781 0.394531 0.029016 0.027906
0 0.374156 0.407641 0.042969 0.038500
0 0.327562 0.443641 0.041297 0.050219
0 0.313891 0.495250 0.031813 0.059703
0 0.282094 0.521203 0.035156 0.053578
0 0.305797 0.546312 0.035719 0.050219
0 0.342641 0.542125 0.031250 0.050781
0 0.372766 0.552453 0.024547 0.037953
0 0.356312 0.613844 0.036266 0.058031
0 0.362438 0.651234 0.041859 0.050219
0 0.346813 0.720422 0.035156 0.052453
0 0.395375 0.718187 0.031813 0.043531
0 0.391734 0.767016 0.033484 0.049672
0 0.428297 0.762828 0.028453 0.047984
0 0.408484 0.806641 0.040172 0.032922
0 0.438344 0.797719 0.037391 0.057484
0 0.448656 0.837328 0.042406 0.042969
0 0.480750 0.821156 0.032922 0.055250
0 0.513953 0.855469 0.036828 0.059156
0 0.543531 0.832031 0.026781 0.052453
0 0.582594 0.824781 0.040172 0.049109
0 0.613844 0.801625 0.033484 0.042969
0 0.648438 0.753344 0.029016 0.035719
0 0.499156 0.784594 0.025109 0.046875
0 0.527344 0.783203 0.023438 0.039625
0 0.560828 0.798266 0.032359 0.045203
0 0.558312 0.754469 0.027344 0.049109
0 0.573656 0.707594 0.029016 0.040172
0 0.582875 0.761156 0.022875 0.046875
0 0.607984 0.756969 0.024000 0.045203
0 0.619422 0.720703 0.031250 0.037391
0 0.642016 0.727406 0.018422 0.037391
0 0.647875 0.703125 0.030141 0.049109
0 0.675781 0.661547 0.043531 0.037391
0 0.732984 0.659875 0.035156 0.045203
0 0.686937 0.682484 0.030141 0.041297
0 0.835656 0.618578 0.037391 0.034047
0 0.845422 0.563063 0.032359 0.050219
0 0.871375 0.574500 0.021766 0.050781
0 0.886719 0.531531 0.030141 0.049672
0 0.928016 0.519813 0.045766 0.046312
0 0.941687 0.549109 0.032922 0.037953
0 0.936109 0.488000 0.044078 0.042969
0 0.934984 0.451734 0.041859 0.041859
0 0.899547 0.409047 0.042406 0.039062
0 0.880859 0.425781 0.038500 0.050219
0 0.899828 0.450609 0.034047 0.035156
0 0.885047 0.477953 0.049109 0.040734
0 0.854906 0.428297 0.033484 0.039625
0 0.820031 0.357422 0.035156 0.049672
0 0.792125 0.355187 0.039625 0.047438
0 0.754188 0.360766 0.021766 0.042969
0 0.791297 0.390906 0.031250 0.031813
0 0.808594 0.436391 0.030141 0.042406
0 0.831469 0.459266 0.037953 0.034594
0 0.847656 0.500000 0.032359 0.040172
0 0.820031 0.527062 0.032922 0.034047
0 0.803297 0.567250 0.030687 0.045203
0 0.774000 0.550781 0.027906 0.036828
0 0.744703 0.570312 0.022875 0.037953
0 0.721547 0.606313 0.034594 0.025109
0 0.749437 0.629469 0.025672 0.017859
0 0.408484 0.655141 0.033484 0.037953
0 0.443922 0.706750 0.035156 0.047438
0 0.473766 0.710656 0.023438 0.044078
0 0.505859 0.697266 0.031813 0.041859
0 0.514516 0.731578 0.044641 0.039062
0 0.525672 0.655141 0.035719 0.046875
0 0.472938 0.654297 0.041859 0.040734
0 0.438063 0.652625 0.034594 0.050781
0 0.397047 0.591516 0.035156 0.040172
0 0.349891 0.491625 0.030141 0.052453
0 0.374437 0.455641 0.043531 0.054125
0 0.385328 0.505578 0.040734 0.049109
0 0.414625 0.523719 0.036828 0.042969
0 0.420766 0.567797 0.037953 0.059703
0 0.455922 0.557750 0.032359 0.044078
0 0.443641 0.600172 0.039062 0.041859
0 0.483812 0.608266 0.039062 0.022328
0 0.525672 0.590125 0.029016 0.041859
0 0.558031 0.603234 0.026781 0.045766
0 0.579516 0.625844 0.025109 0.048547
0 0.607703 0.633375 0.023438 0.050219
0 0.626672 0.587328 0.025672 0.040734
0 0.648156 0.624437 0.028453 0.041297
0 0.674672 0.597094 0.034594 0.066969
0 0.687219 0.561391 0.039625 0.053578
0 0.717641 0.571422 0.031250 0.049109
0 0.738844 0.528188 0.026781 0.045203
0 0.773156 0.501109 0.032922 0.051344
0 0.809703 0.487719 0.034594 0.053578
0 0.777625 0.457313 0.041859 0.050781
0 0.765906 0.411547 0.042969 0.048547
0 0.704516 0.314734 0.040734 0.046875
0 0.722375 0.386156 0.047438 0.044641
0 0.732141 0.427172 0.042406 0.039625
0 0.747203 0.477672 0.039062 0.037953
0 0.682484 0.517859 0.032359 0.046875
0 0.711500 0.518969 0.030141 0.053578
0 0.688344 0.460938 0.030687 0.042406
0 0.697828 0.417406 0.042969 0.053578
0 0.672719 0.378906 0.050781 0.054688
0 0.659047 0.335375 0.054688 0.043531
0 0.608812 0.310547 0.039062 0.049672
0 0.575063 0.307203 0.047438 0.051891
0 0.516188 0.271484 0.034594 0.047438
0 0.456187 0.260328 0.037391 0.045203
0 0.485484 0.274281 0.029016 0.055250
0 0.471266 0.319469 0.045203 0.051891
0 0.444750 0.351562 0.030141 0.046875
0 0.429125 0.397875 0.039062 0.059156
0 0.410438 0.440562 0.026234 0.046312
0 0.424109 0.481578 0.037953 0.052453
0 0.468469 0.514781 0.039625 0.060828
0 0.518422 0.530141 0.041297 0.060266
0 0.556359 0.550500 0.030141 0.049672
0 0.585375 0.526500 0.032359 0.041859
0 0.622203 0.541859 0.027906 0.050219
0 0.650109 0.553016 0.032359 0.047984
0 0.652906 0.488000 0.031250 0.049672
0 0.626109 0.500563 0.026781 0.039062
0 0.597094 0.482703 0.040172 0.041297
0 0.555797 0.498328 0.051344 0.036828
0 0.498609 0.495250 0.048547 0.046312
0 0.485219 0.458703 0.037391 0.042406
0 0.448375 0.438609 0.032922 0.035719
0 0.472656 0.409047 0.030141 0.047984
0 0.501109 0.388672 0.029016 0.036266
0 0.486328 0.350172 0.057484 0.041859
0 0.527625 0.356031 0.037391 0.060266
0 0.534875 0.311937 0.031813 0.052453
0 0.570031 0.355469 0.037391 0.043531
0 0.599609 0.361891 0.025109 0.042969
0 0.625563 0.353797 0.025672 0.037953
0 0.547438 0.409594 0.032359 0.042406
0 0.532094 0.452016 0.032922 0.042406
0 0.580359 0.432203 0.031250 0.029578
0 0.620250 0.442797 0.028453 0.044078
0 0.605469 0.398438 0.021203 0.024547