0 0.378906 0.133594 0.089063 0.110937
0 0.464844 0.179297 0.095312 0.133594
0 0.597656 0.148828 0.092188 0.132031
0 0.666797 0.077734 0.083594 0.111719
0 0.764062 0.210156 0.109375 0.126562
0 0.660937 0.230469 0.109375 0.135937
0 0.544141 0.242578 0.097656 0.147656
0 0.384766 0.257422 0.094531 0.130469
0 0.316016 0.288672 0.088281 0.121094
0 0.459766 0.318359 0.082031 0.139844
0 0.537891 0.378906 0.097656 0.117188
0 0.666406 0.357812 0.095312 0.115625
0 0.751172 0.364453 0.083594 0.125781
0 0.614062 0.454688 0.100000 0.134375
0 0.264062 0.370703 0.078125 0.107031
0 0.386328 0.385937 0.088281 0.118750
0 0.453906 0.442188 0.089063 0.128125
0 0.842187 0.467187 0.087500 0.121875
0 0.701562 0.486328 0.068750 0.119531
0 0.766406 0.564453 0.073438 0.119531
0 0.867969 0.601172 0.082812 0.105469
0 0.907813 0.742188 0.081250 0.131250
0 0.840234 0.847266 0.083594 0.103906
0 0.736719 0.876172 0.089063 0.121094
0 0.557422 0.862891 0.092969 0.110156
0 0.451953 0.840234 0.082031 0.127344
0 0.373047 0.794141 0.083594 0.100781
0 0.266797 0.761719 0.086719 0.120313
0 0.185938 0.709766 0.078125 0.125781
0 0.120313 0.644922 0.081250 0.117969
0 0.133984 0.532031 0.083594 0.085938
0 0.229297 0.500391 0.080469 0.107031
0 0.257812 0.599609 0.071875 0.108594
0 0.319922 0.503906 0.077344 0.132812
0 0.351562 0.636719 0.075000 0.107813
0 0.410156 0.552344 0.070312 0.135937
0 0.439063 0.682422 0.071875 0.108594
0 0.510938 0.601172 0.087500 0.121094
0 0.521875 0.713281 0.075000 0.101562
0 0.623047 0.732422 0.089844 0.111719
0 0.642188 0.819141 0.081250 0.069531
0 0.720313 0.735156 0.090625 0.098437
0 0.691406 0.631250 0.098437 0.100000
0 0.603906 0.581250 0.092188 0.112500