0 0.412109 0.189453 0.064844 0.094531
0 0.482812 0.232813 0.065625 0.087500
0 0.510156 0.299219 0.060937 0.089063
0 0.580078 0.350000 0.066406 0.093750
0 0.636719 0.387500 0.051562 0.090625
0 0.681641 0.442188 0.069531 0.078125
0 0.718750 0.510156 0.059375 0.073438
0 0.740625 0.592187 0.062500 0.081250
0 0.730469 0.664062 0.048438 0.078125
0 0.682422 0.630078 0.055469 0.072656
0 0.761328 0.772266 0.063281 0.078906
0 0.747266 0.841016 0.066406 0.069531
0 0.687109 0.863281 0.067969 0.079687
0 0.632422 0.906641 0.058594 0.094531
0 0.664453 0.744922 0.060156 0.077344
0 0.707422 0.795703 0.058594 0.082031
0 0.643750 0.811719 0.053125 0.070312
0 0.600781 0.777734 0.054688 0.083594
0 0.580859 0.840234 0.058594 0.086719
0 0.519531 0.822656 0.051562 0.082812
0 0.573828 0.723828 0.053906 0.082031
0 0.633203 0.676172 0.060156 0.083594
0 0.634375 0.598828 0.050000 0.085156
0 0.661719 0.523438 0.060937 0.096875
0 0.351953 0.255859 0.069531 0.083594
0 0.309766 0.299219 0.072656 0.085938
0 0.253516 0.337109 0.063281 0.077344
0 0.165625 0.424609 0.071875 0.089844
0 0.127734 0.470313 0.055469 0.075000
0 0.155859 0.553125 0.058594 0.090625
0 0.180078 0.626172 0.063281 0.086719
0 0.225000 0.578516 0.068750 0.097656
0 0.196484 0.502734 0.058594 0.096094
0 0.267578 0.514453 0.063281 0.078906
0 0.245312 0.425781 0.062500 0.101562
0 0.296875 0.391406 0.053125 0.098437
0 0.352344 0.412109 0.057813 0.074219
0 0.345313 0.476562 0.053125 0.059375
0 0.311328 0.552344 0.060156 0.073438
0 0.289844 0.626172 0.060937 0.096094
0 0.350781 0.612891 0.045312 0.094531
0 0.408984 0.615234 0.046094 0.086719
0 0.424219 0.681250 0.064062 0.068750
0 0.399219 0.739062 0.064062 0.062500
0 0.437109 0.782422 0.061719 0.064844
0 0.492578 0.741797 0.060156 0.058594
0 0.516797 0.674219 0.046094 0.085938
0 0.538281 0.612891 0.051562 0.072656
0 0.500781 0.553516 0.054688 0.082031
0 0.521484 0.481641 0.055469 0.085156
0 0.418359 0.283594 0.061719 0.079687
0 0.371094 0.327734 0.057813 0.083594
0 0.439453 0.353906 0.063281 0.085938
0 0.469141 0.430859 0.050781 0.086719
0 0.409766 0.448437 0.057031 0.078125
0 0.396875 0.528516 0.053125 0.078906
0 0.451953 0.510156 0.050781 0.076563