1 0.126923 0.484000 0.228205 0.184000
1 0.130769 0.666000 0.230769 0.188000
1 0.132051 0.844000 0.228205 0.176000
1 0.379487 0.108286 0.235897 0.175429
1 0.379487 0.312000 0.235897 0.200000
1 0.380769 0.496000 0.233333 0.184000
1 0.379487 0.678000 0.230769 0.180000
1 0.380769 0.864000 0.233333 0.168000
1 0.626923 0.860000 0.233333 0.192000
1 0.625000 0.680000 0.229487 0.184000
1 0.637821 0.492000 0.229487 0.192000
1 0.632051 0.314000 0.233333 0.196000
1 0.649451 0.132857 0.239560 0.174286
1 0.885348 0.167714 0.229304 0.184571
1 0.866667 0.348000 0.230769 0.176000
1 0.871795 0.532000 0.225641 0.192000
1 0.860897 0.714000 0.224359 0.188000
1 0.857051 0.900000 0.226923 0.168000
1 0.125356 0.290000 0.230769 0.180000