1 0.373225 0.938596 0.129817 0.105263
1 0.372718 0.826023 0.128803 0.108187
1 0.371197 0.710526 0.129817 0.105263
1 0.369675 0.596491 0.130832 0.122807
1 0.374239 0.460526 0.131846 0.125731
1 0.379310 0.327485 0.133874 0.116959
1 0.797160 0.070175 0.133874 0.128655
1 0.798682 0.201754 0.132860 0.116959
1 0.933063 0.085004 0.133874 0.128237
1 0.932049 0.207602 0.127789 0.116959
1 0.926978 0.328947 0.133874 0.119883
1 0.789554 0.321637 0.132860 0.111111
1 0.655172 0.314327 0.129817 0.114035
1 0.516734 0.318713 0.132860 0.122807
1 0.512170 0.450292 0.135903 0.128655
1 0.509128 0.580409 0.133874 0.119883
1 0.507099 0.698830 0.129817 0.116959
1 0.506085 0.818713 0.131846 0.105263
1 0.512170 0.934211 0.131846 0.108187
1 0.646045 0.926901 0.131846 0.105263
1 0.641988 0.811404 0.131846 0.114035
1 0.645538 0.691520 0.130832 0.108187
1 0.644016 0.568713 0.131846 0.119883
1 0.652130 0.447368 0.135903 0.122807
1 0.788032 0.450292 0.127789 0.122807
1 0.782454 0.559942 0.132860 0.114035
1 0.785497 0.679825 0.130832 0.108187
1 0.779412 0.796784 0.130832 0.114035
1 0.778905 0.913743 0.129817 0.108187
1 0.907708 0.937135 0.127789 0.108187
1 0.910751 0.827485 0.129817 0.105263
1 0.918357 0.709064 0.128803 0.108187
1 0.918864 0.587719 0.129817 0.122807
1 0.924949 0.463450 0.129817 0.125731
1 0.382495 0.202573 0.131846 0.129474
1 0.661765 0.172281 0.135477 0.123216
1 0.526288 0.189006 0.138357 0.110702
1 0.248844 0.209942 0.135477 0.110702
1 0.247343 0.329766 0.131846 0.107193
1 0.242840 0.586433 0.122840 0.107193
1 0.243408 0.466199 0.123955 0.120234
1 0.243976 0.701754 0.122840 0.097485
1 0.246795 0.808947 0.119452 0.110468
1 0.247911 0.930819 0.119452 0.100702