1 0.907839 0.186364 0.184322 0.066667
1 0.716102 0.187121 0.194915 0.071212
1 0.898835 0.250758 0.183263 0.065152
1 0.894068 0.318939 0.186441 0.062121
1 0.119703 0.456818 0.188559 0.083333
1 0.312500 0.461364 0.192797 0.068182
1 0.506356 0.460606 0.194915 0.066667
1 0.702331 0.459848 0.188559 0.065152
1 0.889831 0.459091 0.182203 0.060606
1 0.891949 0.391667 0.182203 0.068182
1 0.702331 0.394697 0.192797 0.065152
1 0.896186 0.518939 0.182203 0.065152
1 0.708686 0.527273 0.188559 0.063636
1 0.509534 0.528030 0.192797 0.065152
1 0.314619 0.531061 0.188559 0.062121
1 0.118114 0.523485 0.185381 0.071212
1 0.119703 0.590909 0.184322 0.063636
1 0.311970 0.591667 0.191737 0.068182
1 0.505297 0.593939 0.188559 0.063636
1 0.698093 0.587879 0.188559 0.063636
1 0.883475 0.585606 0.182203 0.062121
1 0.885064 0.644697 0.179025 0.065152
1 0.701271 0.653788 0.186441 0.065152
1 0.508475 0.657576 0.190678 0.063636
1 0.318856 0.658333 0.188559 0.068182
1 0.126059 0.655303 0.184322 0.068182
1 0.126059 0.721970 0.184322 0.074242
1 0.315678 0.724242 0.186441 0.057576
1 0.507415 0.725000 0.188559 0.059091
1 0.698093 0.715909 0.188559 0.068182
1 0.880297 0.710606 0.180085 0.066667
1 0.883475 0.771970 0.177966 0.083333
1 0.698093 0.779545 0.184322 0.062121
1 0.507415 0.783333 0.188559 0.060606
1 0.316208 0.787879 0.183263 0.063636
1 0.131356 0.787879 0.186441 0.069697
1 0.130297 0.843939 0.180085 0.060606
1 0.131356 0.904545 0.177966 0.060606
1 0.138242 0.968939 0.176907 0.062121
1 0.319915 0.966667 0.182203 0.060606
1 0.315678 0.848485 0.182203 0.060606
1 0.313559 0.909091 0.182203 0.057576
1 0.503178 0.841667 0.188559 0.059091
1 0.508475 0.903030 0.186441 0.060606
1 0.503178 0.961364 0.184322 0.062121
1 0.686441 0.963636 0.182203 0.051515
1 0.694915 0.905303 0.182203 0.056061
1 0.694915 0.844697 0.186441 0.056061
1 0.878178 0.833333 0.175847 0.069697
1 0.878178 0.893939 0.175847 0.069697
1 0.863347 0.954545 0.175847 0.063636
1 0.112490 0.387446 0.192696 0.064935
1 0.306699 0.391053 0.191687 0.060606
1 0.504944 0.394661 0.192696 0.067821
1 0.704701 0.325397 0.196731 0.064935
1 0.706719 0.256133 0.190678 0.062049
1 0.708737 0.118326 0.194713 0.066378
1 0.907082 0.118326 0.185835 0.069264
1 0.912631 0.051227 0.174738 0.070707