1 0.334140 0.110426 0.271186 0.063901
1 0.607748 0.108744 0.271186 0.049327
1 0.871671 0.116592 0.256659 0.056054
1 0.863196 0.165359 0.249395 0.057175
1 0.598063 0.158632 0.266344 0.048206
1 0.329903 0.164238 0.265133 0.059417
1 0.325666 0.219170 0.268765 0.048206
1 0.325666 0.268498 0.268765 0.050448
1 0.595642 0.263453 0.266344 0.044843
1 0.861985 0.265695 0.251816 0.049327
1 0.863196 0.216368 0.254237 0.053812
1 0.598063 0.211323 0.271186 0.050448
1 0.328087 0.322870 0.263923 0.047085
1 0.601695 0.317265 0.268765 0.056054
1 0.868039 0.315583 0.259080 0.057175
1 0.844431 0.366031 0.255448 0.054933
1 0.584140 0.369955 0.260291 0.049327
1 0.313559 0.371637 0.263923 0.048206
1 0.312349 0.422646 0.261501 0.051570
1 0.581114 0.416480 0.266344 0.050448
1 0.848668 0.417601 0.254237 0.045964
1 0.841404 0.464686 0.254237 0.045964
1 0.578692 0.469170 0.261501 0.043722
1 0.312349 0.471413 0.261501 0.048206
1 0.316586 0.520740 0.257869 0.050448
1 0.578692 0.515695 0.266344 0.049327
1 0.845036 0.510650 0.256659 0.048206
1 0.838983 0.566143 0.254237 0.049327
1 0.578692 0.570628 0.261501 0.051570
1 0.315981 0.572870 0.259080 0.051570
1 0.307506 0.622197 0.261501 0.051570
1 0.583535 0.618274 0.261501 0.057175
1 0.842615 0.614350 0.246973 0.051570
1 0.831719 0.660314 0.249395 0.049327
1 0.573850 0.668161 0.256659 0.047085
1 0.311743 0.668722 0.255448 0.043722
1 0.314770 0.714686 0.256659 0.045964
1 0.576271 0.710202 0.256659 0.052691
1 0.834140 0.705157 0.249395 0.051570
1 0.829298 0.748879 0.244552 0.049327
1 0.575061 0.754484 0.254237 0.051570
1 0.572639 0.802691 0.254237 0.053812
1 0.832930 0.792601 0.246973 0.051570
1 0.828156 0.837489 0.252858 0.050169
1 0.570218 0.849776 0.249395 0.047085
1 0.314770 0.853139 0.251816 0.040359
1 0.317191 0.895740 0.251816 0.040359
1 0.576271 0.889013 0.251816 0.047085
1 0.830416 0.877704 0.248010 0.055599
1 0.832930 0.920964 0.242131 0.050448
1 0.577482 0.930493 0.254237 0.049327
1 0.829298 0.963585 0.239709 0.048245
1 0.582324 0.975336 0.259080 0.049327
1 0.326877 0.979821 0.251816 0.040359
1 0.322034 0.938341 0.251816 0.040359
1 0.315981 0.807175 0.254237 0.042601
1 0.315981 0.758969 0.254237 0.044843
1 0.094431 0.218497 0.188862 0.054037
1 0.095642 0.270740 0.191283 0.048206
1 0.084746 0.320752 0.169492 0.055805
1 0.091226 0.369646 0.182451 0.053245
1 0.090799 0.663594 0.181598 0.047251
1 0.090799 0.709249 0.181598 0.054597
1 0.093826 0.755636 0.187651 0.047024
1 0.093220 0.803338 0.186441 0.050274
1 0.097195 0.851456 0.183333 0.048210
1 0.094431 0.892944 0.188862 0.036982
1 0.099274 0.935941 0.198547 0.045157
1 0.100932 0.976600 0.195230 0.044558
1 0.095096 0.164969 0.190192 0.053471
1 0.874146 0.055287 0.251708 0.061430
1 0.598368 0.056515 0.275966 0.054058
1 0.317095 0.062658 0.257391 0.061430