1 0.225028 0.168582 0.102132 0.084291
1 0.222783 0.250958 0.103255 0.076628
1 0.217873 0.328544 0.113075 0.082375
1 0.223906 0.408046 0.107744 0.080460
1 0.226852 0.491379 0.106902 0.074713
1 0.228956 0.575670 0.107744 0.086207
1 0.231902 0.658046 0.106902 0.090038
1 0.234007 0.732759 0.107744 0.086207
1 0.240741 0.814176 0.107744 0.091954
1 0.242845 0.889847 0.105219 0.090038
1 0.355219 0.892720 0.107744 0.072797
1 0.351852 0.818008 0.111111 0.076628
1 0.350168 0.739464 0.111111 0.080460
1 0.345118 0.656130 0.111111 0.093870
1 0.341751 0.580460 0.107744 0.099617
1 0.337542 0.494253 0.112795 0.088123
1 0.336700 0.409962 0.114478 0.088123
1 0.340909 0.329502 0.112795 0.080460
1 0.335859 0.249042 0.112795 0.080460
1 0.339226 0.161877 0.112795 0.086207
1 0.462121 0.160920 0.116162 0.099617
1 0.458754 0.255747 0.116162 0.082375
1 0.458333 0.334291 0.115320 0.086207
1 0.451599 0.416667 0.115320 0.090038
1 0.452020 0.500000 0.112795 0.084291
1 0.456229 0.587165 0.114478 0.086207
1 0.459596 0.667625 0.114478 0.086207
1 0.462121 0.749042 0.109428 0.076628
1 0.462963 0.825670 0.111111 0.072797
1 0.467172 0.900383 0.112795 0.068966
1 0.580808 0.901341 0.111111 0.070881
1 0.576599 0.823755 0.112795 0.076628
1 0.575337 0.747126 0.110269 0.072797
1 0.577441 0.674330 0.114478 0.072797
1 0.576599 0.583333 0.112795 0.090038
1 0.582071 0.496169 0.113636 0.076628
1 0.582492 0.418582 0.114478 0.078544
1 0.583333 0.338123 0.116162 0.078544
1 0.576599 0.254789 0.116162 0.080460
1 0.581229 0.165709 0.115320 0.093870
1 0.703704 0.171456 0.117845 0.082375
1 0.702020 0.255747 0.114478 0.074713
1 0.700337 0.335249 0.114478 0.084291
1 0.698653 0.419540 0.114478 0.076628
1 0.697391 0.496169 0.111953 0.076628
1 0.691077 0.588123 0.112795 0.080460
1 0.693603 0.669540 0.114478 0.078544
1 0.691077 0.747126 0.112795 0.072797
1 0.690657 0.822797 0.108586 0.074713
1 0.693182 0.898467 0.110269 0.068966
1 0.807239 0.898467 0.109428 0.072797
1 0.807239 0.824713 0.112795 0.070881
1 0.806397 0.750000 0.111111 0.074713
1 0.812290 0.668582 0.112795 0.076628
1 0.813131 0.587165 0.114478 0.078544
1 0.814815 0.496169 0.111111 0.084291
1 0.823232 0.416667 0.117845 0.082375
1 0.817761 0.339080 0.113636 0.076628
1 0.819444 0.261494 0.113636 0.078544
1 0.821549 0.170498 0.114478 0.088123
1 0.939815 0.179119 0.118687 0.082375
1 0.938552 0.267241 0.119529 0.090038
1 0.934764 0.346743 0.115320 0.091954
1 0.935606 0.425287 0.108586 0.095785
1 0.925505 0.502874 0.106902 0.086207
1 0.930135 0.587165 0.112795 0.086207
1 0.925926 0.670498 0.111111 0.076628
1 0.925084 0.750000 0.112795 0.074713
1 0.918350 0.821839 0.106061 0.072797
1 0.915404 0.894636 0.106902 0.065134
1 0.936902 0.093295 0.117121 0.079962
1 0.813569 0.090805 0.111987 0.081609
1 0.696818 0.085785 0.118569 0.084943
1 0.578973 0.072452 0.117121 0.091609
1 0.450152 0.079119 0.112727 0.074981
1 0.334141 0.076628 0.111987 0.083295
1 0.226549 0.088276 0.092963 0.073295