1 0.953938 0.099265 0.092124 0.156513
1 0.264632 0.827731 0.093569 0.161765
1 0.270592 0.677521 0.096098 0.159664
1 0.269509 0.533088 0.095376 0.158613
1 0.284321 0.396534 0.096098 0.158613
1 0.379335 0.420693 0.095376 0.156513
1 0.370303 0.558298 0.096098 0.154412
1 0.365968 0.690651 0.093208 0.150210
1 0.364523 0.842962 0.094653 0.164916
1 0.463150 0.855567 0.093931 0.160714
1 0.460983 0.715861 0.098266 0.158613
1 0.463873 0.584559 0.096821 0.156513
1 0.475614 0.440651 0.095014 0.154412
1 0.571893 0.450105 0.094653 0.148109
1 0.559068 0.589811 0.095014 0.141807
1 0.556900 0.725840 0.094292 0.140756
1 0.649928 0.741071 0.096098 0.146008
1 0.651915 0.606618 0.092847 0.141807
1 0.664017 0.476366 0.095376 0.150210
1 0.758671 0.487395 0.098266 0.157563
1 0.747110 0.620273 0.098266 0.135504
1 0.743858 0.762080 0.096098 0.150210
1 0.750361 0.910189 0.093208 0.139706
1 0.837970 0.907038 0.088512 0.133403
1 0.923410 0.770483 0.091040 0.141807
1 0.929552 0.649685 0.090318 0.131303
1 0.851156 0.508929 0.093931 0.135504
1 0.839053 0.637080 0.091402 0.135504
1 0.834538 0.769433 0.088873 0.135504
1 0.162572 0.809349 0.111272 0.164916
1 0.770954 0.180672 0.093931 0.155462
1 0.861272 0.205882 0.086705 0.147059
1 0.277095 0.255252 0.091763 0.178571
1 0.372110 0.281513 0.093931 0.155462
1 0.472182 0.290966 0.093208 0.165966
1 0.568642 0.294118 0.092486 0.151261
1 0.855130 0.373950 0.087428 0.147059
1 0.953035 0.386555 0.085260 0.134454
1 0.939306 0.525210 0.089595 0.134454
1 0.765896 0.355042 0.096821 0.155462
1 0.666185 0.348739 0.096821 0.155462
1 0.172688 0.218487 0.117052 0.159664
1 0.556358 0.876050 0.093931 0.159664
1 0.659682 0.905462 0.093931 0.142857
1 0.927384 0.924370 0.084538 0.126050
1 0.954118 0.236345 0.084538 0.140756
1 0.162211 0.650210 0.110549 0.149160
1 0.168714 0.507878 0.106214 0.167017
1 0.171243 0.356618 0.119942 0.158613