1 0.074627 0.147817 0.146269 0.144841
1 0.228358 0.162698 0.152239 0.154762
1 0.391791 0.199405 0.162687 0.113095
1 0.398134 0.052579 0.163433 0.105159
1 0.567910 0.087302 0.162687 0.115079
1 0.564179 0.209325 0.161194 0.113095
1 0.727612 0.189484 0.159701 0.125000
1 0.758209 0.068452 0.164179 0.117063
1 0.920522 0.050595 0.157463 0.101190
1 0.916045 0.182540 0.155970 0.134921
1 0.908209 0.311508 0.156716 0.126984
1 0.906716 0.426587 0.156716 0.130952
1 0.911194 0.567460 0.150746 0.111111
1 0.908955 0.676587 0.149254 0.107143
1 0.903358 0.781746 0.147015 0.103175
1 0.894776 0.881944 0.147761 0.093254
1 0.887687 0.959325 0.148507 0.077381
1 0.731716 0.976190 0.150000 0.047619
1 0.735821 0.904762 0.152239 0.095238
1 0.747761 0.810516 0.155224 0.101190
1 0.740299 0.697421 0.155224 0.121032
1 0.740299 0.576389 0.158209 0.109127
1 0.745522 0.433532 0.156716 0.105159
1 0.744030 0.321429 0.159701 0.119048
1 0.566418 0.320437 0.162687 0.109127
1 0.570896 0.431548 0.159701 0.101190
1 0.566418 0.567460 0.156716 0.103175
1 0.575373 0.670635 0.153731 0.107143
1 0.576119 0.778770 0.155224 0.113095
1 0.576169 0.891006 0.155124 0.103440
1 0.572761 0.971230 0.148507 0.057540
1 0.403731 0.899607 0.150746 0.128579
1 0.251493 0.954365 0.144776 0.087302
1 0.251493 0.855159 0.138806 0.107143
1 0.108955 0.831349 0.137313 0.119048
1 0.104478 0.918651 0.137313 0.154762
1 0.102239 0.738095 0.138806 0.146825
1 0.102239 0.625000 0.141791 0.134921
1 0.088806 0.504960 0.141791 0.144841
1 0.082090 0.265873 0.146269 0.130952
1 0.095522 0.380952 0.146269 0.130952
1 0.244776 0.412698 0.152239 0.123016
1 0.231343 0.290675 0.152239 0.128968
1 0.243284 0.543651 0.149254 0.123016
1 0.250000 0.657738 0.147761 0.125000
1 0.252985 0.763889 0.144776 0.111111
1 0.406716 0.786706 0.150746 0.113095
1 0.407463 0.672619 0.152239 0.111111
1 0.405970 0.561508 0.155224 0.111111
1 0.403731 0.423611 0.156716 0.117063
1 0.402239 0.312500 0.159701 0.109127