1 0.403509 0.544041 0.235589 0.119171
1 0.647870 0.190415 0.228070 0.111399
1 0.890977 0.066062 0.218045 0.132124
1 0.875940 0.198187 0.223058 0.116580
1 0.877193 0.317358 0.220551 0.116580
1 0.651629 0.308290 0.225564 0.124352
1 0.641604 0.428756 0.235589 0.132124
1 0.872180 0.444301 0.220551 0.116580
1 0.875940 0.560881 0.218045 0.137306
1 0.644110 0.556995 0.225564 0.124352
1 0.639724 0.676166 0.231830 0.113990
1 0.868421 0.685233 0.218045 0.111399
1 0.868421 0.801813 0.218045 0.116580
1 0.637218 0.794041 0.226817 0.106218
1 0.404135 0.782383 0.231830 0.119171
1 0.164996 0.795337 0.221387 0.119171
1 0.165414 0.683506 0.230576 0.124064
1 0.165414 0.551813 0.230576 0.129534
1 0.399749 0.661917 0.233083 0.111399
1 0.167502 0.909758 0.226399 0.114853
1 0.398496 0.896373 0.230576 0.113990
1 0.625940 0.901554 0.224311 0.113990
1 0.850251 0.917098 0.219298 0.108808
1 0.406373 0.421910 0.234157 0.124352
1 0.167920 0.417469 0.226996 0.118431
1 0.663086 0.067358 0.224848 0.113990