1 0.948481 0.391176 0.078348 0.194118
1 0.942070 0.565686 0.078822 0.182353
1 0.940646 0.739216 0.084520 0.188235
1 0.935185 0.904902 0.079297 0.178431
1 0.852327 0.891176 0.080722 0.174510
1 0.858025 0.713725 0.079772 0.200000
1 0.860636 0.536275 0.080247 0.182353
1 0.868708 0.370588 0.082146 0.196078
1 0.783951 0.334314 0.084520 0.198039
1 0.780389 0.500980 0.083096 0.186275
1 0.774454 0.678431 0.077873 0.176471
1 0.773029 0.854902 0.079772 0.168627
1 0.692545 0.833333 0.079297 0.188235
1 0.692783 0.660784 0.081671 0.188235
1 0.695394 0.485294 0.085945 0.186275
1 0.700380 0.317647 0.082621 0.192157
1 0.615385 0.289216 0.081671 0.170588
1 0.608737 0.469608 0.079772 0.178431
1 0.608500 0.642157 0.082146 0.194118
1 0.610161 0.830392 0.080722 0.170588
1 0.526591 0.813725 0.084520 0.172549
1 0.523979 0.636275 0.082146 0.190196
1 0.526591 0.466667 0.081671 0.184314
1 0.533238 0.292157 0.080722 0.172549
1 0.534188 0.096078 0.080722 0.188235
1 0.451974 0.105882 0.089133 0.207843
1 0.444207 0.279412 0.084995 0.205882
1 0.438746 0.455882 0.080722 0.190196
1 0.440408 0.634314 0.082146 0.194118
1 0.434948 0.811765 0.081671 0.180392
1 0.353751 0.802941 0.078822 0.186275
1 0.351140 0.632353 0.079297 0.182353
1 0.354938 0.457843 0.080247 0.186275
1 0.108737 0.774510 0.078822 0.188235
1 0.188984 0.779412 0.079772 0.178431
1 0.188746 0.599020 0.079297 0.186275
1 0.271605 0.789216 0.081671 0.166667
1 0.950763 0.230769 0.082548 0.220211
1 0.870772 0.203620 0.081818 0.184012
1 0.785667 0.162896 0.078165 0.205128
1 0.702024 0.150830 0.077434 0.174962
1 0.619110 0.117647 0.084009 0.168929
1 0.357952 0.286576 0.075973 0.174962
1 0.273577 0.408748 0.081087 0.190045
1 0.184089 0.438914 0.081818 0.165913
1 0.270655 0.610860 0.081087 0.171946
1 0.107020 0.591252 0.078165 0.180995
1 0.044196 0.559578 0.051866 0.352941