1 0.399477 0.048851 0.165172 0.097701
1 0.566784 0.091544 0.162609 0.111932
1 0.755605 0.061303 0.168909 0.122605
1 0.919656 0.045019 0.159193 0.090038
1 0.563528 0.213602 0.167414 0.116858
1 0.082960 0.267241 0.144993 0.143678
1 0.401345 0.315134 0.156951 0.109195
1 0.564275 0.322797 0.162930 0.109195
1 0.907324 0.313218 0.158445 0.128352
1 0.744395 0.434866 0.161435 0.107280
1 0.571001 0.430077 0.164425 0.101533
1 0.405830 0.431034 0.159940 0.130268
1 0.097907 0.385057 0.144993 0.130268
1 0.097160 0.505747 0.140508 0.141762
1 0.245142 0.533525 0.152466 0.132184
1 0.405830 0.555556 0.156951 0.111111
1 0.565396 0.561303 0.159193 0.103448
1 0.740658 0.566092 0.159940 0.113027
1 0.902840 0.663793 0.155456 0.101533
1 0.902093 0.765326 0.150972 0.105364
1 0.892377 0.866858 0.152466 0.093870
1 0.885277 0.950192 0.147235 0.091954
1 0.731689 0.963602 0.153961 0.072797
1 0.736921 0.878352 0.155456 0.109195
1 0.746637 0.782567 0.159940 0.124521
1 0.740658 0.680077 0.159940 0.126437
1 0.576981 0.654215 0.155456 0.113027
1 0.408072 0.664751 0.155456 0.107280
1 0.251868 0.645594 0.150972 0.122605
1 0.103139 0.616858 0.140508 0.134100
1 0.105381 0.726054 0.142003 0.145594
1 0.254849 0.744664 0.145865 0.123700
1 0.408819 0.767241 0.156951 0.124521
1 0.575486 0.764368 0.155456 0.111111
1 0.576981 0.876437 0.155456 0.105364
1 0.573991 0.960728 0.149477 0.078544
1 0.253363 0.836207 0.144993 0.101533
1 0.109865 0.815134 0.139013 0.120690
1 0.106876 0.903257 0.139013 0.143678
1 0.251868 0.937739 0.147982 0.120690
1 0.402840 0.876437 0.153961 0.120690
1 0.075806 0.156906 0.150189 0.135012
1 0.230621 0.163291 0.156595 0.158730
1 0.392911 0.202518 0.160866 0.120416
1 0.726030 0.197957 0.162289 0.122240
1 0.743469 0.322934 0.161577 0.113118
1 0.913944 0.197044 0.160866 0.116767
1 0.415332 0.964331 0.158730 0.071337
1 0.246637 0.417807 0.153036 0.131363
1 0.232757 0.295567 0.150900 0.120416
1 0.904691 0.440613 0.150900 0.111294
1 0.907182 0.562853 0.151612 0.100347
1 0.107303 0.971538 0.131326 0.054735