1 0.133696 0.291667 0.202174 0.120370
1 0.133696 0.405864 0.197826 0.108025
1 0.141667 0.508102 0.216667 0.108796
1 0.134783 0.619985 0.195652 0.107253
1 0.143478 0.723380 0.208696 0.094907
1 0.141667 0.823688 0.199275 0.104167
1 0.146014 0.924769 0.203623 0.090278
1 0.368478 0.922454 0.236957 0.094907
1 0.375000 0.824074 0.241304 0.101852
1 0.367391 0.719907 0.247826 0.106481
1 0.354348 0.620370 0.243478 0.101852
1 0.372826 0.512731 0.241304 0.108796
1 0.352174 0.393519 0.243478 0.097222
1 0.360870 0.285880 0.243478 0.094907
1 0.608696 0.278935 0.243478 0.108796
1 0.597826 0.387731 0.243478 0.118056
1 0.865217 0.180556 0.247826 0.129630
1 0.869565 0.291667 0.243478 0.111111
1 0.840217 0.396991 0.236957 0.099537
1 0.860870 0.502315 0.234783 0.106481
1 0.619565 0.497685 0.243478 0.101852
1 0.620652 0.604167 0.245652 0.106481
1 0.865217 0.614583 0.239130 0.099537
1 0.855978 0.709491 0.238043 0.094907
1 0.613587 0.704861 0.240217 0.094907
1 0.618478 0.805556 0.241304 0.097222
1 0.861176 0.815972 0.235395 0.099537
1 0.853804 0.912037 0.233696 0.092593
1 0.605978 0.912037 0.238043 0.101852
1 0.367029 0.184414 0.250000 0.100309
1 0.614493 0.171296 0.243478 0.123457
1 0.876449 0.067130 0.241304 0.103395
1 0.131159 0.184414 0.201449 0.109568