1 0.623974 0.047441 0.248358 0.069296
1 0.870690 0.041045 0.245690 0.082090
1 0.875000 0.116418 0.241379 0.077612
1 0.620690 0.124627 0.245690 0.076119
1 0.119612 0.133582 0.239224 0.073134
1 0.370690 0.129851 0.245690 0.068657
1 0.118534 0.201493 0.237069 0.065672
1 0.365302 0.200000 0.243534 0.062687
1 0.613147 0.197015 0.247845 0.062687
1 0.877155 0.190299 0.241379 0.082090
1 0.878233 0.261940 0.234914 0.070149
1 0.636853 0.259701 0.243534 0.077612
1 0.392241 0.267910 0.241379 0.067164
1 0.142241 0.267164 0.241379 0.074627
1 0.140086 0.340299 0.237069 0.068657
1 0.374461 0.333582 0.233836 0.070149
1 0.634698 0.335075 0.239224 0.070149
1 0.879310 0.335075 0.237069 0.070149
1 0.870690 0.402239 0.232759 0.067164
1 0.628772 0.403731 0.253233 0.070149
1 0.140086 0.407463 0.237069 0.068657
1 0.371767 0.397761 0.239224 0.070149
1 0.148707 0.473881 0.228448 0.061194
1 0.383621 0.463433 0.237069 0.073134
1 0.635776 0.472388 0.237069 0.058209
1 0.879310 0.465672 0.232759 0.068657
1 0.872845 0.530597 0.232759 0.079104
1 0.633621 0.531343 0.237069 0.071642
1 0.392241 0.533582 0.232759 0.070149
1 0.150323 0.538060 0.227371 0.073134
1 0.152478 0.602239 0.227371 0.061194
1 0.387931 0.598507 0.237069 0.059701
1 0.626078 0.594776 0.234914 0.064179
1 0.877155 0.596269 0.232759 0.070149
1 0.851293 0.658209 0.228448 0.065672
1 0.614224 0.658209 0.232759 0.068657
1 0.379310 0.658955 0.232759 0.058209
1 0.147629 0.666418 0.226293 0.061194
1 0.168103 0.727612 0.228448 0.064179
1 0.399784 0.729851 0.230603 0.068657
1 0.635776 0.724627 0.232759 0.058209
1 0.867457 0.720896 0.221983 0.065672
1 0.872845 0.781343 0.228448 0.064179
1 0.639009 0.786567 0.234914 0.059701
1 0.384698 0.794776 0.230603 0.061194
1 0.151940 0.794776 0.226293 0.061194
1 0.164871 0.852239 0.217672 0.059701
1 0.394397 0.852239 0.241379 0.062687
1 0.632543 0.845522 0.230603 0.058209
1 0.864224 0.842537 0.228448 0.058209
1 0.868534 0.902239 0.224138 0.061194
1 0.636853 0.902985 0.230603 0.056716
1 0.403017 0.911194 0.228448 0.061194
1 0.163793 0.908209 0.219828 0.067164
1 0.174569 0.967910 0.215517 0.064179
1 0.397629 0.970896 0.221983 0.055224
1 0.631466 0.963433 0.228448 0.064179
1 0.862069 0.955970 0.224138 0.058209
1 0.127155 0.059313 0.239224 0.069433
1 0.371767 0.063313 0.241379 0.073343