1 0.938474 0.112460 0.123052 0.224919
1 0.930681 0.271036 0.132075 0.276699
1 0.789582 0.457120 0.133716 0.241100
1 0.913454 0.854369 0.133716 0.229773
1 0.785890 0.664239 0.134537 0.221683
1 0.655699 0.604597 0.135690 0.205046
1 0.517637 0.592233 0.134537 0.200647
1 0.241591 0.779126 0.128794 0.218447
1 0.378999 0.775081 0.132896 0.239482
1 0.781192 0.897323 0.127526 0.194175
1 0.645462 0.844366 0.129018 0.217711
1 0.511970 0.826714 0.130509 0.200059
1 0.919532 0.676670 0.129764 0.205943
1 0.927362 0.476611 0.126035 0.217711
1 0.797972 0.260371 0.140204 0.244189
1 0.669327 0.176523 0.132001 0.205943
1 0.519054 0.400118 0.141696 0.200059
1 0.393765 0.257429 0.156611 0.438364
1 0.336341 0.408944 0.152137 0.447190
1 0.238273 0.380994 0.143933 0.426596
1 0.101797 0.394234 0.157357 0.305972
1 0.233425 0.581053 0.132747 0.208885
1 0.380342 0.564872 0.135730 0.223595
1 0.081662 0.606061 0.121560 0.276552
1 0.657581 0.402545 0.136848 0.240218