1 0.247847 0.036193 0.132057 0.064343
1 0.384498 0.037710 0.136268 0.061309
1 0.936364 0.114611 0.127273 0.063003
1 0.803636 0.110590 0.138182 0.060322
1 0.659091 0.111930 0.136364 0.063003
1 0.521364 0.103217 0.133636 0.064343
1 0.378182 0.097185 0.134545 0.065684
1 0.239091 0.100536 0.132727 0.064343
1 0.107727 0.162869 0.133636 0.057641
1 0.246364 0.162869 0.132727 0.063003
1 0.384091 0.160858 0.131818 0.061662
1 0.520000 0.161528 0.130909 0.065684
1 0.656364 0.172922 0.130909 0.064343
1 0.794545 0.174263 0.134545 0.061662
1 0.930455 0.178954 0.130000 0.057641
1 0.932727 0.237936 0.127273 0.063003
1 0.800000 0.236595 0.130909 0.060322
1 0.659455 0.231842 0.133455 0.058858
1 0.523636 0.225871 0.134545 0.060322
1 0.384185 0.220433 0.132007 0.062849
1 0.248182 0.221850 0.132727 0.068365
1 0.254545 0.282842 0.127273 0.058981
1 0.250000 0.338472 0.129091 0.065684
1 0.256364 0.405496 0.127273 0.071046
1 0.258636 0.524129 0.124545 0.064343
1 0.265455 0.577078 0.123636 0.065684
1 0.257273 0.467828 0.125455 0.069705
1 0.269091 0.636729 0.123636 0.064343
1 0.271818 0.691689 0.125455 0.061662
1 0.406364 0.694370 0.129091 0.061662
1 0.404545 0.638740 0.129091 0.054960
1 0.397273 0.583110 0.129091 0.053619
1 0.394091 0.528150 0.130000 0.056300
1 0.391818 0.465818 0.129091 0.057641
1 0.390909 0.407507 0.130909 0.056300
1 0.391818 0.343834 0.132727 0.060322
1 0.392727 0.282842 0.130909 0.058981
1 0.527727 0.287534 0.131818 0.054960
1 0.528182 0.346515 0.132727 0.060322
1 0.527273 0.412198 0.134545 0.063003
1 0.525909 0.471850 0.128182 0.061662
1 0.528182 0.528820 0.129091 0.060322
1 0.534545 0.640751 0.127273 0.050938
1 0.535000 0.587131 0.128182 0.050938
1 0.536364 0.694370 0.127273 0.056300
1 0.665455 0.699732 0.127273 0.056300
1 0.666818 0.645442 0.126364 0.052279
1 0.667727 0.589812 0.128182 0.050938
1 0.659091 0.476542 0.129091 0.057641
1 0.660000 0.534182 0.127273 0.054960
1 0.660455 0.416220 0.131818 0.065684
1 0.662273 0.353887 0.131818 0.056300
1 0.660909 0.291555 0.132727 0.057641
1 0.799091 0.296917 0.132727 0.057641
1 0.796364 0.355228 0.130909 0.056300
1 0.793636 0.420912 0.129091 0.061662
1 0.796818 0.478552 0.128182 0.056300
1 0.793636 0.534182 0.129091 0.054960
1 0.800909 0.591823 0.129091 0.052279
1 0.801364 0.644102 0.126364 0.054960
1 0.800000 0.699732 0.127273 0.056300
1 0.929091 0.298257 0.127273 0.054960
1 0.926364 0.353217 0.125455 0.063003
1 0.932727 0.416220 0.130909 0.065684
1 0.929091 0.479893 0.127273 0.056300
1 0.927273 0.535523 0.127273 0.060322
1 0.931818 0.587802 0.125455 0.060322
1 0.930455 0.644772 0.122727 0.050938
1 0.928182 0.700402 0.125455 0.052279
1 0.934545 0.752681 0.123636 0.065684
1 0.802727 0.763405 0.125455 0.054960
1 0.672727 0.759383 0.127273 0.054960
1 0.544545 0.756032 0.125455 0.053619
1 0.414545 0.756032 0.123636 0.056300
1 0.282727 0.749330 0.121818 0.058981
1 0.289091 0.804290 0.109091 0.056300
1 0.412727 0.808311 0.123636 0.053619
1 0.542727 0.811662 0.125455 0.052279
1 0.671364 0.815684 0.124545 0.049598
1 0.804545 0.813673 0.125455 0.056300
1 0.936364 0.809651 0.123636 0.056300
1 0.931818 0.860590 0.125455 0.056300
1 0.808182 0.865952 0.121818 0.053619
1 0.670000 0.865952 0.125455 0.048257
1 0.540909 0.867292 0.125455 0.053619
1 0.544545 0.914879 0.125455 0.060322
1 0.546364 0.970509 0.125455 0.050938
1 0.673636 0.969169 0.121818 0.050938
1 0.801818 0.972520 0.123636 0.049598
1 0.923636 0.962466 0.120000 0.058981
1 0.927273 0.912869 0.120000 0.053619
1 0.803182 0.918231 0.122727 0.050938
1 0.675455 0.916220 0.125455 0.052279
1 0.409545 0.859920 0.124545 0.057641
1 0.415455 0.912869 0.125455 0.053619
1 0.421818 0.969169 0.123636 0.053619
1 0.301818 0.961126 0.112727 0.048257
1 0.296364 0.908847 0.105455 0.050938
1 0.291818 0.857909 0.100000 0.050938
1 0.112727 0.219272 0.127273 0.064653
1 0.122308 0.284853 0.129930 0.060322
1 0.127413 0.406836 0.123357 0.068365
1 0.120979 0.339812 0.121678 0.057641
1 0.129231 0.470406 0.126993 0.061456
1 0.130140 0.528975 0.128811 0.055682
1 0.102525 0.103515 0.124242 0.061066
1 0.088384 0.039470 0.128283 0.078940
1 0.520490 0.043553 0.132517 0.065918
1 0.657797 0.045907 0.134114 0.072981
1 0.792310 0.051204 0.130122 0.057679
1 0.934008 0.055913 0.127728 0.060033