1 0.302585 0.031434 0.125734 0.062867
1 0.428613 0.049366 0.127497 0.066956
1 0.553760 0.059783 0.126322 0.071973
1 0.940071 0.152761 0.119859 0.071680
1 0.814924 0.128378 0.137485 0.078143
1 0.680376 0.122797 0.131610 0.082256
1 0.557579 0.125441 0.128085 0.069918
1 0.421269 0.112515 0.125734 0.067568
1 0.292597 0.107227 0.126910 0.073443
1 0.300235 0.174207 0.123384 0.067568
1 0.425969 0.178320 0.128085 0.067568
1 0.554054 0.190071 0.128085 0.072268
1 0.679201 0.192714 0.126910 0.066980
1 0.806992 0.193596 0.127497 0.079318
1 0.926557 0.215041 0.118684 0.069330
1 0.923619 0.279083 0.122209 0.070505
1 0.804935 0.261163 0.129260 0.075793
1 0.678907 0.254700 0.122797 0.067568
1 0.425382 0.245300 0.126910 0.060517
1 0.555523 0.254700 0.125147 0.072268
1 0.289659 0.247062 0.128085 0.071093
1 0.290834 0.314924 0.123384 0.066980
1 0.416863 0.311986 0.126322 0.070505
1 0.542303 0.318743 0.125734 0.068743
1 0.670682 0.319918 0.125147 0.073443
1 0.792303 0.329906 0.120447 0.069918
1 0.913631 0.338719 0.123384 0.071093
1 0.900118 0.407462 0.117509 0.062867
1 0.780552 0.400999 0.120447 0.066392
1 0.662162 0.392773 0.117509 0.073443
1 0.540541 0.391011 0.122209 0.069918
1 0.412456 0.385135 0.124559 0.067568
1 0.284371 0.383960 0.126910 0.067568
1 0.285546 0.448884 0.122209 0.062280
1 0.287897 0.510870 0.122209 0.062867
1 0.273208 0.569918 0.123384 0.063455
1 0.282021 0.630729 0.119859 0.060517
1 0.154377 0.505288 0.135429 0.064630
1 0.150705 0.627644 0.119271 0.059636
1 0.155405 0.692788 0.116921 0.066539
1 0.155112 0.757932 0.116334 0.064630
1 0.155699 0.819036 0.118684 0.057579
1 0.163337 0.875441 0.115159 0.057579
1 0.160987 0.930376 0.117509 0.060517
1 0.279965 0.935958 0.115746 0.056404
1 0.281140 0.877791 0.113396 0.057579
1 0.274971 0.820505 0.117509 0.059342
1 0.278790 0.761751 0.116921 0.061692
1 0.282902 0.700059 0.120447 0.072268
1 0.409224 0.452996 0.120447 0.061105
1 0.413337 0.514982 0.119271 0.059342
1 0.395711 0.575499 0.119271 0.062867
1 0.402468 0.636016 0.118684 0.061692
1 0.405993 0.700059 0.118684 0.062867
1 0.401880 0.760576 0.119859 0.059342
1 0.394242 0.819918 0.118684 0.058167
1 0.398942 0.877497 0.118684 0.053467
1 0.405993 0.938014 0.118684 0.061692
1 0.524089 0.935958 0.115159 0.056404
1 0.519389 0.879260 0.117509 0.056992
1 0.514395 0.824031 0.119271 0.059342
1 0.523502 0.767333 0.116334 0.055229
1 0.529083 0.704759 0.119271 0.067568
1 0.525558 0.636604 0.119271 0.060517
1 0.526439 0.578143 0.124559 0.059929
1 0.538778 0.517333 0.121034 0.061692
1 0.537603 0.454465 0.118684 0.062867
1 0.659224 0.459166 0.117509 0.065217
1 0.660693 0.521739 0.120447 0.059929
1 0.650411 0.580200 0.121034 0.060517
1 0.645417 0.640423 0.116921 0.057579
1 0.646298 0.710047 0.119859 0.064042
1 0.643948 0.769389 0.115159 0.055817
1 0.652174 0.826968 0.122209 0.058167
1 0.639542 0.885135 0.118096 0.059342
1 0.639835 0.945065 0.116334 0.054642
1 0.752644 0.943890 0.113984 0.054642
1 0.755582 0.889542 0.112808 0.054054
1 0.767920 0.831375 0.116334 0.054054
1 0.764982 0.774383 0.117509 0.061105
1 0.765570 0.713572 0.117509 0.060517
1 0.764982 0.648355 0.118684 0.062867
1 0.772327 0.588425 0.120447 0.060517
1 0.779671 0.527908 0.121034 0.064042
1 0.778496 0.467391 0.121034 0.067568
1 0.901880 0.472092 0.123384 0.067568
1 0.905405 0.536428 0.123384 0.061105
1 0.895123 0.594007 0.119271 0.058754
1 0.884841 0.651293 0.122209 0.061692
1 0.883666 0.713572 0.115159 0.059342
1 0.878966 0.774089 0.115159 0.060517
1 0.881316 0.830494 0.115159 0.055817
1 0.878966 0.883373 0.122209 0.060517
1 0.870153 0.938602 0.121034 0.064042
1 0.147033 0.569477 0.114865 0.060811
1 0.168331 0.173472 0.131022 0.067861
1 0.163043 0.240012 0.120447 0.068743
1 0.162750 0.304788 0.125734 0.066099
1 0.157315 0.376322 0.117803 0.068155
1 0.157315 0.441980 0.129553 0.064336
1 0.165981 0.097679 0.126322 0.074912
1 0.703584 0.059489 0.126322 0.069036
1 0.830640 0.060958 0.121915 0.086663
1 0.944477 0.091804 0.102820 0.066099