1 0.562376 0.313953 0.293069 0.191860
1 0.849505 0.385174 0.281188 0.165698
1 0.845545 0.550872 0.277228 0.177326
1 0.848515 0.718023 0.279208 0.162791
1 0.839604 0.889535 0.277228 0.197674
1 0.559406 0.859012 0.287129 0.183140
1 0.557426 0.690407 0.287129 0.188953
1 0.560396 0.513081 0.289109 0.212209
1 0.264356 0.345930 0.291089 0.186047
1 0.267290 0.512166 0.285222 0.198751
1 0.264723 0.693314 0.290356 0.183140
1 0.264613 0.870101 0.294536 0.172588
1 0.267327 0.158846 0.289958 0.184801
1 0.853253 0.213870 0.282178 0.174419
1 0.562235 0.132890 0.297030 0.195183