1 0.874768 0.097430 0.231911 0.064240
1 0.869202 0.148287 0.231911 0.065310
1 0.868275 0.206103 0.233766 0.061028
1 0.854824 0.260707 0.236549 0.063169
1 0.125696 0.301392 0.225417 0.063169
1 0.375232 0.307816 0.232839 0.058887
1 0.608534 0.311028 0.230056 0.061028
1 0.847866 0.316381 0.233766 0.058887
1 0.849722 0.372056 0.233766 0.054604
1 0.611317 0.369379 0.231911 0.051392
1 0.375696 0.363490 0.235622 0.054604
1 0.128942 0.359208 0.231911 0.067452
1 0.128015 0.411670 0.226345 0.065310
1 0.360853 0.419165 0.235622 0.058887
1 0.600186 0.423448 0.231911 0.054604
1 0.830241 0.424518 0.224490 0.061028
1 0.820965 0.481263 0.224490 0.054604
1 0.592764 0.475910 0.231911 0.048180
1 0.358998 0.476445 0.228200 0.051392
1 0.130798 0.467880 0.220779 0.055675
1 0.113173 0.523555 0.222635 0.055675
1 0.116883 0.577623 0.222635 0.054604
1 0.123377 0.631156 0.224490 0.050321
1 0.118738 0.677730 0.218924 0.047109
1 0.124304 0.725375 0.218924 0.046039
1 0.125232 0.774090 0.217069 0.055675
1 0.127087 0.822270 0.213358 0.053533
1 0.127551 0.868308 0.214286 0.059957
1 0.135436 0.912206 0.211503 0.062099
1 0.142857 0.956103 0.218924 0.055675
1 0.367347 0.967880 0.215213 0.042827
1 0.354360 0.921306 0.222635 0.048180
1 0.352505 0.830300 0.222635 0.054604
1 0.351577 0.877944 0.217069 0.044968
1 0.348794 0.781585 0.226345 0.049251
1 0.345083 0.733405 0.222635 0.051392
1 0.345083 0.681478 0.226345 0.052463
1 0.350649 0.635439 0.226345 0.050321
1 0.348330 0.585118 0.229128 0.054604
1 0.350649 0.529979 0.230056 0.055675
1 0.582560 0.528373 0.233766 0.050321
1 0.580705 0.582441 0.230056 0.049251
1 0.589054 0.634368 0.224490 0.050321
1 0.574212 0.682548 0.224490 0.054604
1 0.572356 0.733940 0.224490 0.052463
1 0.575139 0.783726 0.222635 0.059957
1 0.577922 0.830835 0.217069 0.051392
1 0.572356 0.876338 0.217069 0.050321
1 0.573284 0.918630 0.215213 0.051392
1 0.580705 0.964133 0.215213 0.046039
1 0.793135 0.958244 0.209647 0.047109
1 0.791280 0.911670 0.213358 0.046039
1 0.800557 0.869914 0.213358 0.041756
1 0.803340 0.822805 0.218924 0.043897
1 0.805195 0.776231 0.218924 0.049251
1 0.792672 0.726981 0.212430 0.044968
1 0.805195 0.680942 0.218924 0.047109
1 0.812616 0.633833 0.218924 0.049251
1 0.812616 0.583512 0.222635 0.051392
1 0.818646 0.531585 0.223562 0.052463
1 0.370445 0.252677 0.231299 0.057109
1 0.137910 0.244825 0.223871 0.067095
1 0.633271 0.080657 0.239951 0.072805
1 0.875077 0.039971 0.228819 0.059957
1 0.628324 0.200571 0.235003 0.081370
1 0.615955 0.252677 0.237477 0.065667
1 0.632035 0.138473 0.230056 0.065667