1 0.362299 0.519231 0.090018 0.235043
1 0.361854 0.739316 0.085561 0.222222
1 0.455882 0.750000 0.088235 0.235043
1 0.545900 0.816239 0.086453 0.239316
1 0.552585 0.559829 0.087344 0.239316
1 0.926471 0.418803 0.086453 0.247863
1 0.836898 0.382479 0.089127 0.235043
1 0.740642 0.358974 0.089127 0.247863
1 0.645276 0.585470 0.089127 0.222222
1 0.737077 0.589744 0.087344 0.230769
1 0.832442 0.636752 0.089127 0.239316
1 0.737077 0.589744 0.087344 0.230769
1 0.922014 0.668803 0.088235 0.243590
1 0.917112 0.886752 0.087344 0.226496
1 0.827986 0.867521 0.087344 0.222222
1 0.738859 0.829060 0.087344 0.230769
1 0.646168 0.807692 0.089127 0.222222
1 0.272727 0.699145 0.084848 0.229060
1 0.187522 0.723077 0.085561 0.222222
1 0.099822 0.680342 0.081283 0.211966
1 0.026025 0.664957 0.052050 0.194872
1 0.454189 0.502564 0.085561 0.218803
1 0.553298 0.343590 0.091266 0.229060
1 0.645633 0.341880 0.083422 0.239316
1 0.746168 0.136752 0.084848 0.232479
1 0.845989 0.150427 0.081996 0.225641
1 0.939804 0.194103 0.087077 0.227094