1 0.916129 0.939119 0.154839 0.090674
1 0.752688 0.939119 0.167742 0.090674
1 0.755914 0.836788 0.161290 0.108808
1 0.916129 0.830311 0.154839 0.126943
1 0.908065 0.717617 0.147312 0.088083
1 0.909140 0.624352 0.145161 0.088083
1 0.910753 0.540155 0.148387 0.080311
1 0.908602 0.440415 0.144086 0.103627
1 0.911290 0.336788 0.149462 0.093264
1 0.912903 0.244819 0.152688 0.095855
1 0.755914 0.340674 0.156989 0.095855
1 0.102151 0.462435 0.156989 0.090674
1 0.262366 0.468912 0.154839 0.088083
1 0.424731 0.470207 0.156989 0.095855
1 0.590323 0.498705 0.165591 0.090674
1 0.756989 0.450777 0.154839 0.098446
1 0.756989 0.547927 0.154839 0.095855
1 0.756452 0.645078 0.158065 0.098446
1 0.754839 0.739637 0.159140 0.090674
1 0.591398 0.593264 0.163441 0.098446
1 0.591935 0.686528 0.160215 0.098446
1 0.590323 0.777202 0.156989 0.077720
1 0.590749 0.861093 0.153540 0.096468
1 0.430108 0.862694 0.154839 0.093264
1 0.430108 0.773316 0.154839 0.085492
1 0.431183 0.682642 0.152688 0.095855
1 0.429032 0.576425 0.156989 0.116580
1 0.266057 0.575130 0.160358 0.113990
1 0.267204 0.680052 0.155914 0.101036
1 0.097444 0.564196 0.153500 0.112848
1 0.100000 0.668394 0.152688 0.093264
1 0.116129 0.836788 0.150538 0.088083
1 0.270968 0.866580 0.154839 0.090674
1 0.268280 0.773316 0.153763 0.085492
1 0.753398 0.244404 0.157699 0.094974
1 0.915419 0.144197 0.150538 0.101917
1 0.913978 0.055285 0.150538 0.093264
1 0.589247 0.396373 0.157699 0.105337
1 0.425097 0.379948 0.157699 0.100155
1 0.260581 0.376528 0.158430 0.093264
1 0.094624 0.368756 0.147677 0.088083
1 0.114688 0.757358 0.144796 0.084611