1 0.212274 0.330169 0.134809 0.086498
1 0.216801 0.413502 0.131791 0.084388
1 0.216801 0.501055 0.131791 0.082278
1 0.218310 0.602321 0.130785 0.099156
1 0.221831 0.694093 0.125755 0.092827
1 0.223340 0.774262 0.128773 0.092827
1 0.224346 0.862869 0.130785 0.084388
1 0.228370 0.951477 0.126761 0.092827
1 0.361167 0.951477 0.130785 0.092827
1 0.355131 0.860759 0.130785 0.080169
1 0.355131 0.778481 0.130785 0.084388
1 0.355131 0.689873 0.130785 0.084388
1 0.352113 0.598101 0.132797 0.107595
1 0.366197 0.502110 0.136821 0.088608
1 0.358149 0.414557 0.136821 0.086498
1 0.357143 0.325949 0.134809 0.094937
1 0.364185 0.245781 0.136821 0.094937
1 0.353622 0.150844 0.131791 0.082278
1 0.504024 0.235232 0.138833 0.090717
1 0.499497 0.323840 0.133803 0.090717
1 0.496982 0.412447 0.136821 0.090717
1 0.503521 0.502110 0.129779 0.088608
1 0.490946 0.600211 0.136821 0.086498
1 0.489940 0.686709 0.134809 0.082278
1 0.496982 0.775316 0.132797 0.082278
1 0.495976 0.860759 0.134809 0.088608
1 0.494970 0.951477 0.132797 0.075949
1 0.627163 0.941983 0.130785 0.078059
1 0.761066 0.943038 0.135815 0.075949
1 0.897384 0.953586 0.128773 0.071730
1 0.900905 0.866034 0.127767 0.086498
1 0.766097 0.859705 0.131791 0.082278
1 0.631791 0.861814 0.132797 0.078059
1 0.633803 0.777426 0.132797 0.082278
1 0.635815 0.690928 0.132797 0.082278
1 0.778672 0.684599 0.132797 0.086498
1 0.915493 0.688819 0.132797 0.103376
1 0.914990 0.604430 0.135815 0.094937
1 0.922032 0.525316 0.133803 0.092827
1 0.928186 0.438383 0.135580 0.089479
1 0.933099 0.354430 0.127767 0.088608
1 0.934608 0.262658 0.130785 0.094937
1 0.800805 0.240506 0.136821 0.097046
1 0.798793 0.329114 0.136821 0.097046
1 0.780684 0.412447 0.136821 0.099156
1 0.785211 0.504219 0.133803 0.084388
1 0.773642 0.599156 0.134809 0.088608
1 0.629276 0.599156 0.131791 0.092827
1 0.645875 0.500000 0.136821 0.088608
1 0.641851 0.413502 0.136821 0.097046
1 0.645372 0.322785 0.135815 0.092827
1 0.658954 0.232068 0.138833 0.092827
1 0.772636 0.772152 0.132797 0.084388
1 0.906942 0.778481 0.127767 0.084388
1 0.090543 0.248242 0.108652 0.082982
1 0.093897 0.333685 0.101945 0.080872
1 0.097921 0.420886 0.101945 0.082278
1 0.097921 0.502461 0.109993 0.087904
1 0.099262 0.600211 0.099262 0.086498
1 0.102280 0.686709 0.105298 0.090717
1 0.101945 0.772504 0.101945 0.087904
1 0.107311 0.861814 0.099262 0.086498
1 0.113347 0.942686 0.095238 0.085091
1 0.214869 0.241857 0.129356 0.085907
1 0.489718 0.146920 0.137243 0.079873
1 0.640624 0.145401 0.138692 0.073840
1 0.642777 0.055021 0.134386 0.094937
1 0.781834 0.147679 0.136533 0.105485
1 0.796565 0.053496 0.137252 0.106992
1 0.934033 0.176311 0.131934 0.090416
1 0.935254 0.075347 0.127192 0.093430