1 0.255829 0.409915 0.113558 0.158849
1 0.244387 0.547441 0.113990 0.156716
1 0.238774 0.685501 0.111399 0.149254
1 0.353195 0.708422 0.115717 0.163113
1 0.357081 0.575160 0.114853 0.160981
1 0.368955 0.430171 0.111831 0.156716
1 0.485320 0.439765 0.113990 0.154584
1 0.470855 0.581557 0.113558 0.143923
1 0.466321 0.720149 0.113990 0.141791
1 0.579016 0.734009 0.114853 0.146055
1 0.580095 0.597548 0.111831 0.141791
1 0.596071 0.466951 0.111831 0.151386
1 0.707902 0.474947 0.115285 0.165245
1 0.695596 0.612473 0.116580 0.137527
1 0.691278 0.756930 0.116580 0.151386
1 0.698618 0.908316 0.108808 0.138593
1 0.803541 0.904051 0.106218 0.134328
1 0.799223 0.762260 0.107945 0.136461
1 0.804620 0.629531 0.110104 0.137527
1 0.818653 0.497335 0.113990 0.141791
1 0.912565 0.641258 0.106649 0.135394
1 0.905009 0.764925 0.108808 0.143923
1 0.119603 0.674307 0.126943 0.154584
1 0.109528 0.822139 0.129822 0.165956
1 0.723590 0.164357 0.114421 0.151031
1 0.828656 0.192786 0.105786 0.154584
1 0.122337 0.524165 0.118020 0.174129
1 0.822179 0.359808 0.105786 0.140370
1 0.941638 0.376688 0.101468 0.124378
1 0.246114 0.262082 0.118020 0.168799
1 0.365573 0.280739 0.113702 0.149254
1 0.480714 0.274520 0.110823 0.151031
1 0.598733 0.327825 0.113702 0.151031
1 0.715674 0.342928 0.112982 0.159915
1 0.939479 0.380242 0.098590 0.127932
1 0.942717 0.221215 0.102188 0.154584
1 0.942358 0.079957 0.105786 0.156361
1 0.905656 0.922175 0.097150 0.124378
1 0.592257 0.898188 0.105066 0.147477
1 0.467041 0.879531 0.112263 0.149254
1 0.354059 0.855544 0.107945 0.151031
1 0.236759 0.842217 0.109384 0.156361
1 0.125576 0.389303 0.135291 0.163824
1 0.130973 0.238984 0.120898 0.151031
1 0.923287 0.513504 0.110823 0.131485