1 0.442114 0.084356 0.226510 0.168712
1 0.436242 0.237730 0.224832 0.217791
1 0.431628 0.409509 0.222315 0.205521
1 0.421980 0.590491 0.223154 0.223926
1 0.416660 0.753581 0.217548 0.200413
1 0.666107 0.118098 0.224832 0.211656
1 0.660235 0.300613 0.219799 0.177914
1 0.657718 0.466258 0.218121 0.214724
1 0.871644 0.559816 0.213087 0.199387
1 0.645554 0.639571 0.222315 0.211656
1 0.645134 0.808282 0.226510 0.205521
1 0.861577 0.880368 0.213087 0.208589
1 0.120368 0.497466 0.215932 0.248066
1 0.175810 0.685516 0.240735 0.160043
1 0.895098 0.242731 0.208637 0.245399
1 0.874672 0.405441 0.205719 0.213390
1 0.876495 0.724193 0.206449 0.173380