1 0.372274 0.465753 0.130841 0.253425
1 0.510125 0.506849 0.135514 0.226027
1 0.637572 0.813356 0.133400 0.256849
1 0.914720 0.585616 0.134735 0.260274
1 0.776869 0.616438 0.136293 0.239726
1 0.512601 0.284863 0.128863 0.239726
1 0.646059 0.529247 0.135234 0.205479
1 0.776340 0.886027 0.125312 0.227877
1 0.936845 0.158780 0.126310 0.298879
1 0.927499 0.398506 0.126027 0.242839
1 0.782710 0.395392 0.130983 0.255293
1 0.651728 0.273973 0.136647 0.273973
1 0.373478 0.266189 0.142311 0.308219
1 0.067261 0.641345 0.127443 0.348692
1 0.502690 0.795455 0.134523 0.221046
1 0.367814 0.733188 0.126735 0.270859
1 0.800057 0.127646 0.131691 0.255293
1 0.911569 0.835928 0.121071 0.239726
1 0.224443 0.456823 0.133332 0.239405
1 0.225554 0.723099 0.131110 0.224747