1 0.933809 0.083039 0.128310 0.077739
1 0.928208 0.160777 0.131365 0.077739
1 0.224542 0.311837 0.131365 0.072438
1 0.085031 0.317138 0.129328 0.083039
1 0.364562 0.310954 0.138493 0.074205
1 0.509165 0.310071 0.138493 0.065371
1 0.648167 0.308304 0.135438 0.079505
1 0.788187 0.313604 0.134420 0.068905
1 0.923625 0.325088 0.128310 0.070671
1 0.930754 0.398410 0.130346 0.068905
1 0.796334 0.390459 0.134420 0.077739
1 0.652749 0.381625 0.132383 0.074205
1 0.513238 0.378092 0.134420 0.070671
1 0.367617 0.382509 0.136456 0.065371
1 0.230143 0.384276 0.134420 0.068905
1 0.091650 0.390459 0.130346 0.063604
1 0.092668 0.456714 0.128310 0.072438
1 0.092668 0.527385 0.128310 0.079505
1 0.099796 0.598940 0.130346 0.070671
1 0.101833 0.675795 0.130346 0.086572
1 0.105906 0.750883 0.126273 0.070671
1 0.108961 0.819788 0.128310 0.074205
1 0.112016 0.888693 0.130346 0.070671
1 0.119654 0.955830 0.125255 0.070671
1 0.251527 0.963781 0.128310 0.068905
1 0.247454 0.893993 0.128310 0.067138
1 0.239817 0.825972 0.129328 0.061837
1 0.239308 0.759717 0.132383 0.067138
1 0.234725 0.688163 0.131365 0.075972
1 0.235234 0.601590 0.132383 0.072438
1 0.230143 0.527385 0.134420 0.079505
1 0.229633 0.459364 0.133401 0.074205
1 0.370672 0.452297 0.134420 0.070671
1 0.366599 0.525618 0.134420 0.068905
1 0.370672 0.598940 0.134420 0.070671
1 0.382892 0.682862 0.134420 0.072438
1 0.375255 0.752650 0.131365 0.074205
1 0.373727 0.818905 0.132383 0.075972
1 0.381874 0.893993 0.132383 0.067138
1 0.386965 0.966431 0.130346 0.063604
1 0.518839 0.961131 0.129328 0.063604
1 0.515275 0.892226 0.130346 0.067138
1 0.510183 0.822438 0.132383 0.068905
1 0.515275 0.750000 0.134420 0.072438
1 0.516293 0.679329 0.132383 0.072438
1 0.509165 0.602473 0.134420 0.067138
1 0.508147 0.525618 0.132383 0.075972
1 0.510692 0.455830 0.133401 0.074205
1 0.650204 0.452297 0.131365 0.074205
1 0.787169 0.458481 0.136456 0.090106
1 0.927189 0.470848 0.135438 0.065371
1 0.923116 0.538869 0.131365 0.063604
1 0.783605 0.533569 0.129328 0.074205
1 0.647149 0.530035 0.133401 0.070671
1 0.644603 0.602473 0.132383 0.067138
1 0.782077 0.607774 0.130346 0.067138
1 0.919552 0.610424 0.132383 0.068905
1 0.922607 0.684629 0.126273 0.068905
1 0.791752 0.680212 0.129328 0.070671
1 0.657841 0.674028 0.134420 0.075972
1 0.649695 0.750883 0.130346 0.070671
1 0.646130 0.823322 0.131365 0.067138
1 0.651731 0.889576 0.130346 0.068905
1 0.653768 0.960247 0.130346 0.061837
1 0.786151 0.952297 0.130346 0.060071
1 0.783605 0.885159 0.129328 0.070671
1 0.785642 0.816254 0.133401 0.067138
1 0.790224 0.744700 0.130346 0.075972
1 0.921589 0.755300 0.132383 0.068905
1 0.919552 0.825972 0.124236 0.065371
1 0.917515 0.896643 0.128310 0.065371
1 0.915479 0.961131 0.128310 0.067138
1 0.370000 0.232615 0.132383 0.064770
1 0.510020 0.227456 0.125601 0.080989
1 0.655967 0.228940 0.128982 0.083922
1 0.796415 0.234099 0.133238 0.073604
1 0.935173 0.253958 0.128982 0.063322
1 0.655560 0.121449 0.145112 0.072155
1 0.224888 0.234099 0.132383 0.070671
1 0.088248 0.235583 0.132383 0.076572
1 0.794297 0.144287 0.127291 0.088339
1 0.797692 0.051531 0.132383 0.085395