1 0.815978 0.270718 0.163375 0.085635
1 0.645422 0.265884 0.170557 0.073204
1 0.463196 0.266575 0.186715 0.082873
1 0.867145 0.738950 0.183124 0.091160
1 0.294434 0.845994 0.186715 0.109116
1 0.850373 0.830801 0.169990 0.092541
1 0.850987 0.930249 0.175943 0.098066
1 0.671454 0.933011 0.183124 0.087017
1 0.486535 0.931630 0.183124 0.089779
1 0.293537 0.947514 0.188510 0.085635
1 0.108618 0.921961 0.181329 0.070442
1 0.486158 0.841077 0.184255 0.082873
1 0.674668 0.852735 0.177648 0.082873
1 0.680808 0.740028 0.174811 0.081409
1 0.686481 0.656436 0.174811 0.074144
1 0.874524 0.646989 0.176697 0.075608
1 0.490880 0.728398 0.188043 0.063978
1 0.301418 0.745138 0.183321 0.074144
1 0.119066 0.738591 0.175745 0.078508
1 0.096858 0.844006 0.169138 0.071243
1 0.624111 0.369282 0.155907 0.075608
1 0.607110 0.121409 0.205045 0.082873
1 0.900969 0.191188 0.171023 0.091602
1 0.116230 0.152652 0.130395 0.066878
1 0.248977 0.278425 0.172926 0.091602
1 0.446463 0.377293 0.172926 0.071243
1 0.496086 0.181740 0.204093 0.078508
1 0.106768 0.301685 0.151185 0.079972
1 0.782261 0.091324 0.201797 0.182647
1 0.706321 0.182466 0.216385 0.091596
1 0.287682 0.342541 0.131996 0.060773
1 0.146897 0.345926 0.129904 0.062018
1 0.278276 0.180620 0.175390 0.097748