1 0.878704 0.112150 0.080017 0.078772
1 0.869602 0.176569 0.081287 0.075434
1 0.954276 0.185915 0.086367 0.078104
1 0.958933 0.117156 0.082134 0.079439
1 0.951736 0.254005 0.081287 0.072764
1 0.869602 0.245661 0.082981 0.076101
1 0.789162 0.230307 0.081287 0.069426
1 0.365368 0.263017 0.082134 0.068091
1 0.286622 0.265524 0.078747 0.067082
1 0.211741 0.259632 0.071762 0.068933
1 0.213378 0.333445 0.084674 0.084780
1 0.295512 0.343458 0.077900 0.075434
1 0.372566 0.352136 0.076207 0.071429
1 0.451312 0.351135 0.077900 0.074766
1 0.530059 0.360147 0.079594 0.074099
1 0.448349 0.279706 0.078747 0.069426
1 0.535563 0.285381 0.080440 0.068758
1 0.620660 0.287049 0.077900 0.065421
1 0.700889 0.288718 0.078323 0.067423
1 0.784081 0.304072 0.082981 0.071429
1 0.867062 0.312083 0.082981 0.071429
1 0.950466 0.320761 0.085521 0.080774
1 0.945174 0.392190 0.079170 0.074099
1 0.864733 0.387850 0.079170 0.069426
1 0.782388 0.377170 0.081287 0.074766
1 0.696444 0.366155 0.082134 0.078104
1 0.613463 0.362150 0.078747 0.070093
1 0.950466 0.458945 0.077053 0.066088
1 0.868332 0.452937 0.080440 0.070093
1 0.778154 0.444259 0.078747 0.068758
1 0.696020 0.439586 0.079594 0.067423
1 0.615157 0.437250 0.077053 0.069426
1 0.533023 0.432577 0.078747 0.065421
1 0.447925 0.418224 0.079594 0.072764
1 0.366638 0.420227 0.077900 0.068758
1 0.290008 0.410214 0.075360 0.067423
1 0.210415 0.404873 0.077053 0.072764
1 0.214225 0.471295 0.074513 0.065421
1 0.216342 0.533378 0.071973 0.066756
1 0.216765 0.594459 0.074513 0.067423
1 0.219306 0.665888 0.074513 0.066088
1 0.219306 0.724967 0.071126 0.062750
1 0.218882 0.786048 0.073666 0.066088
1 0.220576 0.843458 0.070279 0.060748
1 0.223116 0.903538 0.071973 0.066088
1 0.150720 0.898531 0.071126 0.060080
1 0.146538 0.838502 0.074409 0.067989
1 0.144421 0.781733 0.071869 0.064036
1 0.295512 0.796395 0.074513 0.066756
1 0.293819 0.858478 0.076207 0.065421
1 0.298052 0.917891 0.072820 0.061415
1 0.295936 0.672563 0.073666 0.068758
1 0.294666 0.735648 0.072820 0.062750
1 0.291914 0.599466 0.071550 0.065421
1 0.293395 0.538051 0.073666 0.065421
1 0.292760 0.475300 0.074936 0.065421
1 0.369179 0.483645 0.076207 0.070093
1 0.447502 0.483645 0.078747 0.072764
1 0.533870 0.497997 0.078747 0.065421
1 0.615157 0.503338 0.078747 0.068091
1 0.694327 0.506008 0.082981 0.068091
1 0.775191 0.508344 0.080440 0.066088
1 0.856054 0.515020 0.076207 0.071429
1 0.940305 0.524366 0.080440 0.068758
1 0.937765 0.587450 0.078747 0.065421
1 0.936071 0.647196 0.082134 0.063418
1 0.930567 0.715287 0.079594 0.068758
1 0.932896 0.779039 0.078323 0.058745
1 0.927815 0.838785 0.074936 0.062083
1 0.924005 0.899533 0.075783 0.063418
1 0.921677 0.959279 0.075360 0.058745
1 0.845047 0.955941 0.074513 0.060080
1 0.846317 0.894192 0.075360 0.060748
1 0.849704 0.832777 0.077053 0.058077
1 0.850974 0.772697 0.077900 0.060748
1 0.850127 0.710280 0.077900 0.062750
1 0.852244 0.641188 0.078747 0.070093
1 0.857324 0.581442 0.078747 0.064085
1 0.773920 0.571095 0.077900 0.063418
1 0.690305 0.568758 0.078323 0.065421
1 0.611346 0.566422 0.077053 0.067423
1 0.530059 0.560414 0.079594 0.068758
1 0.449831 0.549733 0.075783 0.071429
1 0.370660 0.548064 0.076630 0.069426
1 0.367062 0.610481 0.077053 0.075434
1 0.372989 0.679907 0.073666 0.067423
1 0.372989 0.741656 0.075360 0.064085
1 0.370449 0.805741 0.075360 0.064085
1 0.372142 0.865154 0.073666 0.062750
1 0.371296 0.923231 0.075360 0.064085
1 0.447925 0.930240 0.074513 0.063418
1 0.448349 0.875167 0.075360 0.061415
1 0.452159 0.816756 0.076207 0.063418
1 0.450466 0.750668 0.077900 0.064753
1 0.451736 0.687250 0.075360 0.068758
1 0.530483 0.695260 0.077053 0.066088
1 0.447079 0.613818 0.077900 0.074099
1 0.526672 0.626168 0.079594 0.068091
1 0.606266 0.629840 0.077900 0.066088
1 0.686283 0.633178 0.078747 0.064753
1 0.772227 0.636182 0.077900 0.064085
1 0.767570 0.707276 0.078747 0.071429
1 0.689670 0.703939 0.078747 0.062083
1 0.610923 0.700267 0.077053 0.064085
1 0.531329 0.758344 0.075360 0.062750
1 0.530694 0.817423 0.074090 0.060748
1 0.529636 0.876168 0.075360 0.062083
1 0.526672 0.935581 0.076207 0.063418
1 0.604361 0.944927 0.076630 0.066088
1 0.608806 0.883845 0.077900 0.060080
1 0.610923 0.824433 0.077053 0.061415
1 0.611135 0.764019 0.074936 0.064753
1 0.689670 0.766689 0.077053 0.059413
1 0.772650 0.771028 0.076207 0.064085
1 0.767993 0.828104 0.077053 0.067423
1 0.689881 0.827437 0.076630 0.062083
1 0.688823 0.890521 0.077053 0.060080
1 0.767146 0.889519 0.076207 0.064753
1 0.688611 0.949933 0.074936 0.058745
1 0.766723 0.951602 0.075360 0.060748
1 0.134677 0.324903 0.081197 0.077831
1 0.136798 0.396369 0.065099 0.063069
1 0.139762 0.458481 0.069332 0.064345
1 0.142728 0.521261 0.066788 0.069628
1 0.141456 0.584710 0.071025 0.062889
1 0.143573 0.658174 0.076953 0.073505
1 0.145692 0.720286 0.069327 0.074781
1 0.445478 0.215100 0.076207 0.071202
1 0.528738 0.214366 0.080914 0.069720
1 0.615766 0.222523 0.083734 0.071202
1 0.688213 0.147610 0.078086 0.066756
1 0.702794 0.224740 0.075267 0.066756
1 0.953523 0.049696 0.079970 0.075656
1 0.873553 0.045987 0.078088 0.077140
1 0.799229 0.097908 0.081852 0.065272
1 0.785116 0.167631 0.085615 0.065272
1 0.131950 0.259260 0.067269 0.056128