1 0.055825 0.094086 0.103883 0.077061
1 0.179126 0.068100 0.105825 0.089606
1 0.304854 0.073477 0.112621 0.089606
1 0.421262 0.068638 0.111650 0.084229
1 0.568447 0.068100 0.111650 0.089606
1 0.687379 0.069892 0.112621 0.086022
1 0.804854 0.069892 0.110680 0.082437
1 0.918932 0.070789 0.109709 0.084229
1 0.920388 0.176523 0.108738 0.080645
1 0.806796 0.172043 0.110680 0.082437
1 0.688350 0.163082 0.110680 0.082437
1 0.566990 0.159498 0.112621 0.086022
1 0.450971 0.172043 0.109709 0.082437
1 0.334466 0.172043 0.109709 0.082437
1 0.221359 0.175627 0.108738 0.082437
1 0.102427 0.172043 0.103883 0.082437
1 0.100000 0.260753 0.106796 0.077061
1 0.212621 0.261649 0.106796 0.078853
1 0.332039 0.258961 0.108738 0.080645
1 0.449029 0.259857 0.101942 0.082437
1 0.567961 0.255376 0.110680 0.080645
1 0.691262 0.251792 0.112621 0.080645
1 0.806796 0.258961 0.110680 0.080645
1 0.922816 0.262545 0.109709 0.080645
1 0.921359 0.349462 0.110680 0.082437
1 0.805340 0.350358 0.111650 0.077061
1 0.685922 0.340502 0.109709 0.082437
1 0.559709 0.346774 0.109709 0.091398
1 0.444660 0.348566 0.112621 0.080645
1 0.331068 0.347670 0.106796 0.082437
1 0.223301 0.344982 0.108738 0.080645
1 0.109709 0.344086 0.102913 0.082437
1 0.115534 0.429211 0.102913 0.077061
1 0.222330 0.432796 0.106796 0.077061
1 0.347573 0.435484 0.108738 0.086022
1 0.461165 0.437276 0.110680 0.078853
1 0.574272 0.434588 0.107767 0.073477
1 0.687379 0.424731 0.108738 0.078853
1 0.804369 0.432796 0.109709 0.069892
1 0.919903 0.431004 0.107767 0.080645
1 0.918447 0.517025 0.108738 0.080645
1 0.805825 0.514337 0.108738 0.078853
1 0.687864 0.516129 0.109709 0.075269
1 0.573301 0.531362 0.111650 0.087814
1 0.452427 0.523297 0.108738 0.078853
1 0.690291 0.605735 0.110680 0.078853
1 0.574757 0.616487 0.108738 0.078853
1 0.461165 0.619176 0.110680 0.077061
1 0.347573 0.620072 0.108738 0.078853
1 0.337864 0.518817 0.104854 0.091398
1 0.228155 0.519713 0.106796 0.075269
1 0.118447 0.517921 0.104854 0.078853
1 0.128155 0.614695 0.104854 0.078853
1 0.234951 0.618280 0.104854 0.078853
1 0.134951 0.693548 0.102913 0.078853
1 0.243689 0.698925 0.106796 0.075269
1 0.353398 0.702509 0.104854 0.078853
1 0.579612 0.697133 0.106796 0.075269
1 0.467961 0.703405 0.108738 0.080645
1 0.693204 0.688172 0.108738 0.078853
1 0.806796 0.688172 0.106796 0.078853
1 0.921359 0.686380 0.106796 0.086022
1 0.922330 0.768817 0.108738 0.086022
1 0.805340 0.770609 0.107767 0.078853
1 0.693204 0.770609 0.108738 0.075269
1 0.581553 0.778674 0.106796 0.073477
1 0.462136 0.785842 0.100971 0.080645
1 0.353398 0.781362 0.104854 0.078853
1 0.244660 0.782258 0.104854 0.073477
1 0.136893 0.777778 0.102913 0.075269
1 0.139806 0.851254 0.100971 0.086022
1 0.248544 0.858423 0.104854 0.071685
1 0.358252 0.860215 0.106796 0.071685
1 0.468932 0.863799 0.106796 0.075269
1 0.578155 0.857527 0.107767 0.073477
1 0.690777 0.849462 0.107767 0.086022
1 0.809709 0.855735 0.108738 0.077061
1 0.920388 0.860215 0.108738 0.071685
1 0.153398 0.934588 0.104854 0.084229
1 0.260194 0.942652 0.104854 0.075269
1 0.367961 0.941756 0.110680 0.077061
1 0.476699 0.945341 0.106796 0.077061
1 0.588350 0.936380 0.108738 0.073477
1 0.699029 0.933692 0.108738 0.075269
1 0.814078 0.937276 0.109709 0.078853
1 0.935922 0.914875 0.116505 0.152330
1 0.805825 0.605735 0.108738 0.078853
1 0.920388 0.605735 0.108738 0.086022