1 0.452459 0.090774 0.219672 0.181548
1 0.447541 0.248512 0.219672 0.211310
1 0.442623 0.413690 0.216393 0.202381
1 0.434426 0.592262 0.216393 0.202381
1 0.428689 0.745536 0.218033 0.205357
1 0.651639 0.806548 0.221311 0.190476
1 0.652459 0.638393 0.216393 0.205357
1 0.663934 0.473214 0.213115 0.202381
1 0.665574 0.305060 0.216393 0.181548
1 0.872951 0.562500 0.208197 0.178571
1 0.863934 0.877976 0.206557 0.202381
1 0.894512 0.245859 0.209551 0.232919
1 0.670349 0.147516 0.215966 0.175983
1 0.878118 0.398551 0.202423 0.181159
1 0.205274 0.687112 0.202423 0.188923
1 0.140413 0.499482 0.209551 0.243271
1 0.879235 0.722222 0.204372 0.166667