1 0.404863 0.080208 0.234672 0.110417
1 0.642706 0.086458 0.232558 0.102083
1 0.874863 0.085345 0.233360 0.095977
1 0.646934 0.185417 0.236786 0.100000
1 0.881607 0.181250 0.224101 0.104167
1 0.397463 0.185417 0.232558 0.100000
1 0.398520 0.276042 0.234672 0.097917
1 0.637421 0.280208 0.234672 0.097917
1 0.871036 0.283333 0.228330 0.091667
1 0.873150 0.370833 0.228330 0.100000
1 0.639535 0.372917 0.234672 0.091667
1 0.401691 0.371875 0.232558 0.097917
1 0.166910 0.368750 0.220092 0.095833
1 0.171174 0.462500 0.224247 0.100000
1 0.168295 0.565625 0.225778 0.097917
1 0.165087 0.665625 0.223737 0.097917
1 0.397463 0.659375 0.228330 0.093750
1 0.398520 0.563542 0.230444 0.093750
1 0.401691 0.466667 0.232558 0.095833
1 0.638478 0.465625 0.232558 0.093750
1 0.868922 0.463542 0.224101 0.093750
1 0.874207 0.557292 0.230444 0.097917
1 0.635307 0.562500 0.234672 0.100000
1 0.632135 0.661458 0.228330 0.093750
1 0.866808 0.652083 0.232558 0.095833
1 0.872093 0.742708 0.226216 0.093750
1 0.638478 0.746875 0.232558 0.093750
1 0.639535 0.840625 0.234672 0.093750
1 0.874207 0.830208 0.226216 0.102083
1 0.872093 0.931070 0.221987 0.092026
1 0.641121 0.937408 0.233615 0.087316
1 0.400634 0.755208 0.234672 0.085417
1 0.402748 0.847917 0.230444 0.091667
1 0.403805 0.950000 0.228330 0.100000
1 0.171831 0.946516 0.231392 0.102802
1 0.171794 0.851042 0.235693 0.093750
1 0.165415 0.756717 0.227309 0.082399
1 0.165462 0.268806 0.215739 0.106065