1 0.716004 0.022177 0.147490 0.044355
1 0.793933 0.074597 0.140167 0.057796
1 0.933577 0.029570 0.132845 0.051075
1 0.934100 0.086022 0.131799 0.056452
1 0.931485 0.143145 0.130753 0.055108
1 0.789749 0.135081 0.140167 0.055108
1 0.645397 0.133065 0.140167 0.053763
1 0.500000 0.126344 0.142259 0.067204
1 0.355649 0.129704 0.138075 0.060484
1 0.211297 0.133065 0.138075 0.056452
1 0.074268 0.134409 0.131799 0.059140
1 0.078452 0.193548 0.131799 0.053763
1 0.078452 0.249328 0.131799 0.052419
1 0.078452 0.305108 0.127615 0.051075
1 0.079498 0.359543 0.129707 0.052419
1 0.076360 0.418683 0.127615 0.057796
1 0.078452 0.476478 0.127615 0.049731
1 0.079498 0.529570 0.129707 0.051075
1 0.079498 0.579973 0.129707 0.052419
1 0.084728 0.635753 0.127615 0.053763
1 0.092050 0.685484 0.121339 0.056452
1 0.089958 0.743280 0.121339 0.053763
1 0.089958 0.793011 0.117155 0.056452
1 0.087866 0.844086 0.125523 0.056452
1 0.088912 0.895161 0.123431 0.056452
1 0.093096 0.943548 0.127615 0.051075
1 0.220711 0.948253 0.127615 0.047043
1 0.219665 0.895833 0.129707 0.049731
1 0.218619 0.848118 0.127615 0.048387
1 0.215481 0.801075 0.125523 0.051075
1 0.218619 0.746640 0.127615 0.052419
1 0.221757 0.688844 0.129707 0.049731
1 0.221757 0.637769 0.129707 0.049731
1 0.215481 0.585349 0.133891 0.052419
1 0.215481 0.528898 0.133891 0.052419
1 0.210251 0.475806 0.135983 0.053763
1 0.214958 0.422043 0.132845 0.053763
1 0.218619 0.360215 0.135983 0.051075
1 0.213389 0.299731 0.133891 0.053763
1 0.217573 0.244624 0.133891 0.053763
1 0.217573 0.189516 0.138075 0.056452
1 0.360356 0.189516 0.139121 0.053763
1 0.504184 0.188172 0.142259 0.053763
1 0.652720 0.188172 0.142259 0.059140
1 0.793933 0.189516 0.135983 0.053763
1 0.934100 0.200269 0.131799 0.059140
1 0.933054 0.254704 0.133891 0.068548
1 0.789226 0.248656 0.134937 0.053763
1 0.646444 0.244624 0.138075 0.053763
1 0.502092 0.244624 0.138075 0.053763
1 0.361925 0.245968 0.138075 0.053763
1 0.354603 0.299059 0.135983 0.060484
1 0.498431 0.300403 0.134937 0.052419
1 0.640167 0.300403 0.138075 0.052419
1 0.789226 0.302419 0.134937 0.053763
1 0.929393 0.311156 0.132845 0.068548
1 0.923117 0.366935 0.130753 0.059140
1 0.785042 0.358199 0.134937 0.049731
1 0.644351 0.358199 0.133891 0.055108
1 0.500523 0.354167 0.134937 0.052419
1 0.356172 0.358871 0.134937 0.053763
1 0.354603 0.417339 0.135983 0.055108
1 0.496862 0.418683 0.140167 0.057796
1 0.643305 0.416667 0.140167 0.056452
1 0.784519 0.418011 0.133891 0.053763
1 0.923640 0.423387 0.131799 0.059140
1 0.921548 0.480511 0.135983 0.052419
1 0.776674 0.473790 0.134937 0.055108
1 0.632845 0.473118 0.135983 0.053763
1 0.492678 0.473790 0.135983 0.049731
1 0.351987 0.475134 0.134937 0.052419
1 0.351464 0.531586 0.133891 0.052419
1 0.492678 0.528226 0.135983 0.056452
1 0.629707 0.528226 0.133891 0.051075
1 0.774582 0.529570 0.137029 0.051075
1 0.919456 0.532930 0.135983 0.049731
1 0.912134 0.584005 0.131799 0.049731
1 0.776151 0.580645 0.133891 0.053763
1 0.633891 0.580645 0.133891 0.053763
1 0.494770 0.579301 0.135983 0.051075
1 0.353556 0.583333 0.133891 0.051075
1 0.357218 0.637097 0.132845 0.051075
1 0.498954 0.634409 0.135983 0.053763
1 0.637029 0.635081 0.135983 0.049731
1 0.776151 0.635081 0.133891 0.049731
1 0.910042 0.636425 0.129707 0.047043
1 0.767782 0.686828 0.129707 0.051075
1 0.633891 0.688172 0.133891 0.051075
1 0.492155 0.688172 0.130753 0.053763
1 0.355649 0.690860 0.133891 0.048387
1 0.353556 0.747984 0.133891 0.055108
1 0.907427 0.688844 0.132845 0.049731
1 0.904812 0.747984 0.131799 0.052419
1 0.766736 0.742608 0.131799 0.049731
1 0.630753 0.744624 0.135983 0.053763
1 0.491632 0.745296 0.133891 0.055108
1 0.353556 0.747984 0.133891 0.055108
1 0.351464 0.853495 0.129707 0.048387
1 0.348326 0.804435 0.131799 0.049731
1 0.352510 0.902554 0.131799 0.047043
1 0.351987 0.951613 0.130753 0.045699
1 0.492155 0.950269 0.130753 0.045699
1 0.621339 0.900538 0.129707 0.048387
1 0.757322 0.943548 0.129707 0.048387
1 0.888598 0.948925 0.126569 0.043011
1 0.623431 0.947581 0.129707 0.045699
1 0.486402 0.901882 0.131799 0.045699
1 0.890167 0.899194 0.127615 0.048387
1 0.759414 0.894489 0.129707 0.049731
1 0.896967 0.849462 0.128661 0.048387
1 0.764121 0.841398 0.130753 0.048387
1 0.625523 0.847446 0.133891 0.049731
1 0.487971 0.852151 0.130753 0.051075
1 0.488494 0.800403 0.135983 0.052419
1 0.623431 0.797043 0.129707 0.051075
1 0.760460 0.793011 0.131799 0.048387
1 0.899582 0.800403 0.133891 0.049731
1 0.212113 0.076909 0.145272 0.064220
1 0.355063 0.071694 0.140628 0.056747
1 0.502720 0.068414 0.136046 0.057312
1 0.648536 0.071694 0.144121 0.065699
1 0.069728 0.082151 0.139456 0.059731