1 0.056516 0.333004 0.097074 0.128458
1 0.054521 0.258893 0.095745 0.083004
1 0.051862 0.433794 0.103723 0.156126
1 0.051862 0.536561 0.103723 0.116601
1 0.164894 0.126482 0.106383 0.122530
1 0.162566 0.214427 0.107048 0.120553
1 0.157580 0.293478 0.107713 0.136364
1 0.161569 0.380435 0.105053 0.128458
1 0.159574 0.465415 0.106383 0.124506
1 0.157912 0.549407 0.108378 0.122530
1 0.156582 0.628458 0.105718 0.114625
1 0.157912 0.707510 0.105718 0.114625
1 0.157580 0.788538 0.107713 0.110672
1 0.276263 0.177866 0.111037 0.122530
1 0.273604 0.263834 0.109707 0.132411
1 0.276263 0.349802 0.108378 0.118577
1 0.273936 0.430830 0.109043 0.114625
1 0.269614 0.508893 0.108378 0.124506
1 0.271277 0.587945 0.111702 0.116601
1 0.266955 0.668972 0.108378 0.112648
1 0.269282 0.746047 0.107713 0.108696
1 0.265957 0.817194 0.109043 0.108696
1 0.391290 0.218379 0.113697 0.128458
1 0.392620 0.303360 0.113697 0.124506
1 0.388963 0.385375 0.110372 0.118577
1 0.387633 0.469368 0.113032 0.116601
1 0.382646 0.557312 0.111037 0.114625
1 0.382979 0.635375 0.111702 0.116601
1 0.379654 0.713439 0.107713 0.110672
1 0.382314 0.798419 0.110372 0.106719
1 0.378989 0.871542 0.109043 0.102767
1 0.506649 0.255929 0.113032 0.124506
1 0.505984 0.340909 0.113032 0.120553
1 0.502992 0.425889 0.109707 0.116601
1 0.503324 0.508893 0.115691 0.124506
1 0.498670 0.587945 0.110372 0.116601
1 0.497340 0.675889 0.111702 0.106719
1 0.492686 0.754941 0.110372 0.106719
1 0.492021 0.829051 0.109043 0.108696
1 0.492021 0.906126 0.111702 0.096838
1 0.622008 0.288538 0.113697 0.114625
1 0.623670 0.377470 0.110372 0.110672
1 0.626330 0.459486 0.111702 0.112648
1 0.621676 0.534585 0.113032 0.112648
1 0.612367 0.607708 0.110372 0.108696
1 0.607048 0.692688 0.106383 0.112648
1 0.603723 0.771739 0.109043 0.104743
1 0.606383 0.848814 0.109043 0.100791
1 0.605718 0.930830 0.110372 0.094862
1 0.736370 0.331028 0.108378 0.116601
1 0.733378 0.416996 0.110372 0.110672
1 0.735372 0.500000 0.106383 0.102767
1 0.730718 0.576087 0.105053 0.100791
1 0.721410 0.650198 0.103723 0.094862
1 0.717420 0.716403 0.107713 0.096838
1 0.714761 0.799407 0.105053 0.104743
1 0.713763 0.876482 0.104388 0.100791
1 0.712766 0.956522 0.109043 0.086957
1 0.842420 0.354743 0.099734 0.108696
1 0.841755 0.433794 0.101064 0.108696
1 0.839096 0.513834 0.099734 0.090909
1 0.834441 0.585968 0.105053 0.096838
1 0.828457 0.661067 0.103723 0.088933
1 0.825133 0.737154 0.098404 0.086957
1 0.823138 0.823123 0.101064 0.096838
1 0.822806 0.903162 0.099069 0.086957
1 0.817154 0.972332 0.099734 0.055336
1 0.946144 0.387352 0.099734 0.098814
1 0.940160 0.462451 0.095745 0.090909
1 0.934599 0.529992 0.084624 0.087652
1 0.929189 0.686759 0.096410 0.092885
1 0.924202 0.761858 0.093085 0.084980
1 0.921543 0.848814 0.095745 0.077075
1 0.919215 0.916008 0.096410 0.077075
1 0.916223 0.978261 0.095745 0.043478
1 0.062426 0.673035 0.086436 0.107598
1 0.057624 0.614844 0.096040 0.101010
1 0.935284 0.608256 0.093085 0.096618
1 0.947473 0.305226 0.095301 0.105402
1 0.842568 0.271190 0.098257 0.098814
1 0.741726 0.252525 0.104905 0.122969
1 0.626478 0.206412 0.109338 0.114185
1 0.513446 0.174572 0.113771 0.125165
1 0.396720 0.130654 0.112293 0.133948
1 0.279994 0.096618 0.118203 0.131752
1 0.166593 0.052701 0.111554 0.105402
1 0.066489 0.091129 0.097518 0.107598
1 0.050236 0.195433 0.100473 0.122969
1 0.762781 0.055995 0.079048 0.085639