1 0.468750 0.267157 0.141667 0.200980
1 0.618750 0.325980 0.145833 0.191176
1 0.918750 0.392157 0.141667 0.225490
1 0.926042 0.625000 0.147917 0.210784
1 0.917708 0.875000 0.139583 0.210784
1 0.771875 0.838235 0.152083 0.225490
1 0.769792 0.573529 0.152083 0.215686
1 0.615625 0.568627 0.147917 0.225490
1 0.614583 0.852941 0.150000 0.245098
1 0.457292 0.825980 0.147917 0.240196
1 0.464871 0.579615 0.145259 0.232928
1 0.314583 0.553922 0.145833 0.245098
1 0.304688 0.835784 0.146875 0.259804
1 0.158333 0.830882 0.141667 0.230392
1 0.159028 0.568627 0.156944 0.235294
1 0.163075 0.297498 0.135057 0.182556
1 0.316451 0.314402 0.147270 0.196078
1 0.923491 0.138607 0.138649 0.216362
1 0.770115 0.353279 0.149425 0.206220