1 0.507561 0.251429 0.137996 0.131429
1 0.366257 0.258571 0.135161 0.140000
1 0.222117 0.414286 0.134216 0.125714
1 0.359030 0.418571 0.140163 0.140000
1 0.501890 0.418571 0.137996 0.140000
1 0.646774 0.445325 0.139345 0.143636
1 0.786389 0.442677 0.136106 0.137503
1 0.924386 0.460000 0.136106 0.137143
1 0.913600 0.623049 0.144781 0.142474
1 0.771739 0.625165 0.135161 0.138242
1 0.627599 0.581429 0.139887 0.145714
1 0.483932 0.581295 0.136106 0.128839
1 0.344353 0.591429 0.132940 0.137143
1 0.209383 0.562982 0.131431 0.125465
1 0.072779 0.561116 0.134216 0.129197
1 0.064745 0.707143 0.129490 0.168571
1 0.196597 0.695714 0.132325 0.157143
1 0.335539 0.721429 0.137996 0.140000
1 0.477316 0.708571 0.134216 0.125714
1 0.626363 0.745275 0.142358 0.149449
1 0.765595 0.782857 0.139887 0.142857
1 0.904537 0.794286 0.137996 0.154286
1 0.898866 0.932857 0.137996 0.122857
1 0.757089 0.914286 0.141777 0.131429
1 0.614839 0.894286 0.137051 0.182857
1 0.475989 0.874286 0.135343 0.154286
1 0.336107 0.892223 0.133903 0.127352
1 0.200288 0.904234 0.129050 0.144657
1 0.069069 0.898791 0.126796 0.124873
1 0.097426 0.125275 0.127963 0.131868
1 0.234114 0.087912 0.127963 0.131868
1 0.226125 0.270343 0.126503 0.123086
1 0.363894 0.102171 0.128696 0.116457
1 0.500227 0.098914 0.129414 0.123086
1 0.635879 0.095029 0.137543 0.126400
1 0.650720 0.302198 0.136688 0.125275
1 0.784136 0.124176 0.133052 0.147253
1 0.792497 0.289011 0.132325 0.151648
1 0.934274 0.337363 0.127963 0.151648
1 0.932820 0.159341 0.125055 0.129670
1 0.093172 0.280121 0.132887 0.133391
1 0.083842 0.408939 0.137425 0.139489