1 0.264637 0.053279 0.159251 0.106557
1 0.264637 0.151639 0.159251 0.095628
1 0.444965 0.196721 0.163934 0.098361
1 0.610070 0.158470 0.156909 0.098361
1 0.764637 0.050546 0.152225 0.101093
1 0.764637 0.142077 0.152225 0.098361
1 0.245902 0.370219 0.159251 0.106557
1 0.079625 0.367486 0.154567 0.090164
1 0.742740 0.337596 0.150609 0.095956
1 0.901639 0.450820 0.159251 0.098361
1 0.901639 0.539617 0.154567 0.079235
1 0.901639 0.622951 0.154567 0.081967
1 0.891686 0.695355 0.148712 0.073770
1 0.891101 0.775956 0.152225 0.087432
1 0.730094 0.775956 0.148712 0.087432
1 0.732436 0.687158 0.151054 0.095628
1 0.739839 0.595628 0.154152 0.087432
1 0.742778 0.427596 0.153789 0.090164
1 0.585480 0.415301 0.159251 0.087432
1 0.580796 0.487705 0.154567 0.068306
1 0.579625 0.564208 0.156909 0.084699
1 0.570258 0.841530 0.152225 0.076503
1 0.569087 0.926230 0.154567 0.081967
1 0.412178 0.909836 0.154567 0.092896
1 0.409836 0.831967 0.154567 0.073770
1 0.415105 0.748634 0.155738 0.081967
1 0.414520 0.663934 0.154567 0.076503
1 0.415691 0.576503 0.156909 0.087432
1 0.416862 0.495902 0.159251 0.079235
1 0.416862 0.415301 0.159251 0.092896
1 0.245902 0.483607 0.159251 0.103825
1 0.246487 0.583333 0.155738 0.084699
1 0.251756 0.732240 0.152225 0.092896
1 0.248244 0.825137 0.154567 0.098361
1 0.250585 0.915301 0.154567 0.087432
1 0.084309 0.471311 0.154567 0.112022
1 0.087822 0.572404 0.152225 0.079235
1 0.090164 0.665301 0.152225 0.106557
1 0.091335 0.759563 0.154567 0.092896
1 0.090164 0.849727 0.152225 0.087432
1 0.093091 0.931694 0.148712 0.087432
1 0.922910 0.203417 0.154180 0.092860
1 0.573419 0.674754 0.151874 0.104317
1 0.573770 0.762568 0.149742 0.074536
1 0.583349 0.323716 0.156136 0.094372
1 0.442834 0.108470 0.161803 0.087760
1 0.075925 0.270765 0.151874 0.100984
1 0.243068 0.276557 0.156838 0.092732
1 0.414098 0.313770 0.163934 0.091093
1 0.900585 0.348579 0.149040 0.097705
1 0.604286 0.062951 0.161101 0.089399
1 0.245902 0.659071 0.152576 0.062951
1 0.890726 0.953607 0.148197 0.063989
1 0.889227 0.861913 0.137822 0.074372
1 0.725831 0.949235 0.156347 0.083005
1 0.727681 0.863661 0.152646 0.098579
1 0.741733 0.508033 0.154309 0.092787
1 0.922061 0.099836 0.149766 0.079891