1 0.156830 0.024720 0.084317 0.049440
1 0.242833 0.027519 0.080944 0.055037
1 0.330101 0.027519 0.088533 0.051306
1 0.419477 0.027985 0.080101 0.050373
1 0.506875 0.035448 0.086263 0.057836
1 0.597808 0.055037 0.086003 0.052239
1 0.684233 0.064366 0.085160 0.052239
1 0.772344 0.062500 0.084317 0.048507
1 0.866358 0.067128 0.098651 0.065370
1 0.955734 0.084888 0.081788 0.059701
1 0.943929 0.137127 0.080101 0.052239
1 0.855818 0.125000 0.086003 0.050373
1 0.767285 0.114739 0.086003 0.055970
1 0.677909 0.112873 0.082631 0.052239
1 0.591062 0.103545 0.084317 0.055970
1 0.503794 0.092351 0.086847 0.052239
1 0.412310 0.082090 0.084317 0.050373
1 0.325042 0.080690 0.083474 0.049440
1 0.238617 0.080224 0.080944 0.050373
1 0.156408 0.077892 0.076728 0.051306
1 0.156830 0.128265 0.077572 0.055037
1 0.237352 0.131530 0.080101 0.048507
1 0.325885 0.131063 0.081788 0.053172
1 0.411889 0.144590 0.081788 0.055970
1 0.500843 0.146455 0.082631 0.052239
1 0.589376 0.156716 0.086003 0.050373
1 0.675379 0.163246 0.084317 0.052239
1 0.762226 0.163713 0.086003 0.055037
1 0.854132 0.173507 0.084317 0.050373
1 0.942243 0.185634 0.080101 0.055970
1 0.936762 0.234142 0.084317 0.052239
1 0.850759 0.222948 0.084317 0.052239
1 0.762226 0.220149 0.082631 0.054104
1 0.674115 0.212687 0.083474 0.054104
1 0.586003 0.205224 0.084317 0.050373
1 0.496627 0.195896 0.084317 0.054104
1 0.406830 0.194963 0.081788 0.052239
1 0.317454 0.183302 0.081788 0.053172
1 0.234401 0.178638 0.080944 0.051306
1 0.152192 0.176306 0.076728 0.052239
1 0.064503 0.216418 0.085160 0.050373
1 0.148398 0.226213 0.080944 0.056903
1 0.231872 0.231343 0.079258 0.050373
1 0.319140 0.234142 0.081788 0.052239
1 0.403457 0.244403 0.083474 0.050373
1 0.494519 0.244869 0.085160 0.056903
1 0.581366 0.259328 0.083474 0.050373
1 0.670742 0.260261 0.088533 0.052239
1 0.758010 0.269590 0.084317 0.052239
1 0.841484 0.271922 0.082631 0.055037
1 0.930438 0.283582 0.086847 0.054104
1 0.068718 0.272854 0.078415 0.056903
1 0.149663 0.283116 0.076728 0.051306
1 0.230607 0.288246 0.080101 0.052239
1 0.313238 0.292444 0.080101 0.055037
1 0.398820 0.303172 0.080944 0.052239
1 0.484823 0.305504 0.080944 0.055037
1 0.569983 0.310634 0.080944 0.052239
1 0.655987 0.319030 0.082631 0.050373
1 0.746206 0.323694 0.082631 0.048507
1 0.832631 0.332090 0.080101 0.054104
1 0.916526 0.334888 0.082631 0.052239
1 0.926644 0.383862 0.089376 0.055037
1 0.839376 0.381996 0.080101 0.055037
1 0.753794 0.375000 0.082631 0.046642
1 0.665683 0.369403 0.083474 0.050373
1 0.569983 0.361940 0.080944 0.046642
1 0.484401 0.357276 0.080101 0.052239
1 0.395447 0.351679 0.080944 0.052239
1 0.311551 0.344216 0.080101 0.052239
1 0.226391 0.337687 0.078415 0.050373
1 0.144604 0.333955 0.076728 0.050373
1 0.060708 0.321362 0.084317 0.056903
1 0.060708 0.376866 0.077572 0.050373
1 0.141653 0.380131 0.077572 0.051306
1 0.222175 0.388060 0.076728 0.050373
1 0.306492 0.391325 0.081788 0.058769
1 0.395025 0.402985 0.083474 0.050373
1 0.482293 0.406716 0.082631 0.050373
1 0.569983 0.409981 0.084317 0.047575
1 0.656408 0.416045 0.081788 0.050373
1 0.746627 0.423507 0.085160 0.050373
1 0.832631 0.430037 0.085160 0.052239
1 0.923272 0.434235 0.089376 0.055037
1 0.915683 0.483675 0.082631 0.053172
1 0.830523 0.476679 0.080944 0.052239
1 0.744098 0.470149 0.081788 0.046642
1 0.657673 0.465485 0.080944 0.044776
1 0.569140 0.459888 0.080944 0.048507
1 0.482293 0.454291 0.080944 0.048507
1 0.397555 0.451493 0.080101 0.050373
1 0.313238 0.444030 0.080101 0.050373
1 0.227234 0.438433 0.078415 0.050373
1 0.145447 0.429104 0.075042 0.050373
1 0.060287 0.425373 0.080101 0.050373
1 0.064081 0.470149 0.080944 0.050373
1 0.063238 0.521455 0.074199 0.052239
1 0.060708 0.569030 0.074199 0.050373
1 0.061551 0.612873 0.075885 0.048507
1 0.065767 0.657649 0.074199 0.048507
1 0.068297 0.701493 0.075885 0.046642
1 0.073356 0.751866 0.069140 0.054104
1 0.069983 0.795709 0.075885 0.052239
1 0.073356 0.839552 0.069140 0.042910
1 0.073356 0.879664 0.075885 0.044776
1 0.077572 0.920709 0.074199 0.044776
1 0.153457 0.926306 0.074199 0.044776
1 0.229764 0.937500 0.071669 0.044776
1 0.306914 0.943097 0.077572 0.044776
1 0.387015 0.951493 0.079258 0.042910
1 0.468381 0.955224 0.076728 0.042910
1 0.548061 0.963619 0.077572 0.044776
1 0.634907 0.967351 0.075885 0.041045
1 0.715008 0.970149 0.077572 0.039179
1 0.795953 0.972948 0.077572 0.041045
1 0.874789 0.975746 0.075042 0.042910
1 0.877319 0.934701 0.078415 0.039179
1 0.798482 0.930504 0.079258 0.040112
1 0.716273 0.928172 0.076728 0.041045
1 0.634907 0.927239 0.075885 0.042910
1 0.553541 0.919776 0.076728 0.042910
1 0.470067 0.913713 0.076728 0.043843
1 0.385329 0.911847 0.075885 0.043843
1 0.306914 0.902985 0.074199 0.042910
1 0.226813 0.898321 0.075885 0.044776
1 0.150927 0.884328 0.072513 0.042910
1 0.149241 0.845149 0.075885 0.046642
1 0.148398 0.803172 0.074199 0.044776
1 0.149241 0.761194 0.075885 0.046642
1 0.145868 0.712687 0.075885 0.046642
1 0.145868 0.668843 0.075885 0.048507
1 0.143339 0.624067 0.077572 0.048507
1 0.141231 0.578358 0.076728 0.050373
1 0.145025 0.529384 0.075885 0.058769
1 0.148398 0.477612 0.077572 0.050373
1 0.227234 0.484142 0.076728 0.048507
1 0.308179 0.491604 0.076728 0.048507
1 0.391653 0.498134 0.078415 0.050373
1 0.479342 0.503731 0.081788 0.046642
1 0.568718 0.507463 0.081788 0.046642
1 0.653879 0.509795 0.080101 0.049440
1 0.740304 0.519590 0.082631 0.048507
1 0.825042 0.524254 0.085160 0.050373
1 0.915261 0.530317 0.085160 0.056903
1 0.905143 0.582090 0.083474 0.050373
1 0.822091 0.577425 0.080944 0.048507
1 0.737352 0.569963 0.080101 0.052239
1 0.649241 0.565299 0.084317 0.050373
1 0.559022 0.561101 0.079258 0.047575
1 0.475126 0.557836 0.080101 0.050373
1 0.391231 0.549440 0.077572 0.052239
1 0.308179 0.545709 0.078415 0.052239
1 0.226391 0.536847 0.078415 0.055037
1 0.223440 0.584888 0.075885 0.048507
1 0.225126 0.629664 0.075885 0.048507
1 0.225126 0.674440 0.075885 0.044776
1 0.225126 0.717351 0.075885 0.044776
1 0.229342 0.767724 0.074199 0.048507
1 0.228078 0.812500 0.075042 0.044776
1 0.228499 0.854478 0.075885 0.046642
1 0.303963 0.592817 0.078415 0.051306
1 0.388702 0.596549 0.079258 0.051306
1 0.475970 0.606343 0.081788 0.046642
1 0.561130 0.609608 0.080101 0.051306
1 0.648398 0.614739 0.082631 0.044776
1 0.733558 0.618470 0.084317 0.044776
1 0.826307 0.623601 0.084317 0.049440
1 0.910624 0.629198 0.077572 0.045709
1 0.900927 0.675373 0.080101 0.046642
1 0.813238 0.668843 0.078415 0.048507
1 0.729342 0.664179 0.080944 0.042910
1 0.645025 0.660448 0.080944 0.046642
1 0.562395 0.657649 0.082631 0.048507
1 0.476813 0.651119 0.080101 0.046642
1 0.388702 0.641791 0.079258 0.050373
1 0.305228 0.637593 0.077572 0.051306
1 0.305649 0.683769 0.076728 0.048507
1 0.304384 0.727146 0.075885 0.055037
1 0.310287 0.774720 0.077572 0.049440
1 0.308600 0.818097 0.077572 0.044776
1 0.306914 0.862873 0.074199 0.044776
1 0.390388 0.870802 0.079258 0.047575
1 0.390388 0.827425 0.079258 0.044776
1 0.390809 0.783582 0.076728 0.046642
1 0.386172 0.731810 0.080944 0.053172
1 0.389123 0.689366 0.078415 0.048507
1 0.471754 0.694496 0.080101 0.049440
1 0.557973 0.701202 0.082080 0.042330
1 0.640388 0.702892 0.080101 0.047575
1 0.727234 0.708022 0.081788 0.041045
1 0.811973 0.713619 0.079258 0.044776
1 0.898398 0.718284 0.080101 0.042910
1 0.893761 0.763060 0.079258 0.042910
1 0.806071 0.756530 0.079258 0.044776
1 0.723440 0.753265 0.080944 0.043843
1 0.635329 0.750466 0.080101 0.041978
1 0.469646 0.741604 0.079258 0.048507
1 0.552698 0.747201 0.080101 0.044776
1 0.473019 0.791045 0.079258 0.042910
1 0.473440 0.833022 0.076728 0.044776
1 0.473440 0.872201 0.076728 0.044776
1 0.555649 0.794776 0.079258 0.042910
1 0.637437 0.798041 0.077572 0.043843
1 0.720067 0.802239 0.079258 0.046642
1 0.803963 0.803172 0.076728 0.044776
1 0.803963 0.846549 0.078415 0.040112
1 0.802698 0.889459 0.077572 0.040112
1 0.882378 0.893190 0.075042 0.040112
1 0.887437 0.852146 0.080101 0.040112
1 0.889123 0.808302 0.080101 0.045709
1 0.722597 0.845149 0.077572 0.042910
1 0.718381 0.883862 0.079258 0.047575
1 0.639123 0.841884 0.080944 0.041978
1 0.637015 0.881996 0.076728 0.043843
1 0.555649 0.879664 0.075885 0.041045
1 0.555649 0.838619 0.079258 0.041045
1 0.062265 0.166475 0.083020 0.054535