1 0.094503 0.778320 0.081003 0.181641
1 0.175265 0.783203 0.078592 0.171875
1 0.259884 0.793945 0.081967 0.166016
1 0.176712 0.598633 0.081485 0.189453
1 0.346432 0.291016 0.083414 0.179688
1 0.345468 0.459961 0.080521 0.185547
1 0.341128 0.635742 0.080521 0.185547
1 0.343780 0.805664 0.080039 0.181641
1 0.426230 0.816406 0.081003 0.167969
1 0.431774 0.638672 0.083414 0.187500
1 0.430087 0.459961 0.081967 0.185547
1 0.436114 0.282227 0.083414 0.205078
1 0.525796 0.294922 0.082449 0.171875
1 0.519045 0.467773 0.081485 0.193359
1 0.516876 0.639648 0.082932 0.185547
1 0.519286 0.814453 0.085824 0.171875
1 0.603664 0.831055 0.082932 0.169922
1 0.601736 0.643555 0.084860 0.193359
1 0.602459 0.473633 0.080521 0.181641
1 0.609932 0.291992 0.081967 0.169922
1 0.695034 0.320312 0.082449 0.191406
1 0.690694 0.489258 0.087271 0.189453
1 0.686837 0.666016 0.083414 0.187500
1 0.687801 0.829102 0.080521 0.189453
1 0.768804 0.857422 0.079556 0.171875
1 0.850048 0.893555 0.081967 0.169922
1 0.932498 0.905273 0.081003 0.177734
1 0.939730 0.739258 0.085824 0.189453
1 0.941176 0.565430 0.082932 0.185547
1 0.867165 0.373047 0.082449 0.195312
1 0.858486 0.534180 0.081485 0.193359
1 0.854870 0.715820 0.083896 0.205078
1 0.770974 0.679688 0.078110 0.175781
1 0.776519 0.505859 0.083414 0.179688
1 0.781581 0.336914 0.085824 0.197266
1 0.169122 0.435703 0.078631 0.162266
1 0.092353 0.591953 0.077888 0.144219
1 0.949855 0.226863 0.077887 0.189303
1 0.868259 0.204327 0.080855 0.186298
1 0.781841 0.160757 0.083080 0.189303
1 0.696907 0.153245 0.083822 0.186298
1 0.611602 0.112680 0.082338 0.171274
1 0.527038 0.106671 0.080855 0.189303
1 0.439878 0.117188 0.084563 0.210337
1 0.260737 0.408654 0.086789 0.192308
1 0.025962 0.573918 0.051925 0.360577
1 0.258091 0.619276 0.081380 0.188373
1 0.945031 0.402368 0.083238 0.197812