1 0.940835 0.152174 0.118329 0.071680
1 0.929234 0.215629 0.118329 0.071680
1 0.925754 0.279083 0.120650 0.071680
1 0.916473 0.340188 0.120650 0.069330
1 0.902552 0.408931 0.118329 0.063455
1 0.904872 0.473561 0.122970 0.068155
1 0.907193 0.536428 0.120650 0.062280
1 0.897332 0.594007 0.119490 0.059929
1 0.888051 0.652761 0.119490 0.062280
1 0.887471 0.715041 0.111369 0.057579
1 0.881671 0.774971 0.113689 0.062280
1 0.885441 0.831962 0.110789 0.056404
1 0.882831 0.885429 0.120650 0.059929
1 0.874710 0.940658 0.116009 0.062280
1 0.756961 0.945946 0.112529 0.054054
1 0.761021 0.888954 0.111369 0.055229
1 0.772042 0.831962 0.114849 0.054054
1 0.770302 0.775558 0.113689 0.061105
1 0.769142 0.715041 0.118329 0.059929
1 0.769722 0.649824 0.117169 0.063455
1 0.776972 0.589894 0.117749 0.061105
1 0.784223 0.529965 0.118329 0.063455
1 0.782483 0.467685 0.119490 0.068155
1 0.785383 0.400999 0.118329 0.066392
1 0.797564 0.331375 0.119490 0.070505
1 0.808585 0.261457 0.127610 0.078731
1 0.810615 0.195065 0.125870 0.079906
1 0.688515 0.127203 0.124130 0.073443
1 0.684455 0.192127 0.125290 0.066980
1 0.683875 0.256169 0.121810 0.068155
1 0.676334 0.321387 0.125290 0.074031
1 0.668503 0.393067 0.117749 0.074031
1 0.663283 0.461222 0.117749 0.064630
1 0.667343 0.521739 0.116589 0.061105
1 0.657193 0.582256 0.121810 0.062280
1 0.650232 0.639248 0.114849 0.058754
1 0.652842 0.710928 0.116589 0.065805
1 0.650232 0.770858 0.114849 0.056404
1 0.657193 0.829025 0.119490 0.059929
1 0.646752 0.887192 0.117169 0.058754
1 0.645592 0.945358 0.114849 0.057579
1 0.531323 0.937133 0.113689 0.057579
1 0.414733 0.938308 0.117169 0.059929
1 0.288863 0.937720 0.113689 0.056404
1 0.173434 0.933314 0.114849 0.058167
1 0.175174 0.876028 0.113689 0.059929
1 0.167633 0.819624 0.117169 0.059929
1 0.169664 0.761163 0.110789 0.060517
1 0.172564 0.696827 0.114269 0.068155
1 0.165168 0.629260 0.112819 0.059929
1 0.159658 0.568449 0.107599 0.060517
1 0.170244 0.505435 0.125870 0.064924
1 0.313225 0.032902 0.125290 0.063455
1 0.564385 0.126910 0.124130 0.070505
1 0.428654 0.113984 0.126450 0.068155
1 0.302784 0.109283 0.125290 0.072855
1 0.309165 0.175382 0.119490 0.067568
1 0.435325 0.179788 0.124710 0.068155
1 0.561485 0.191539 0.127610 0.072855
1 0.562645 0.255288 0.122970 0.071093
1 0.549594 0.319036 0.120070 0.071680
1 0.547564 0.393067 0.120650 0.069330
1 0.543213 0.455347 0.118910 0.064630
1 0.545244 0.519683 0.118329 0.060517
1 0.533643 0.577850 0.122970 0.060517
1 0.531323 0.638660 0.120650 0.059929
1 0.535383 0.707403 0.119490 0.065805
1 0.530742 0.767920 0.114849 0.057579
1 0.522622 0.825499 0.119490 0.059929
1 0.527842 0.881316 0.118329 0.056404
1 0.407773 0.877791 0.117169 0.056404
1 0.404292 0.821974 0.114849 0.059929
1 0.291473 0.878966 0.111949 0.058754
1 0.285383 0.821680 0.116009 0.056992
1 0.287703 0.763807 0.116009 0.061105
1 0.292343 0.702115 0.120650 0.071680
1 0.414733 0.700940 0.117169 0.064630
1 0.410673 0.638073 0.116009 0.063455
1 0.291763 0.633079 0.119490 0.059342
1 0.282483 0.570799 0.119490 0.060517
1 0.404292 0.577556 0.117169 0.064630
1 0.422854 0.515864 0.121810 0.061105
1 0.418213 0.452996 0.121810 0.059929
1 0.421114 0.386016 0.122970 0.064630
1 0.426334 0.312573 0.124130 0.072855
1 0.434455 0.246181 0.124130 0.062280
1 0.299884 0.248531 0.126450 0.071680
1 0.300754 0.316392 0.121230 0.067568
1 0.295824 0.384548 0.122970 0.066392
1 0.295824 0.449471 0.120650 0.064630
1 0.298144 0.512338 0.120650 0.063455
1 0.170969 0.442861 0.127320 0.066099
1 0.411253 0.762338 0.119490 0.058167
1 0.170679 0.242656 0.129640 0.068155
1 0.175464 0.172591 0.136311 0.069036
1 0.171839 0.306110 0.131961 0.065805
1 0.167198 0.378378 0.122680 0.069330
1 0.436485 0.052879 0.124710 0.073443
1 0.561920 0.060958 0.117459 0.071974
1 0.707657 0.060958 0.124710 0.074912
1 0.835992 0.060958 0.123260 0.077850
1 0.948376 0.092538 0.101508 0.070505
1 0.825116 0.131463 0.116009 0.077850
1 0.176189 0.099148 0.129060 0.071974