1 0.112397 0.033693 0.132231 0.064690
1 0.253719 0.039757 0.133884 0.068733
1 0.403306 0.037736 0.132231 0.067385
1 0.543802 0.039757 0.132231 0.063342
1 0.679752 0.031671 0.129752 0.057951
1 0.815702 0.043801 0.120661 0.066038
1 0.941322 0.060647 0.117355 0.080863
1 0.941736 0.128032 0.116529 0.070081
1 0.812810 0.114555 0.121488 0.059299
1 0.681818 0.109838 0.130579 0.057951
1 0.541322 0.109164 0.130579 0.059299
1 0.401653 0.107817 0.135537 0.064690
1 0.259504 0.109838 0.135537 0.063342
1 0.109091 0.101752 0.132231 0.074124
1 0.118182 0.171159 0.133884 0.064690
1 0.258678 0.175876 0.133884 0.060647
1 0.404959 0.176550 0.132231 0.061995
1 0.542149 0.173854 0.132231 0.061995
1 0.677686 0.176550 0.128926 0.059299
1 0.809091 0.180593 0.122314 0.061995
1 0.934711 0.189353 0.120661 0.071429
1 0.804959 0.247305 0.122314 0.068733
1 0.931405 0.259434 0.117355 0.071429
1 0.673554 0.242588 0.127273 0.056604
1 0.538017 0.245957 0.130579 0.060647
1 0.389256 0.248652 0.133884 0.060647
1 0.250413 0.249326 0.133884 0.064690
1 0.113223 0.241914 0.133884 0.068733
1 0.100826 0.325472 0.128926 0.068733
1 0.236364 0.329515 0.132231 0.066038
1 0.383471 0.326146 0.132231 0.064690
1 0.524380 0.326146 0.131405 0.061995
1 0.666116 0.320081 0.128926 0.057951
1 0.801653 0.328841 0.122314 0.056604
1 0.925207 0.330863 0.114876 0.063342
1 0.918182 0.395553 0.120661 0.068733
1 0.786777 0.394205 0.122314 0.055256
1 0.516529 0.394879 0.130579 0.061995
1 0.655372 0.392857 0.127273 0.055256
1 0.373140 0.394879 0.131405 0.061995
1 0.231405 0.395553 0.132231 0.063342
1 0.091736 0.390162 0.127273 0.079515
1 0.092562 0.456199 0.128926 0.071429
1 0.231405 0.464286 0.132231 0.060647
1 0.373554 0.460916 0.132231 0.056604
1 0.515702 0.456873 0.128926 0.061995
1 0.652066 0.454178 0.127273 0.061995
1 0.780579 0.454852 0.123140 0.063342
1 0.913223 0.457547 0.120661 0.063342
1 0.782231 0.515499 0.119835 0.060647
1 0.906612 0.522237 0.117355 0.057951
1 0.901653 0.582884 0.120661 0.060647
1 0.892149 0.647574 0.116529 0.066038
1 0.885950 0.709569 0.119008 0.066038
1 0.876446 0.772911 0.113223 0.052561
1 0.872727 0.826819 0.114050 0.052561
1 0.871901 0.886792 0.114050 0.045822
1 0.859504 0.933962 0.105785 0.051213
1 0.734298 0.950809 0.109917 0.049865
1 0.742149 0.890836 0.119008 0.053908
1 0.746281 0.835580 0.120661 0.056604
1 0.751240 0.778302 0.120661 0.055256
1 0.757851 0.715633 0.120661 0.061995
1 0.770248 0.640836 0.120661 0.052561
1 0.777686 0.582884 0.123967 0.055256
1 0.652066 0.517520 0.127273 0.056604
1 0.649587 0.579515 0.125620 0.061995
1 0.642975 0.640836 0.125620 0.060647
1 0.623140 0.710243 0.125620 0.061995
1 0.622314 0.772911 0.123967 0.055256
1 0.621488 0.832884 0.122314 0.051213
1 0.614876 0.894879 0.122314 0.061995
1 0.614463 0.954178 0.123140 0.051213
1 0.485950 0.958221 0.125620 0.051213
1 0.487603 0.903639 0.125620 0.052561
1 0.488430 0.840970 0.123967 0.053908
1 0.491736 0.780323 0.127273 0.053908
1 0.490083 0.717655 0.127273 0.060647
1 0.508264 0.646900 0.127273 0.053908
1 0.509091 0.586927 0.128926 0.057951
1 0.514876 0.520889 0.130579 0.066038
1 0.370248 0.523585 0.132231 0.060647
1 0.371074 0.585580 0.130579 0.060647
1 0.368595 0.650943 0.128926 0.059299
1 0.357851 0.723720 0.127273 0.061995
1 0.356612 0.786388 0.124793 0.057951
1 0.354545 0.847035 0.127273 0.055256
1 0.354545 0.905660 0.127273 0.053908
1 0.359504 0.962938 0.123967 0.052561
1 0.231405 0.964960 0.125620 0.056604
1 0.224793 0.904313 0.125620 0.059299
1 0.223140 0.845013 0.128926 0.053908
1 0.223967 0.784367 0.127273 0.061995
1 0.223967 0.723046 0.130579 0.060647
1 0.230579 0.649596 0.127273 0.061995
1 0.230992 0.588949 0.128099 0.064690
1 0.233058 0.528302 0.132231 0.061995
1 0.091736 0.521563 0.127273 0.070081
1 0.097521 0.583558 0.128926 0.064690
1 0.092149 0.644879 0.131405 0.066038
1 0.076033 0.710916 0.125620 0.074124
1 0.076860 0.778302 0.127273 0.074124
1 0.080165 0.842318 0.123967 0.064690
1 0.090909 0.902965 0.122314 0.072776
1 0.096694 0.959569 0.123967 0.061995