1 0.514028 0.111538 0.142285 0.223077
1 0.657315 0.107692 0.136273 0.215385
1 0.792585 0.115385 0.150301 0.223077
1 0.931864 0.128846 0.136273 0.257692
1 0.934870 0.315385 0.130261 0.146154
1 0.799098 0.288462 0.135271 0.123077
1 0.658317 0.273077 0.138277 0.130769
1 0.512525 0.288462 0.139279 0.138462
1 0.365731 0.315385 0.146293 0.138462
1 0.074148 0.478846 0.132265 0.142308
1 0.212425 0.465385 0.136273 0.146154
1 0.358717 0.461538 0.144289 0.153846
1 0.505010 0.411538 0.136273 0.130769
1 0.645291 0.417308 0.136273 0.134615
1 0.790080 0.426923 0.137275 0.138462
1 0.906814 0.426923 0.090180 0.123077
1 0.913828 0.548077 0.108216 0.142308
1 0.903808 0.682692 0.124248 0.111538
1 0.897796 0.892308 0.120240 0.115385
1 0.896794 0.780769 0.118236 0.115385
1 0.777555 0.853846 0.120240 0.123077
1 0.789078 0.557692 0.135271 0.130769
1 0.536072 0.861538 0.122244 0.138462
1 0.530060 0.646154 0.118236 0.076923
1 0.645291 0.538462 0.140281 0.138462
1 0.505010 0.542308 0.136273 0.130769
1 0.077154 0.611538 0.134269 0.130769
1 0.214429 0.603846 0.136273 0.130769
1 0.358717 0.600000 0.144289 0.138462
1 0.417836 0.734615 0.114228 0.130769
1 0.359299 0.182692 0.143146 0.134615
1 0.147796 0.079692 0.169619 0.159308
1 0.152806 0.250000 0.162465 0.170308
1 0.076573 0.333769 0.127395 0.134615
1 0.080160 0.208769 0.131683 0.115385
1 0.650942 0.652462 0.113808 0.090692
1 0.652725 0.739000 0.114509 0.093385
1 0.654890 0.861231 0.110220 0.140077
1 0.776192 0.741769 0.113808 0.087923
1 0.774048 0.641462 0.119519 0.096154
1 0.179639 0.884615 0.117375 0.104385
1 0.179279 0.763769 0.109499 0.104385
1 0.302024 0.879154 0.114509 0.120846
1 0.299519 0.758231 0.116653 0.093385
1 0.418697 0.872231 0.113086 0.134615
1 0.536573 0.734615 0.117234 0.115385