1 0.801245 0.064596 0.136973 0.062130
1 0.935345 0.087278 0.129310 0.056213
1 0.936782 0.037475 0.126437 0.049310
1 0.931513 0.132643 0.127395 0.048323
1 0.791188 0.165187 0.137931 0.054241
1 0.931034 0.178501 0.130268 0.047337
1 0.648946 0.161243 0.136973 0.042406
1 0.509579 0.159270 0.141762 0.042406
1 0.367816 0.152367 0.137931 0.048323
1 0.222222 0.150394 0.141762 0.048323
1 0.083812 0.144477 0.133142 0.052268
1 0.080939 0.193787 0.131226 0.056213
1 0.076628 0.240631 0.134100 0.049310
1 0.216475 0.244576 0.137931 0.045365
1 0.356322 0.248028 0.137931 0.042406
1 0.502395 0.250986 0.135057 0.044379
1 0.641762 0.254931 0.134100 0.044379
1 0.780172 0.251972 0.135057 0.050296
1 0.927682 0.222880 0.131226 0.049310
1 0.789272 0.207594 0.137931 0.052268
1 0.649425 0.205621 0.137931 0.044379
1 0.508621 0.207101 0.139847 0.041420
1 0.366379 0.202663 0.138889 0.042406
1 0.219828 0.198225 0.136973 0.047337
1 0.082854 0.286982 0.133142 0.051282
1 0.078065 0.334320 0.129310 0.055227
1 0.077107 0.377219 0.127395 0.056213
1 0.078065 0.419625 0.129310 0.054241
1 0.078544 0.463511 0.126437 0.053254
1 0.077107 0.507396 0.127395 0.052268
1 0.072797 0.556706 0.126437 0.060158
1 0.076628 0.599606 0.130268 0.053254
1 0.076628 0.640039 0.126437 0.051282
1 0.077107 0.682446 0.127395 0.053254
1 0.078544 0.723866 0.130268 0.049310
1 0.080460 0.763314 0.122605 0.049310
1 0.091954 0.805227 0.126437 0.052268
1 0.092912 0.850099 0.124521 0.041420
1 0.100575 0.886095 0.124521 0.044379
1 0.106322 0.925049 0.124521 0.045365
1 0.110153 0.959566 0.124521 0.047337
1 0.237548 0.967456 0.126437 0.035503
1 0.365900 0.972387 0.126437 0.037475
1 0.491379 0.972387 0.124521 0.037475
1 0.621648 0.971893 0.124521 0.034517
1 0.750958 0.973373 0.126437 0.035503
1 0.875479 0.972387 0.122605 0.035503
1 0.881226 0.938363 0.122605 0.036489
1 0.755268 0.936884 0.123563 0.037475
1 0.621169 0.935404 0.127395 0.036489
1 0.491858 0.934418 0.125479 0.034517
1 0.361590 0.933432 0.125479 0.040434
1 0.233716 0.931953 0.126437 0.035503
1 0.227490 0.892998 0.125479 0.042406
1 0.362069 0.898422 0.126437 0.039448
1 0.492816 0.896943 0.127395 0.038462
1 0.624521 0.897929 0.126437 0.036489
1 0.753352 0.896943 0.123563 0.042406
1 0.882184 0.899408 0.122605 0.035503
1 0.886015 0.861933 0.124521 0.039448
1 0.754310 0.859467 0.125479 0.042406
1 0.759579 0.821992 0.128352 0.042406
1 0.887931 0.821499 0.124521 0.041420
1 0.744732 0.779586 0.125479 0.036489
1 0.884100 0.781558 0.128352 0.040434
1 0.757663 0.739645 0.128352 0.041420
1 0.886494 0.740631 0.125479 0.039448
1 0.887452 0.702170 0.123563 0.037475
1 0.758142 0.699211 0.125479 0.039448
1 0.761973 0.658284 0.131226 0.038462
1 0.889847 0.661736 0.120690 0.039448
1 0.892720 0.620316 0.124521 0.039448
1 0.761015 0.618836 0.131226 0.040434
1 0.766284 0.573471 0.134100 0.046351
1 0.898467 0.578895 0.126437 0.043393
1 0.896552 0.531558 0.130268 0.043393
1 0.765326 0.526134 0.132184 0.042406
1 0.772031 0.481755 0.134100 0.044379
1 0.906609 0.486193 0.129310 0.051282
1 0.773946 0.439349 0.134100 0.046351
1 0.909483 0.446746 0.127395 0.051282
1 0.915709 0.400888 0.134100 0.048323
1 0.778257 0.399408 0.131226 0.047337
1 0.773467 0.354536 0.133142 0.050296
1 0.786398 0.307199 0.136015 0.054241
1 0.922414 0.312623 0.132184 0.051282
1 0.920019 0.264793 0.138889 0.052268
1 0.780172 0.251972 0.135057 0.050296
1 0.646552 0.305227 0.139847 0.046351
1 0.635536 0.348126 0.133142 0.043393
1 0.639368 0.392998 0.136973 0.040434
1 0.633142 0.435404 0.132184 0.042406
1 0.630747 0.478304 0.135057 0.043393
1 0.627395 0.520217 0.132184 0.046351
1 0.625479 0.570020 0.132184 0.041420
1 0.624521 0.613412 0.134100 0.037475
1 0.624521 0.652860 0.134100 0.039448
1 0.623563 0.693787 0.132184 0.038462
1 0.624042 0.734221 0.133142 0.036489
1 0.613506 0.775148 0.127395 0.039448
1 0.626437 0.821006 0.126437 0.040434
1 0.625479 0.859961 0.128352 0.037475
1 0.226054 0.856016 0.126437 0.041420
1 0.356322 0.858481 0.126437 0.036489
1 0.494253 0.859961 0.130268 0.037475
1 0.495211 0.819527 0.128352 0.043393
1 0.353448 0.817061 0.128352 0.044379
1 0.222222 0.815582 0.126437 0.043393
1 0.211686 0.771203 0.128352 0.041420
1 0.346743 0.772682 0.130268 0.038462
1 0.480843 0.772682 0.134100 0.038462
1 0.483238 0.733235 0.131226 0.038462
1 0.346743 0.732249 0.130268 0.040434
1 0.213602 0.732742 0.128352 0.043393
1 0.214559 0.691321 0.130268 0.043393
1 0.349617 0.693294 0.132184 0.039448
1 0.485632 0.693787 0.136015 0.038462
1 0.483716 0.654339 0.132184 0.038462
1 0.347222 0.651874 0.131226 0.039448
1 0.211686 0.649901 0.132184 0.043393
1 0.209770 0.608481 0.132184 0.047337
1 0.350096 0.611440 0.133142 0.045365
1 0.486111 0.611933 0.133142 0.044379
1 0.209770 0.561637 0.132184 0.050296
1 0.348659 0.568540 0.137931 0.044379
1 0.488985 0.568047 0.131226 0.045365
1 0.490421 0.520217 0.137931 0.046351
1 0.349617 0.521696 0.136015 0.043393
1 0.211686 0.515779 0.132184 0.047337
1 0.213602 0.472880 0.132184 0.046351
1 0.351533 0.476824 0.132184 0.042406
1 0.490900 0.476824 0.135057 0.046351
1 0.496169 0.434418 0.137931 0.048323
1 0.355364 0.432939 0.132184 0.043393
1 0.217912 0.431953 0.133142 0.045365
1 0.213602 0.386588 0.136015 0.045365
1 0.354406 0.390533 0.134100 0.041420
1 0.497126 0.391519 0.139847 0.043393
1 0.494732 0.347140 0.135057 0.041420
1 0.354406 0.345661 0.137931 0.048323
1 0.213602 0.339744 0.134100 0.052268
1 0.222222 0.296844 0.134100 0.047337
1 0.365900 0.300296 0.134100 0.044379
1 0.505747 0.300296 0.137931 0.044379
1 0.919540 0.357495 0.137931 0.048323
1 0.795077 0.115878 0.138851 0.047278
1 0.223410 0.104911 0.142222 0.046114
1 0.079502 0.096844 0.136628 0.048422
1 0.649502 0.113567 0.138859 0.044966
1 0.369544 0.104920 0.138859 0.046119
1 0.510643 0.113567 0.136619 0.044966