1 0.494715 0.549738 0.198732 0.125654
1 0.294926 0.558901 0.192389 0.133508
1 0.108879 0.565490 0.175476 0.130800
1 0.105672 0.686767 0.173434 0.113378
1 0.107130 0.803665 0.170518 0.120419
1 0.290698 0.807592 0.192389 0.112565
1 0.295983 0.922775 0.190275 0.123037
1 0.292812 0.688482 0.196617 0.120419
1 0.491543 0.671466 0.196617 0.117801
1 0.495772 0.793194 0.196617 0.120419
1 0.490486 0.912304 0.194503 0.117801
1 0.683932 0.917539 0.192389 0.107330
1 0.693975 0.803665 0.191332 0.115183
1 0.694503 0.689791 0.196617 0.112565
1 0.698732 0.565445 0.192389 0.120419
1 0.695560 0.433246 0.198732 0.143979
1 0.904863 0.069372 0.190275 0.138743
1 0.892178 0.202880 0.190275 0.123037
1 0.894292 0.327225 0.186047 0.115183
1 0.890063 0.454188 0.186047 0.117801
1 0.893235 0.575916 0.183932 0.130890
1 0.886892 0.812827 0.183932 0.123037
1 0.886892 0.691099 0.183932 0.125654
1 0.872093 0.925393 0.183932 0.123037
1 0.111759 0.928010 0.173945 0.128272
1 0.106073 0.443221 0.171320 0.131793
1 0.293067 0.432389 0.196836 0.117350
1 0.496464 0.436902 0.196836 0.122766
1 0.712984 0.074021 0.193920 0.115544
1 0.699861 0.195884 0.191004 0.113739
1 0.704965 0.319552 0.195378 0.126377