1 0.084860 0.420221 0.081003 0.069510
1 0.089200 0.490126 0.080039 0.070300
1 0.094503 0.557267 0.079074 0.071880
1 0.087271 0.629937 0.078110 0.075039
1 0.088235 0.702212 0.078110 0.078989
1 0.092575 0.766983 0.077146 0.066351
1 0.089682 0.828989 0.077146 0.071880
1 0.091610 0.900079 0.079074 0.078199
1 0.417875 0.921178 0.071675 0.069071
1 0.421439 0.854594 0.077083 0.071223
1 0.421955 0.788293 0.071230 0.071124
1 0.503857 0.921011 0.081967 0.064771
1 0.501446 0.856240 0.081003 0.064771
1 0.503375 0.790284 0.080039 0.073460
1 0.508197 0.723539 0.081003 0.067930
1 0.509643 0.656398 0.080039 0.069510
1 0.513983 0.579779 0.081003 0.071090
1 0.509884 0.509084 0.081485 0.073460
1 0.508920 0.441548 0.078592 0.069510
1 0.510366 0.371643 0.081485 0.076619
1 0.691900 0.221169 0.083896 0.075829
1 0.779171 0.235782 0.086789 0.079779
1 0.779171 0.234992 0.086789 0.081359
1 0.864995 0.246840 0.084860 0.076619
1 0.946962 0.108215 0.082932 0.072670
1 0.949373 0.039100 0.081967 0.078199
1 0.679364 0.304502 0.083896 0.078199
1 0.768563 0.312796 0.090646 0.086888
1 0.852218 0.325039 0.079556 0.075039
1 0.931533 0.332938 0.081003 0.075039
1 0.848120 0.396130 0.083896 0.071880
1 0.936355 0.409558 0.086789 0.073460
1 0.682015 0.377172 0.079556 0.071880
1 0.765911 0.387441 0.081485 0.076619
1 0.597396 0.375592 0.081967 0.068720
1 0.597878 0.445103 0.082932 0.068720
1 0.594262 0.515403 0.081485 0.073460
1 0.596914 0.585703 0.081003 0.071880
1 0.593057 0.662717 0.081003 0.069510
1 0.590405 0.729858 0.080521 0.064771
1 0.585342 0.793444 0.080039 0.067141
1 0.585101 0.859400 0.081485 0.071090
1 0.586307 0.929305 0.081003 0.063981
1 0.667310 0.929305 0.077146 0.070300
1 0.666586 0.867299 0.081485 0.064771
1 0.668274 0.801738 0.084860 0.066351
1 0.671890 0.734992 0.079556 0.073460
1 0.676230 0.667457 0.080521 0.069510
1 0.682980 0.591627 0.082449 0.069510
1 0.678158 0.518562 0.080521 0.070300
1 0.682257 0.449447 0.083896 0.072670
1 0.767117 0.458926 0.083896 0.075829
1 0.763018 0.528041 0.084378 0.079779
1 0.763742 0.599526 0.081003 0.072670
1 0.758197 0.671801 0.082449 0.073460
1 0.757473 0.738942 0.083896 0.071880
1 0.754098 0.801343 0.080039 0.067141
1 0.749277 0.870063 0.079074 0.065561
1 0.746384 0.936019 0.081003 0.063191
1 0.908390 0.952212 0.081003 0.065561
1 0.826905 0.949842 0.078110 0.063981
1 0.831485 0.883491 0.078592 0.075039
1 0.914417 0.887441 0.080521 0.068720
1 0.913934 0.821880 0.080521 0.067141
1 0.833414 0.813981 0.076663 0.065561
1 0.839682 0.750395 0.081485 0.071090
1 0.919479 0.756319 0.081967 0.068720
1 0.918756 0.689179 0.079556 0.073460
1 0.841128 0.682070 0.080521 0.071880
1 0.845950 0.608215 0.080521 0.067930
1 0.928640 0.613744 0.086789 0.069510
1 0.928640 0.545419 0.081003 0.076619
1 0.847396 0.539100 0.082449 0.070300
1 0.852459 0.469589 0.084860 0.076619
1 0.934908 0.481043 0.081967 0.078989
1 0.424607 0.722386 0.076534 0.071815
1 0.428511 0.654779 0.075738 0.066285
1 0.172009 0.411331 0.091367 0.073848
1 0.178878 0.491085 0.089675 0.072217
1 0.182821 0.557556 0.086953 0.066139
1 0.177706 0.637674 0.098903 0.077875
1 0.177758 0.703525 0.098799 0.067398
1 0.180013 0.770446 0.097731 0.071698
1 0.859122 0.102686 0.082406 0.078989
1 0.950294 0.186701 0.080652 0.068936
1 0.949417 0.263536 0.078899 0.081861
1 0.855615 0.175930 0.077146 0.078989
1 0.770141 0.162286 0.079776 0.071808
1 0.687736 0.150797 0.078022 0.071808
1 0.601823 0.214706 0.088542 0.081861
1 0.591742 0.300158 0.078899 0.068936
1 0.509775 0.299440 0.083282 0.073244
1 0.075392 0.274307 0.075392 0.074680
1 0.085474 0.347551 0.079776 0.068936
1 0.178945 0.261692 0.103309 0.096843
1 0.174160 0.342544 0.095669 0.073282
1 0.175177 0.836043 0.091915 0.070190
1 0.172699 0.905333 0.083103 0.069750
1 0.027001 0.818325 0.054002 0.137441
1 0.428204 0.575317 0.075125 0.073694