1 0.354751 0.402230 0.094118 0.092624
1 0.260633 0.406089 0.094118 0.112350
1 0.468778 0.236278 0.095928 0.095197
1 0.463348 0.426244 0.094118 0.092624
1 0.559276 0.439966 0.094118 0.096055
1 0.552715 0.345626 0.094570 0.096055
1 0.565837 0.253002 0.096380 0.092624
1 0.666063 0.159949 0.095928 0.100343
1 0.665158 0.257719 0.094118 0.093482
1 0.656109 0.350343 0.097738 0.096913
1 0.655430 0.441252 0.095475 0.093482
1 0.657014 0.549314 0.095928 0.103774
1 0.652036 0.643654 0.091403 0.090051
1 0.645701 0.732419 0.095023 0.090909
1 0.648416 0.819897 0.093213 0.087479
1 0.651584 0.905660 0.092308 0.090909
1 0.743665 0.922384 0.090950 0.088336
1 0.830769 0.930103 0.090498 0.086621
1 0.923529 0.919811 0.095023 0.107204
1 0.742760 0.830617 0.093665 0.096913
1 0.833032 0.840909 0.087783 0.086621
1 0.929864 0.839194 0.100452 0.093482
1 0.933710 0.756861 0.089140 0.083190
1 0.843891 0.753859 0.091403 0.085763
1 0.750679 0.741852 0.098643 0.092624
1 0.747738 0.649657 0.090950 0.088336
1 0.749321 0.557033 0.094118 0.102058
1 0.747964 0.446398 0.093213 0.093482
1 0.754299 0.356346 0.096833 0.098628
1 0.763575 0.263722 0.094570 0.095197
1 0.761991 0.170669 0.095928 0.102916
1 0.855656 0.284305 0.095023 0.102058
1 0.951131 0.303602 0.097738 0.101201
1 0.849095 0.376072 0.094570 0.096913
1 0.944570 0.388079 0.095475 0.100343
1 0.936199 0.477273 0.096833 0.100343
1 0.842534 0.468696 0.093213 0.096913
1 0.843213 0.566467 0.092760 0.095197
1 0.936199 0.573756 0.087783 0.085763
1 0.931448 0.665952 0.090045 0.096913
1 0.841629 0.665523 0.092308 0.094340
1 0.559729 0.536449 0.095023 0.098628
1 0.556561 0.631647 0.094118 0.093482
1 0.550226 0.722985 0.094118 0.094340
1 0.552489 0.812178 0.093213 0.085763
1 0.557014 0.904374 0.095023 0.103774
1 0.457692 0.900943 0.091855 0.090051
1 0.461538 0.810892 0.092308 0.095197
1 0.456335 0.722985 0.090950 0.089194
1 0.459955 0.630789 0.093665 0.095197
1 0.270136 0.512436 0.091403 0.112350
1 0.271041 0.615780 0.091403 0.090909
1 0.363575 0.627358 0.090045 0.098628
1 0.361538 0.718268 0.091403 0.095197
1 0.263801 0.701973 0.093213 0.090051
1 0.274661 0.794168 0.091403 0.094340
1 0.368326 0.807461 0.090498 0.091767
1 0.366063 0.895369 0.091403 0.090909
1 0.273303 0.881647 0.089593 0.094340
1 0.171569 0.411092 0.082202 0.098914
1 0.182748 0.506745 0.070702 0.103147
1 0.183839 0.605725 0.075760 0.107590
1 0.181124 0.700921 0.070331 0.099015
1 0.183480 0.790138 0.076479 0.092109
1 0.182854 0.876452 0.079541 0.087576
1 0.950603 0.102916 0.086727 0.102916
1 0.952112 0.211549 0.085219 0.105775
1 0.856335 0.190823 0.092760 0.107204
1 0.766968 0.072184 0.093514 0.121498
1 0.861614 0.078616 0.089744 0.102916
1 0.671192 0.069325 0.093514 0.098628
1 0.565611 0.158662 0.093514 0.094340
1 0.368401 0.529588 0.094268 0.104345
1 0.463424 0.543168 0.092760 0.102916
1 0.456931 0.335246 0.099942 0.106298