1 0.477971 0.257426 0.140369 0.207921
1 0.918545 0.381188 0.138320 0.237624
1 0.927254 0.623762 0.145492 0.207921
1 0.773049 0.576997 0.144459 0.233202
1 0.772541 0.834158 0.151639 0.222772
1 0.917192 0.855618 0.141025 0.245775
1 0.620902 0.853960 0.147541 0.232673
1 0.621926 0.568643 0.145492 0.236297
1 0.471484 0.583122 0.143787 0.219895
1 0.465676 0.824257 0.144467 0.242574
1 0.315135 0.852192 0.142564 0.226308
1 0.325986 0.556931 0.143109 0.222772
1 0.177840 0.569661 0.147834 0.227016
1 0.173595 0.821075 0.136417 0.248939
1 0.174912 0.295262 0.134660 0.222772
1 0.327137 0.309406 0.141979 0.201556
1 0.623170 0.314710 0.135392 0.198020
1 0.772834 0.342999 0.144906 0.212164
1 0.924327 0.132603 0.139052 0.208628