1 0.223938 0.405303 0.131274 0.128788
1 0.503861 0.371212 0.135135 0.136364
1 0.793919 0.883178 0.132239 0.114840
1 0.793919 0.753788 0.136100 0.151515
1 0.789377 0.601588 0.130877 0.130158
1 0.791506 0.465909 0.135135 0.136364
1 0.651544 0.482955 0.129344 0.125000
1 0.653475 0.604167 0.133205 0.140152
1 0.657336 0.736742 0.133205 0.117424
1 0.658301 0.850379 0.131274 0.132576
1 0.525097 0.873106 0.131274 0.132576
1 0.524131 0.750000 0.133205 0.113636
1 0.517375 0.630682 0.135135 0.117424
1 0.516903 0.493696 0.134191 0.138907
1 0.372104 0.522727 0.134170 0.151515
1 0.377413 0.664773 0.133205 0.125000
1 0.380309 0.780303 0.135135 0.121212
1 0.383205 0.916667 0.133205 0.136364
1 0.245656 0.909091 0.132239 0.113636
1 0.241313 0.780303 0.131274 0.136364
1 0.243243 0.653409 0.131274 0.125000
1 0.238417 0.532197 0.129344 0.132576
1 0.068282 0.290379 0.126564 0.115076
1 0.072220 0.416667 0.125849 0.137500
1 0.094730 0.551364 0.125116 0.126288
1 0.096525 0.673409 0.132992 0.112197
1 0.111178 0.808106 0.126564 0.112197
1 0.114402 0.932955 0.127278 0.109394
1 0.220212 0.272197 0.131564 0.129091
1 0.356776 0.252500 0.128707 0.117879
1 0.360000 0.375985 0.127992 0.117879
1 0.502645 0.239924 0.134421 0.126288
1 0.649228 0.213258 0.127278 0.123485
1 0.651718 0.340909 0.130849 0.115076
1 0.797220 0.210455 0.124402 0.129091
1 0.792587 0.342348 0.132278 0.106591
1 0.937722 0.037879 0.123687 0.075758
1 0.936293 0.133258 0.125116 0.109394
1 0.931293 0.272197 0.130849 0.129091
1 0.929865 0.388636 0.126564 0.109394
1 0.936873 0.537348 0.126274 0.137500
1 0.934498 0.670606 0.127278 0.117879
1 0.933996 0.802500 0.131988 0.129091
1 0.935444 0.944697 0.129131 0.110530