1 0.312933 0.109944 0.198614 0.141457
1 0.512125 0.156162 0.199769 0.127451
1 0.711894 0.175770 0.199769 0.121849
1 0.897806 0.227591 0.172055 0.147059
1 0.893187 0.330532 0.178984 0.137255
1 0.705543 0.285014 0.193995 0.121849
1 0.508083 0.252801 0.200924 0.124650
1 0.308891 0.221989 0.197460 0.124650
1 0.114896 0.185574 0.185912 0.119048
1 0.302540 0.327031 0.200924 0.133053
1 0.503176 0.353641 0.199192 0.124650
1 0.699769 0.391457 0.191686 0.127451
1 0.883949 0.425770 0.178984 0.109244
1 0.723008 0.525210 0.196594 0.117647
1 0.524827 0.483894 0.199769 0.127451
1 0.325635 0.453081 0.196305 0.133053
1 0.129908 0.419468 0.188222 0.138655
1 0.124134 0.520308 0.185912 0.127451
1 0.120092 0.629552 0.187067 0.127451
1 0.120092 0.734594 0.184758 0.130252
1 0.119515 0.827031 0.181293 0.130252
1 0.310046 0.869048 0.195150 0.124650
1 0.311201 0.765406 0.192841 0.119048
1 0.314665 0.661765 0.195150 0.113445
1 0.318129 0.556723 0.197460 0.116246
1 0.524827 0.483894 0.199769 0.127451
1 0.518476 0.585434 0.198614 0.117647
1 0.513279 0.682773 0.202079 0.121849
1 0.513279 0.786415 0.199769 0.116246
1 0.502887 0.892857 0.195150 0.110644
1 0.705398 0.936450 0.189665 0.118697
1 0.883372 0.953782 0.173210 0.092437
1 0.891455 0.861345 0.173210 0.106443
1 0.898383 0.769608 0.173210 0.116246
1 0.900115 0.669468 0.174365 0.092437
1 0.910508 0.556022 0.178984 0.134454
1 0.715935 0.623950 0.196305 0.121849
1 0.713048 0.719188 0.195150 0.116246
1 0.710739 0.816527 0.192841 0.117647
1 0.110855 0.283613 0.187067 0.119048