1 0.373742 0.033120 0.130034 0.066239
1 0.375839 0.106838 0.130872 0.081197
1 0.538171 0.128205 0.131711 0.089744
1 0.537752 0.044872 0.129195 0.076923
1 0.760906 0.117521 0.139262 0.094017
1 0.760067 0.200855 0.134228 0.098291
1 0.905201 0.148504 0.152685 0.091880
1 0.904362 0.231838 0.151007 0.096154
1 0.938758 0.329060 0.122483 0.089744
1 0.803272 0.307692 0.145134 0.098291
1 0.802852 0.395299 0.145973 0.102564
1 0.938758 0.417735 0.122483 0.108974
1 0.657718 0.273504 0.137584 0.081197
1 0.378356 0.223116 0.134228 0.105051
1 0.239094 0.217949 0.132550 0.089744
1 0.114513 0.190171 0.119966 0.076923
1 0.111577 0.270299 0.119128 0.087607
1 0.239513 0.303419 0.130034 0.081197
1 0.375839 0.313034 0.137584 0.096154
1 0.515520 0.334402 0.131711 0.096154
1 0.656879 0.346154 0.137584 0.132479
1 0.930369 0.516475 0.132550 0.092780
1 0.792785 0.487179 0.135906 0.098291
1 0.929500 0.606838 0.130933 0.081197
1 0.790688 0.569444 0.138423 0.104701
1 0.932886 0.701923 0.134228 0.096154
1 0.794463 0.670940 0.139262 0.098291
1 0.932886 0.789530 0.134228 0.083333
1 0.920262 0.881410 0.129114 0.087607
1 0.921980 0.961538 0.132550 0.076923
1 0.778523 0.959402 0.147651 0.081197
1 0.782718 0.875000 0.145973 0.117521
1 0.792366 0.764957 0.136745 0.098291
1 0.633809 0.925214 0.136745 0.094017
1 0.633809 0.830128 0.140101 0.113248
1 0.648490 0.736111 0.145973 0.104701
1 0.649329 0.647436 0.147651 0.111111
1 0.650587 0.551282 0.136745 0.089744
1 0.653523 0.463675 0.135906 0.102564
1 0.513423 0.439103 0.140940 0.108974
1 0.510487 0.524573 0.138423 0.100427
1 0.504614 0.612179 0.136745 0.104701
1 0.504195 0.702991 0.139262 0.094017
1 0.492450 0.817308 0.135906 0.113248
1 0.492030 0.914530 0.138423 0.089744
1 0.348993 0.861111 0.137584 0.094017
1 0.349832 0.778846 0.139262 0.087607
1 0.361577 0.681624 0.135906 0.094017
1 0.361997 0.588675 0.136745 0.108974
1 0.368289 0.489316 0.135906 0.102564
1 0.372064 0.399573 0.138423 0.085470
1 0.233641 0.385684 0.131711 0.104701
1 0.232802 0.474359 0.130034 0.089744
1 0.224413 0.563034 0.136745 0.108974
1 0.223993 0.653846 0.132550 0.089744
1 0.214346 0.736111 0.130034 0.104701
1 0.213926 0.831197 0.129195 0.094017
1 0.074664 0.793803 0.145973 0.091880
1 0.075084 0.700855 0.146812 0.111111
1 0.089765 0.626068 0.129195 0.094017
1 0.092701 0.539530 0.131711 0.113248
1 0.099832 0.436966 0.129195 0.096154
1 0.101091 0.358974 0.128356 0.089744
1 0.517581 0.244333 0.132040 0.079896