1 0.868041 0.179924 0.235052 0.083333
1 0.628866 0.178030 0.235052 0.090909
1 0.379381 0.176136 0.235052 0.090909
1 0.150515 0.184659 0.226804 0.111742
1 0.164433 0.275568 0.223711 0.096591
1 0.394330 0.258523 0.225773 0.107955
1 0.639691 0.267992 0.229897 0.089015
1 0.881443 0.267045 0.228866 0.083333
1 0.873196 0.357008 0.228866 0.096591
1 0.639175 0.354167 0.226804 0.090909
1 0.404124 0.355114 0.235052 0.096591
1 0.165979 0.363636 0.224742 0.106061
1 0.168041 0.451705 0.220619 0.096591
1 0.397938 0.444129 0.230928 0.081439
1 0.630928 0.433712 0.230928 0.094697
1 0.877320 0.439394 0.228866 0.098485
1 0.849485 0.529356 0.226804 0.085227
1 0.619588 0.527462 0.228866 0.092803
1 0.388660 0.530303 0.228866 0.079545
1 0.164948 0.535985 0.222680 0.087121
1 0.182474 0.623106 0.224742 0.087121
1 0.411340 0.622159 0.228866 0.092803
1 0.641237 0.610795 0.230928 0.085227
1 0.869072 0.615530 0.220619 0.083333
1 0.873196 0.701705 0.224742 0.073864
1 0.642268 0.700758 0.228866 0.079545
1 0.391753 0.714962 0.226804 0.077652
1 0.164948 0.711174 0.222680 0.089015
1 0.181443 0.791667 0.218557 0.079545
1 0.176289 0.866477 0.220619 0.096591
1 0.185567 0.952652 0.210309 0.083333
1 0.405155 0.953598 0.216495 0.070076
1 0.411340 0.876894 0.224742 0.075758
1 0.406186 0.792614 0.226804 0.085227
1 0.638144 0.778409 0.224742 0.079545
1 0.641237 0.857955 0.226804 0.079545
1 0.869072 0.865530 0.220619 0.075758
1 0.865979 0.780303 0.222680 0.075758
1 0.864948 0.941288 0.220619 0.079545
1 0.630928 0.941288 0.226804 0.079545
1 0.882639 0.090341 0.229979 0.101970
1 0.643938 0.079394 0.234742 0.097614
1 0.369938 0.087386 0.237113 0.084508
1 0.120144 0.098333 0.232351 0.091780