1 0.806452 0.183511 0.116935 0.083333
1 0.686492 0.174645 0.118952 0.086879
1 0.559476 0.172872 0.114919 0.083333
1 0.439516 0.183511 0.116935 0.083333
1 0.319556 0.183511 0.114919 0.083333
1 0.078629 0.270390 0.104839 0.086879
1 0.195565 0.271277 0.116935 0.081560
1 0.315524 0.270390 0.114919 0.079787
1 0.442540 0.269504 0.118952 0.085106
1 0.561492 0.265957 0.114919 0.085106
1 0.687500 0.261525 0.116935 0.083333
1 0.807460 0.269504 0.114919 0.081560
1 0.923387 0.358156 0.112903 0.078014
1 0.925403 0.272163 0.112903 0.083333
1 0.923891 0.437943 0.113911 0.081560
1 0.923387 0.522163 0.112903 0.086879
1 0.923387 0.609929 0.112903 0.085106
1 0.926411 0.692376 0.110887 0.083333
1 0.927419 0.773050 0.112903 0.088652
1 0.815020 0.937057 0.113911 0.072695
1 0.812910 0.860259 0.121788 0.086906
1 0.805948 0.773050 0.111895 0.078014
1 0.809476 0.693262 0.114919 0.081560
1 0.807460 0.608156 0.114919 0.081560
1 0.805444 0.522163 0.114919 0.079787
1 0.804435 0.441489 0.116935 0.078014
1 0.805948 0.356383 0.115927 0.085106
1 0.683468 0.349291 0.116935 0.085106
1 0.683972 0.522163 0.113911 0.079787
1 0.683972 0.432624 0.113911 0.081560
1 0.686492 0.608156 0.114919 0.081560
1 0.690524 0.692376 0.114919 0.079787
1 0.691532 0.775709 0.112903 0.083333
1 0.688004 0.853723 0.113911 0.079787
1 0.696573 0.932624 0.114919 0.078014
1 0.581653 0.936170 0.114919 0.078014
1 0.573589 0.858156 0.110887 0.074468
1 0.573085 0.778369 0.113911 0.081560
1 0.573589 0.698582 0.114919 0.078014
1 0.568548 0.620567 0.112903 0.078014
1 0.565524 0.535461 0.118952 0.092199
1 0.565524 0.445035 0.114919 0.081560
1 0.551915 0.353723 0.115927 0.090426
1 0.432460 0.358156 0.114919 0.081560
1 0.448589 0.443262 0.114919 0.085106
1 0.440524 0.530142 0.114919 0.081560
1 0.451613 0.622340 0.116935 0.081560
1 0.457661 0.706560 0.116935 0.079787
1 0.450101 0.789894 0.113911 0.076241
1 0.457157 0.868794 0.111895 0.081560
1 0.352823 0.939716 0.108871 0.074468
1 0.467742 0.945035 0.112903 0.078014
1 0.342742 0.861702 0.112903 0.074468
1 0.336694 0.785461 0.112903 0.074468
1 0.338710 0.704787 0.116935 0.076241
1 0.332661 0.623227 0.110887 0.083333
1 0.324597 0.524823 0.112903 0.088652
1 0.332157 0.441489 0.113911 0.085106
1 0.315524 0.356383 0.110887 0.085106
1 0.203629 0.353723 0.112903 0.083333
1 0.088710 0.355496 0.108871 0.079787
1 0.203629 0.440603 0.112903 0.079787
1 0.094758 0.437057 0.104839 0.079787
1 0.096774 0.523050 0.104839 0.085106
1 0.210685 0.523936 0.114919 0.083333
1 0.215726 0.622340 0.108871 0.085106
1 0.107863 0.617908 0.106855 0.079787
1 0.111895 0.698582 0.106855 0.081560
1 0.224798 0.702128 0.110887 0.081560
1 0.224798 0.781915 0.110887 0.074468
1 0.116935 0.778369 0.108871 0.078014
1 0.120968 0.858156 0.108871 0.081560
1 0.131048 0.936170 0.104839 0.074468
1 0.241431 0.939716 0.107863 0.070922
1 0.230847 0.859929 0.110887 0.078014
1 0.923219 0.087175 0.120968 0.082742
1 0.802681 0.087163 0.118448 0.088652
1 0.680020 0.079043 0.116774 0.078298
1 0.559476 0.078298 0.117601 0.088652
1 0.408690 0.082021 0.113407 0.081277
1 0.289395 0.087908 0.120121 0.078298
1 0.197843 0.184681 0.108367 0.076844
1 0.079375 0.186170 0.110040 0.067979
1 0.041996 0.109326 0.082319 0.094574
1 0.157923 0.083475 0.114254 0.093085
1 0.919012 0.863617 0.107520 0.078298
1 0.924899 0.183936 0.107520 0.084220
1 0.941700 0.949320 0.112567 0.087175