1 0.937129 0.143293 0.125743 0.064024
1 0.802970 0.146341 0.136634 0.070122
1 0.662376 0.136433 0.136634 0.071646
1 0.524752 0.130335 0.138614 0.071646
1 0.381188 0.132622 0.136634 0.067073
1 0.225743 0.128049 0.134653 0.064024
1 0.090099 0.122713 0.124752 0.074695
1 0.091089 0.189024 0.134653 0.070122
1 0.228713 0.195122 0.136634 0.060976
1 0.367327 0.198933 0.136634 0.062500
1 0.509901 0.200457 0.136634 0.071646
1 0.649505 0.205030 0.138614 0.062500
1 0.791089 0.211890 0.132673 0.060976
1 0.930693 0.209604 0.130693 0.065549
1 0.931683 0.276677 0.132673 0.065549
1 0.795050 0.275915 0.132673 0.067073
1 0.655446 0.270579 0.134653 0.065549
1 0.517822 0.272104 0.136634 0.062500
1 0.375743 0.266768 0.133663 0.064024
1 0.235644 0.261433 0.134653 0.071646
1 0.090099 0.258384 0.136634 0.077744
1 0.096040 0.330030 0.128713 0.074695
1 0.231683 0.335366 0.130693 0.064024
1 0.368317 0.338415 0.134653 0.067073
1 0.507426 0.336890 0.131683 0.067073
1 0.647525 0.345274 0.134653 0.062500
1 0.783168 0.346037 0.132673 0.060976
1 0.918812 0.348323 0.130693 0.062500
1 0.927723 0.410823 0.128713 0.059451
1 0.788614 0.411585 0.127723 0.060976
1 0.652475 0.413110 0.132673 0.060976
1 0.511881 0.407012 0.132673 0.067073
1 0.377228 0.406250 0.136634 0.068598
1 0.234653 0.404726 0.132673 0.065549
1 0.095050 0.400915 0.126733 0.060976
1 0.095545 0.463415 0.127723 0.057927
1 0.093564 0.520579 0.127723 0.065549
1 0.097030 0.582317 0.126733 0.057927
1 0.101980 0.644817 0.124752 0.057927
1 0.106931 0.712652 0.122772 0.065549
1 0.108911 0.774390 0.122772 0.064024
1 0.113861 0.830793 0.120792 0.060976
1 0.121782 0.890244 0.120792 0.070122
1 0.123267 0.945122 0.119802 0.064024
1 0.252475 0.949695 0.124752 0.054878
1 0.248515 0.891768 0.124752 0.060976
1 0.245545 0.833841 0.126733 0.060976
1 0.240594 0.772104 0.128713 0.068598
1 0.236634 0.716463 0.124752 0.070122
1 0.231683 0.650915 0.130693 0.067073
1 0.230693 0.588415 0.128713 0.064024
1 0.235644 0.528963 0.130693 0.067073
1 0.229703 0.466463 0.130693 0.064024
1 0.369307 0.471799 0.132673 0.059451
1 0.371287 0.536585 0.136634 0.064024
1 0.362871 0.598323 0.131683 0.068598
1 0.364851 0.654726 0.131683 0.071646
1 0.368317 0.724085 0.130693 0.067073
1 0.373267 0.785061 0.132673 0.060976
1 0.372277 0.842226 0.122772 0.062500
1 0.376238 0.901677 0.126733 0.056402
1 0.381188 0.955030 0.128713 0.050305
1 0.507921 0.471037 0.136634 0.064024
1 0.514851 0.535823 0.134653 0.059451
1 0.513366 0.597561 0.131683 0.057927
1 0.513861 0.657012 0.132673 0.060976
1 0.508416 0.722561 0.131683 0.070122
1 0.507921 0.787348 0.128713 0.056402
1 0.505941 0.846037 0.128713 0.051829
1 0.506931 0.900915 0.126733 0.057927
1 0.511881 0.957317 0.128713 0.048780
1 0.638614 0.956555 0.124752 0.047256
1 0.639604 0.844512 0.130693 0.054878
1 0.637624 0.901677 0.126733 0.053354
1 0.640594 0.724085 0.128713 0.064024
1 0.641089 0.785061 0.129703 0.057927
1 0.649010 0.598323 0.129703 0.056402
1 0.647525 0.658537 0.130693 0.057927
1 0.650495 0.534299 0.132673 0.062500
1 0.650000 0.472561 0.131683 0.057927
1 0.786139 0.474848 0.126733 0.059451
1 0.784653 0.536585 0.131683 0.057927
1 0.788614 0.596037 0.131683 0.057927
1 0.780198 0.656250 0.126733 0.056402
1 0.777228 0.723323 0.128713 0.062500
1 0.777228 0.784299 0.128713 0.056402
1 0.772277 0.843750 0.126733 0.059451
1 0.769802 0.902439 0.125743 0.051829
1 0.770297 0.954268 0.126733 0.054878
1 0.897030 0.952744 0.122772 0.048780
1 0.899505 0.897866 0.119802 0.051829
1 0.907921 0.843750 0.124752 0.053354
1 0.908911 0.782774 0.126733 0.059451
1 0.916832 0.718750 0.130693 0.065549
1 0.910396 0.660061 0.127723 0.054878
1 0.919802 0.600610 0.122772 0.064024
1 0.922277 0.539634 0.125743 0.064024
1 0.926733 0.474848 0.130693 0.071646
1 0.515327 0.063872 0.134851 0.066768
1 0.083921 0.058079 0.130119 0.069695
1 0.223485 0.058811 0.132020 0.068232
1 0.939188 0.068963 0.120693 0.071128
1 0.801030 0.074756 0.132950 0.068232
1 0.659129 0.068994 0.135782 0.068171
1 0.370108 0.063879 0.134842 0.072590